<Header>
User name: 
Location: airlock
# of Location: 3
Model: 1.109
Serial No.: 9G070015
Firmware revision: 12.30E
Software revision: 1178 V8-26 (18--12-2023)
Unit: ug/m3
C-factor: 1,00
Comment: test room aersol conditions
online data
<Data>
[d&t31.12.2035 11:50:55]	PM10 [ug/m3]	PM2,5 [ug/m3]	PM1 [ug/m3]	Inhalable [ug/m3]	Thoracic [ug/m3]	Alveolic [ug/m3]
14.08.2025 10:18:10	38,1	5,2	4,4	82,3	46,8	9,6
14.08.2025 10:18:16	47,8	6,4	4,6	53,8	41,0	10,9
14.08.2025 10:18:22	38,9	9,1	4,7	39,6	34,6	14,1
14.08.2025 10:18:28	14,2	5,6	4,5	14,2	13,3	7,3
14.08.2025 10:18:34	65,2	8,1	4,6	76,2	56,0	12,8
14.08.2025 10:18:40	32,6	7,7	4,7	33,0	29,4	11,6
14.08.2025 10:18:46	42,3	10,7	4,8	52,3	39,4	15,2
14.08.2025 10:18:52	51,2	11,1	4,9	78,9	51,8	15,5
14.08.2025 10:18:58	46,0	8,0	4,6	47,4	39,0	12,2
14.08.2025 10:19:04	34,5	7,8	4,5	34,9	31,3	12,8
14.08.2025 10:19:10	18,1	7,8	4,3	18,1	16,9	9,6
14.08.2025 10:19:16	26,8	6,9	4,7	27,1	23,9	9,5
14.08.2025 10:19:22	37,6	12,3	4,6	75,7	41,9	16,3
14.08.2025 10:19:28	22,1	8,0	4,6	80,1	28,1	11,9
14.08.2025 10:19:34	14,2	7,2	4,4	14,2	13,9	9,0
14.08.2025 10:19:40	30,7	6,9	4,5	36,1	27,8	9,8
14.08.2025 10:19:46	32,7	8,4	4,5	33,4	28,6	11,7
14.08.2025 10:19:52	18,4	11,9	4,8	18,4	18,3	14,0
14.08.2025 10:19:58	23,4	8,0	4,6	23,4	21,6	10,7
14.08.2025 10:20:04	35,7	5,0	4,6	40,7	31,9	8,1
14.08.2025 10:20:10	12,8	6,8	4,5	12,8	12,7	9,1
14.08.2025 10:20:16	36,5	5,0	4,2	68,6	39,6	8,6
14.08.2025 10:20:22	48,2	7,4	4,3	53,2	43,5	12,4
14.08.2025 10:20:28	25,1	6,2	4,5	30,5	22,6	8,6
14.08.2025 10:20:34	36,0	8,8	4,4	41,0	33,7	13,5
14.08.2025 10:20:40	23,0	6,9	4,6	61,1	28,9	10,6
14.08.2025 10:20:46	30,1	10,9	4,5	30,8	26,7	13,9
14.08.2025 10:20:52	21,4	6,7	4,7	59,1	28,3	10,2
14.08.2025 10:20:58	45,2	7,9	4,7	45,9	40,3	13,1
14.08.2025 10:21:04	33,5	10,0	4,8	60,6	37,5	13,3
14.08.2025 10:21:10	37,0	9,5	4,4	42,0	33,7	13,3
14.08.2025 10:21:16	28,1	5,3	4,5	33,1	26,1	8,6
14.08.2025 10:21:22	21,9	4,9	4,3	21,9	20,3	8,0
14.08.2025 10:21:28	38,0	8,0	4,5	60,8	38,9	11,0
14.08.2025 10:21:34	16,9	6,6	4,6	55,0	23,0	8,5
14.08.2025 10:21:40	31,9	8,0	4,6	37,3	28,6	10,6
14.08.2025 10:21:46	31,0	5,3	4,5	31,0	28,1	9,5
14.08.2025 10:21:52	28,9	8,7	4,5	29,2	26,6	12,5
14.08.2025 10:21:58	37,2	7,0	4,5	47,6	33,7	10,1
14.08.2025 10:22:04	34,3	7,6	4,7	35,0	30,0	11,2
14.08.2025 10:22:10	27,9	7,6	4,8	33,2	25,3	10,3
14.08.2025 10:22:16	23,5	8,6	4,8	23,5	22,1	11,5
14.08.2025 10:22:22	38,8	7,5	4,5	44,1	35,5	13,1
14.08.2025 10:22:28	29,5	8,3	4,4	29,5	28,2	13,8
14.08.2025 10:22:34	25,2	11,9	4,6	25,2	24,5	15,5
14.08.2025 10:22:40	28,8	5,7	4,5	29,2	24,5	7,0
14.08.2025 10:22:46	27,0	10,3	4,8	27,0	25,9	14,6
14.08.2025 10:22:52	16,8	5,4	4,5	16,8	16,2	8,3
14.08.2025 10:22:58	32,1	11,0	4,2	32,5	29,5	15,2
14.08.2025 10:23:04	59,6	11,2	4,8	75,3	53,5	16,4
14.08.2025 10:23:10	32,3	8,4	4,6	37,7	29,0	11,0
14.08.2025 10:23:16	37,2	8,4	4,7	42,5	33,4	11,7
14.08.2025 10:23:22	23,6	6,4	4,4	23,9	21,2	8,9
14.08.2025 10:23:28	39,3	7,7	4,5	44,7	36,0	12,7
14.08.2025 10:23:34	22,7	5,3	4,4	23,4	19,3	6,8
14.08.2025 10:23:40	11,1	5,9	4,4	11,1	11,0	8,2
14.08.2025 10:23:46	25,8	6,5	4,7	52,5	30,7	9,7
14.08.2025 10:23:52	23,6	5,2	4,4	23,9	21,6	9,2
14.08.2025 10:23:58	18,1	7,5	4,4	18,1	18,0	11,6
14.08.2025 10:24:04	16,5	6,5	4,4	16,5	16,1	9,3
14.08.2025 10:24:10	11,0	7,8	4,5	11,0	11,0	9,2
14.08.2025 10:24:16	23,1	8,8	4,9	23,1	22,1	12,4
14.08.2025 10:24:22	39,3	8,5	4,4	45,0	34,3	11,4
14.08.2025 10:24:28	16,5	5,6	4,4	21,5	15,6	6,8
14.08.2025 10:24:34	28,1	10,3	4,8	28,1	26,7	14,4
14.08.2025 10:24:40	18,6	5,3	4,6	23,6	17,6	6,9
14.08.2025 10:24:46	21,2	8,1	4,5	21,2	20,7	11,9
14.08.2025 10:24:52	34,6	7,4	4,5	39,9	31,1	11,0
14.08.2025 10:24:58	34,5	8,7	4,6	61,3	39,0	12,7
14.08.2025 10:25:04	22,3	7,8	4,4	22,3	21,1	11,2
14.08.2025 10:25:10	25,2	5,8	4,5	30,5	22,7	8,4
14.08.2025 10:25:16	32,2	8,8	4,3	37,6	29,6	12,9
14.08.2025 10:25:22	36,7	5,7	4,4	63,8	39,1	8,8
14.08.2025 10:25:28	25,5	6,6	4,7	25,8	23,5	10,8
14.08.2025 10:25:34	27,9	5,2	4,8	32,9	26,1	8,6
14.08.2025 10:25:40	12,3	5,6	4,5	12,3	12,0	7,6
14.08.2025 10:25:46	20,0	5,7	4,5	20,0	18,7	8,6
14.08.2025 10:25:52	32,7	8,4	4,5	32,7	29,2	11,3
14.08.2025 10:25:58	27,5	8,5	4,5	32,6	25,8	11,3
14.08.2025 10:26:04	31,7	5,9	4,3	37,1	28,9	10,0
14.08.2025 10:26:10	35,5	6,4	4,6	62,6	38,7	10,1
14.08.2025 10:26:16	35,7	8,1	4,4	41,0	32,0	11,3
14.08.2025 10:26:22	24,4	10,3	4,2	46,4	29,3	13,0
14.08.2025 10:26:28	26,1	8,6	4,5	31,1	24,7	11,4
14.08.2025 10:26:34	21,6	9,6	4,5	21,6	21,0	12,8
14.08.2025 10:26:40	18,0	5,1	4,3	18,0	16,8	7,8
14.08.2025 10:26:46	16,8	8,3	4,2	16,8	16,6	11,0
14.08.2025 10:26:52	19,3	6,1	4,7	41,1	25,2	9,1
14.08.2025 10:26:58	21,4	6,8	4,4	21,4	20,6	10,6
14.08.2025 10:27:04	21,8	5,3	4,2	21,8	20,5	8,8
14.08.2025 10:27:10	20,5	9,9	4,6	20,5	19,6	12,9
14.08.2025 10:27:16	38,7	7,6	4,4	48,7	35,5	10,5
14.08.2025 10:27:22	28,4	9,1	4,4	28,7	26,5	13,8
14.08.2025 10:27:28	22,2	7,2	4,6	59,9	28,8	11,2
14.08.2025 10:27:34	17,3	4,9	4,3	55,0	24,6	8,2
14.08.2025 10:27:40	17,2	6,8	4,6	17,2	16,2	9,0
14.08.2025 10:27:46	13,6	5,0	4,4	13,6	12,7	6,7
14.08.2025 10:27:52	29,0	6,3	4,2	39,1	27,2	9,2
14.08.2025 10:27:58	13,1	4,5	4,3	13,1	12,2	6,2
14.08.2025 10:28:04	19,0	6,5	4,3	19,0	18,3	9,7
14.08.2025 10:28:10	47,6	6,6	4,7	53,3	41,6	11,0
14.08.2025 10:28:16	32,6	7,9	4,3	37,6	30,1	11,8
14.08.2025 10:28:22	28,5	7,1	4,4	50,2	33,2	11,2
14.08.2025 10:28:28	20,2	9,7	4,6	41,9	26,5	12,9
14.08.2025 10:28:34	38,0	5,6	4,4	39,0	32,1	9,3
14.08.2025 10:28:40	27,5	7,6	4,3	27,5	25,6	11,0
14.08.2025 10:28:46	30,1	8,0	4,4	35,1	28,0	11,5
14.08.2025 10:28:52	36,9	6,6	4,3	51,9	34,3	10,0
14.08.2025 10:28:58	25,6	10,0	4,6	30,6	23,9	12,0
14.08.2025 10:29:04	18,7	7,7	4,4	77,0	23,9	9,5
14.08.2025 10:29:10	28,2	7,0	4,3	28,5	25,3	10,2
14.08.2025 10:29:16	20,2	8,3	4,7	20,2	19,6	11,5
14.08.2025 10:29:22	19,9	6,6	4,1	24,9	19,0	9,0
14.08.2025 10:29:28	22,6	5,3	4,1	22,9	20,5	8,5
14.08.2025 10:29:34	15,3	8,7	4,2	15,3	15,2	11,3
14.08.2025 10:29:40	16,1	4,6	4,4	16,1	15,6	8,0
14.08.2025 10:29:46	15,6	8,6	4,4	73,5	22,5	11,7
14.08.2025 10:29:52	22,4	6,1	4,4	22,8	20,3	8,9
14.08.2025 10:29:58	16,9	7,5	4,3	17,3	15,3	9,0
14.08.2025 10:30:04	16,8	6,9	4,1	16,8	16,3	9,6
14.08.2025 10:30:10	25,5	5,2	4,1	26,2	22,1	8,0
14.08.2025 10:30:16	27,3	10,4	4,6	27,7	25,4	13,7
14.08.2025 10:30:22	14,8	6,1	4,2	14,8	14,1	7,6
14.08.2025 10:30:28	28,2	7,5	4,5	28,2	26,5	11,8
14.08.2025 10:30:34	36,5	7,3	4,4	46,5	34,0	11,1
14.08.2025 10:30:40	32,0	8,3	4,4	32,3	29,2	12,3
14.08.2025 10:30:46	30,3	7,8	4,4	30,6	27,8	12,3
14.08.2025 10:30:52	24,8	8,8	4,6	25,1	22,7	11,8
14.08.2025 10:30:58	27,7	9,4	4,5	28,1	25,8	13,8
14.08.2025 10:31:04	28,6	7,6	4,4	28,6	26,8	12,2
14.08.2025 10:31:10	33,8	6,0	4,5	44,2	30,4	8,8
14.08.2025 10:31:16	21,1	7,1	4,3	21,1	20,0	9,9
14.08.2025 10:31:22	12,5	8,8	4,6	12,5	12,5	10,4
14.08.2025 10:31:28	35,2	6,7	4,1	40,9	31,0	10,3
14.08.2025 10:31:34	35,0	8,9	4,3	40,7	30,7	11,0
14.08.2025 10:31:40	47,5	10,6	4,7	57,9	43,2	15,3
14.08.2025 10:31:46	42,8	8,8	4,7	110,8	46,5	13,4
14.08.2025 10:31:52	30,5	6,9	4,5	90,0	42,7	11,0
14.08.2025 10:31:58	50,7	7,1	4,5	61,4	44,3	10,4
14.08.2025 10:32:04	25,5	8,2	3,8	83,8	30,1	10,8
14.08.2025 10:32:10	64,1	6,9	4,4	70,8	54,0	12,9
14.08.2025 10:32:16	19,7	6,5	3,2	46,4	25,4	8,3
14.08.2025 10:32:22	33,8	5,4	3,3	43,8	31,2	9,1
14.08.2025 10:32:28	19,2	3,7	3,2	24,3	17,9	5,3
14.08.2025 10:32:34	14,8	7,1	3,4	36,5	21,1	9,1
14.08.2025 10:32:40	29,2	8,1	3,2	156,1	39,7	12,1
14.08.2025 10:32:46	25,7	4,8	3,3	30,7	23,6	7,7
14.08.2025 10:32:52	23,4	5,4	3,1	23,7	20,8	8,2
14.08.2025 10:32:58	17,6	6,5	2,5	17,6	17,1	9,8
14.08.2025 10:33:04	34,0	4,1	2,7	87,4	44,9	7,6
14.08.2025 10:33:10	16,0	5,7	2,7	16,0	15,1	8,2
14.08.2025 10:33:16	32,2	7,2	2,9	42,3	30,1	10,2
14.08.2025 10:33:22	29,4	5,3	2,9	29,7	26,1	8,4
14.08.2025 10:33:28	10,4	3,3	2,1	10,4	9,5	4,4
14.08.2025 10:33:34	26,2	5,3	2,0	26,9	22,5	7,7
14.08.2025 10:33:40	19,4	2,0	2,0	24,7	16,8	3,4
14.08.2025 10:33:46	35,3	3,2	2,0	45,7	31,3	5,8
14.08.2025 10:33:52	2,2	2,2	1,9	2,2	2,2	2,2
14.08.2025 10:33:58	11,1	2,8	1,7	11,1	10,6	4,8
14.08.2025 10:34:04	17,3	2,5	1,6	22,6	14,8	3,1
14.08.2025 10:34:10	23,0	3,5	1,5	33,0	21,3	5,3
14.08.2025 10:34:16	4,2	1,7	1,4	4,2	4,1	2,5
14.08.2025 10:34:22	7,4	3,3	1,5	29,1	14,0	4,3
14.08.2025 10:34:28	11,5	1,8	1,4	16,5	10,5	2,5
14.08.2025 10:34:34	16,2	1,4	1,2	21,2	14,5	2,6
14.08.2025 10:34:40	1,4	1,4	1,3	1,4	1,4	1,4
14.08.2025 10:34:46	1,1	1,1	1,1	1,1	1,1	1,1
14.08.2025 10:34:52	1,0	1,0	0,9	1,0	1,0	1,0
14.08.2025 10:34:58	1,1	1,1	0,8	1,1	1,1	1,1
14.08.2025 10:35:04	2,4	1,4	0,8	2,4	2,4	1,8
14.08.2025 10:35:10	1,1	1,1	0,9	1,1	1,1	1,1
14.08.2025 10:35:16	16,3	1,1	1,0	17,0	13,0	2,4
14.08.2025 10:35:22	4,0	1,0	0,7	4,0	4,0	2,4
14.08.2025 10:35:28	0,6	0,6	0,6	0,6	0,6	0,6
14.08.2025 10:35:34	8,5	1,0	0,7	8,8	6,8	1,6
14.08.2025 10:35:40	2,2	1,3	0,7	2,2	2,2	1,7
14.08.2025 10:35:46	10,2	2,7	0,8	10,2	9,8	4,7
14.08.2025 10:35:52	6,5	1,7	0,7	6,5	5,7	2,1
14.08.2025 10:35:58	0,8	0,8	0,5	0,8	0,8	0,8
14.08.2025 10:36:04	1,2	1,2	0,7	1,2	1,2	1,2
14.08.2025 10:36:10	0,6	0,6	0,6	0,6	0,6	0,6
14.08.2025 10:36:16	0,5	0,5	0,5	0,5	0,5	0,5
14.08.2025 10:36:22	0,6	0,6	0,6	0,6	0,6	0,6
14.08.2025 10:36:28	0,8	0,8	0,5	0,8	0,8	0,8
14.08.2025 10:36:34	1,1	0,9	0,4	1,1	1,1	1,0
14.08.2025 10:36:40	0,7	0,7	0,4	0,7	0,7	0,6
14.08.2025 10:36:46	0,4	0,4	0,4	0,4	0,4	0,4
14.08.2025 10:36:52	0,7	0,7	0,4	0,7	0,7	0,6
14.08.2025 10:36:58	0,4	0,4	0,4	0,4	0,4	0,4
14.08.2025 10:37:04	1,2	1,0	0,5	1,2	1,2	1,1
14.08.2025 10:37:10	1,1	0,9	0,3	1,1	1,1	1,0
14.08.2025 10:37:16	0,6	0,6	0,3	0,6	0,6	0,5
14.08.2025 10:37:22	0,3	0,3	0,3	0,3	0,3	0,3
14.08.2025 10:37:28	0,3	0,3	0,3	0,3	0,3	0,3
14.08.2025 10:37:34	3,8	0,7	0,4	3,8	3,5	1,1
14.08.2025 10:37:40	0,2	0,2	0,2	0,2	0,2	0,2
14.08.2025 10:37:46	1,0	0,8	0,2	1,0	1,0	0,9
14.08.2025 10:37:52	1,0	0,8	0,3	1,0	1,0	0,9
14.08.2025 10:37:58	0,3	0,3	0,2	0,3	0,3	0,3
14.08.2025 10:38:04	0,3	0,3	0,3	0,3	0,3	0,3
14.08.2025 10:38:10	0,3	0,3	0,3	0,3	0,3	0,3
14.08.2025 10:38:16	0,2	0,2	0,2	0,2	0,2	0,2
14.08.2025 10:38:22	1,0	0,8	0,3	1,0	1,0	0,9
14.08.2025 10:38:28	0,4	0,4	0,2	0,4	0,4	0,4
14.08.2025 10:38:34	0,3	0,3	0,3	0,3	0,3	0,3
14.08.2025 10:38:40	0,2	0,2	0,2	0,2	0,2	0,2
14.08.2025 10:38:46	0,3	0,3	0,3	0,3	0,3	0,3
14.08.2025 10:38:52	1,9	1,4	0,2	1,9	1,9	1,6
14.08.2025 10:38:58	0,2	0,2	0,2	0,2	0,2	0,2
14.08.2025 10:39:04	0,2	0,2	0,2	0,2	0,2	0,2
14.08.2025 10:39:10	1,1	1,0	0,2	1,1	1,1	1,1
14.08.2025 10:39:16	0,2	0,2	0,2	0,2	0,2	0,2
14.08.2025 10:39:22	0,1	0,1	0,1	0,1	0,1	0,1
14.08.2025 10:39:28	0,4	0,4	0,2	0,4	0,4	0,4
14.08.2025 10:39:34	0,7	0,6	0,2	0,7	0,7	0,6
14.08.2025 10:39:40	0,4	0,4	0,1	0,4	0,4	0,4
14.08.2025 10:39:46	0,2	0,2	0,2	0,2	0,2	0,2
14.08.2025 10:39:52	0,2	0,2	0,2	0,2	0,2	0,2
14.08.2025 10:39:58	4,4	1,1	0,1	4,4	4,1	1,6
14.08.2025 10:40:04	0,1	0,1	0,1	0,1	0,1	0,1
14.08.2025 10:40:10	0,3	0,3	0,3	0,3	0,3	0,3
14.08.2025 10:40:16	0,1	0,1	0,1	0,1	0,1	0,1
14.08.2025 10:40:22	0,2	0,2	0,2	0,2	0,2	0,2
14.08.2025 10:40:28	0,8	0,7	0,1	0,8	0,8	0,7
14.08.2025 10:40:34	0,2	0,2	0,2	0,2	0,2	0,2
14.08.2025 10:40:40	0,6	0,6	0,1	0,6	0,6	0,6
14.08.2025 10:40:46	0,3	0,3	0,3	0,3	0,3	0,3
14.08.2025 10:40:52	0,2	0,2	0,2	0,2	0,2	0,2
14.08.2025 10:40:58	0,9	0,8	0,3	0,9	0,9	0,9
14.08.2025 10:41:04	0,5	0,5	0,2	0,5	0,5	0,5
14.08.2025 10:41:10	0,2	0,2	0,2	0,2	0,2	0,2
14.08.2025 10:41:16	0,1	0,1	0,1	0,1	0,1	0,1
14.08.2025 10:41:22	0,1	0,1	0,1	0,1	0,1	0,1
14.08.2025 10:41:28	0,1	0,1	0,1	0,1	0,1	0,1
14.08.2025 10:41:34	0,1	0,1	0,1	0,1	0,1	0,1
14.08.2025 10:41:40	0,1	0,1	0,1	0,1	0,1	0,1
14.08.2025 10:41:46	0,2	0,2	0,2	0,2	0,2	0,2
14.08.2025 10:41:52	0,1	0,1	0,1	0,1	0,1	0,1
14.08.2025 10:41:58	0,1	0,1	0,1	0,1	0,1	0,1
14.08.2025 10:42:04	0,1	0,1	0,1	0,1	0,1	0,1
14.08.2025 10:42:10	0,2	0,2	0,2	0,2	0,2	0,2
14.08.2025 10:42:16	0,2	0,2	0,2	0,2	0,2	0,2
14.08.2025 10:42:22	0,2	0,2	0,2	0,2	0,2	0,2
14.08.2025 10:42:28	0,6	0,6	0,1	0,6	0,6	0,6
14.08.2025 10:42:34	0,2	0,2	0,2	0,2	0,2	0,2
14.08.2025 10:42:40	0,2	0,2	0,2	0,2	0,2	0,2
14.08.2025 10:42:46	0,1	0,1	0,1	0,1	0,1	0,1
14.08.2025 10:42:52	0,8	0,7	0,1	0,8	0,8	0,7
14.08.2025 10:42:58	0,1	0,1	0,1	0,1	0,1	0,1
14.08.2025 10:43:04	0,1	0,1	0,1	0,1	0,1	0,1
14.08.2025 10:43:10	0,2	0,2	0,2	0,2	0,2	0,2
14.08.2025 10:43:16	0,4	0,4	0,2	0,4	0,4	0,4
14.08.2025 10:43:22	0,7	0,6	0,1	0,7	0,7	0,7
14.08.2025 10:43:28	0,4	0,4	0,1	0,4	0,4	0,4
14.08.2025 10:43:34	0,1	0,1	0,1	0,1	0,1	0,1
14.08.2025 10:43:40	0,2	0,2	0,2	0,2	0,2	0,2
14.08.2025 10:43:46	0,0	0,0	0,0	0,0	0,0	0,0
14.08.2025 10:43:52	0,2	0,2	0,2	0,2	0,2	0,2
14.08.2025 10:43:58	0,1	0,1	0,1	0,1	0,1	0,1
14.08.2025 10:44:04	0,2	0,2	0,2	0,2	0,2	0,2
14.08.2025 10:44:10	0,1	0,1	0,1	0,1	0,1	0,1
14.08.2025 10:44:16	0,1	0,1	0,1	0,1	0,1	0,1
14.08.2025 10:44:22	0,1	0,1	0,1	0,1	0,1	0,1
14.08.2025 10:44:28	0,1	0,1	0,1	0,1	0,1	0,1
14.08.2025 10:44:34	0,1	0,1	0,1	0,1	0,1	0,1
14.08.2025 10:44:40	0,1	0,1	0,1	0,1	0,1	0,1
14.08.2025 10:44:46	0,1	0,1	0,1	0,1	0,1	0,1
14.08.2025 10:44:52	0,1	0,1	0,1	0,1	0,1	0,1
14.08.2025 10:44:58	0,1	0,1	0,1	0,1	0,1	0,1
14.08.2025 10:45:04	0,1	0,1	0,1	0,1	0,1	0,1
14.08.2025 10:45:10	0,1	0,1	0,1	0,1	0,1	0,1
14.08.2025 10:45:16	0,1	0,1	0,1	0,1	0,1	0,1
14.08.2025 10:45:22	0,1	0,1	0,1	0,1	0,1	0,1
14.08.2025 10:45:28	0,1	0,1	0,1	0,1	0,1	0,1
14.08.2025 10:45:34	0,1	0,1	0,1	0,1	0,1	0,1
14.08.2025 10:45:40	0,1	0,1	0,1	0,1	0,1	0,1
14.08.2025 10:45:46	0,1	0,1	0,1	0,1	0,1	0,1
14.08.2025 10:45:52	0,1	0,1	0,1	0,1	0,1	0,1
14.08.2025 10:45:58	0,1	0,1	0,1	0,1	0,1	0,1
14.08.2025 10:46:04	0,1	0,1	0,1	0,1	0,1	0,1
14.08.2025 10:46:10	0,8	0,7	0,1	0,8	0,8	0,7
14.08.2025 10:46:16	0,1	0,1	0,1	0,1	0,1	0,1
14.08.2025 10:46:22	0,1	0,1	0,1	0,1	0,1	0,1
14.08.2025 10:46:28	0,1	0,1	0,1	0,1	0,1	0,1
14.08.2025 10:46:34	0,1	0,1	0,1	0,1	0,1	0,1
14.08.2025 10:46:40	0,0	0,0	0,0	0,0	0,0	0,0
14.08.2025 10:46:46	0,1	0,1	0,1	0,1	0,1	0,1
14.08.2025 10:46:52	0,1	0,1	0,1	0,1	0,1	0,1
14.08.2025 10:46:58	0,1	0,1	0,1	0,1	0,1	0,1
14.08.2025 10:47:04	0,1	0,1	0,1	0,1	0,1	0,1
14.08.2025 10:47:10	0,2	0,2	0,2	0,2	0,2	0,2
14.08.2025 10:47:16	0,1	0,1	0,1	0,1	0,1	0,1
14.08.2025 10:47:22	0,1	0,1	0,1	0,1	0,1	0,1
14.08.2025 10:47:28	0,1	0,1	0,1	0,1	0,1	0,1
14.08.2025 10:47:34	0,1	0,1	0,1	0,1	0,1	0,1
14.08.2025 10:47:40	0,1	0,1	0,1	0,1	0,1	0,1
14.08.2025 10:47:46	0,4	0,4	0,1	0,4	0,4	0,4
14.08.2025 10:47:52	0,1	0,1	0,1	0,1	0,1	0,1
14.08.2025 10:47:58	0,4	0,4	0,1	0,4	0,4	0,4
14.08.2025 10:48:04	0,1	0,1	0,1	0,1	0,1	0,1
14.08.2025 10:48:10	0,2	0,2	0,2	0,2	0,2	0,2
14.08.2025 10:48:16	0,1	0,1	0,1	0,1	0,1	0,1
14.08.2025 10:48:22	0,1	0,1	0,1	0,1	0,1	0,1
14.08.2025 10:48:28	0,1	0,1	0,1	0,1	0,1	0,1
14.08.2025 10:48:34	0,1	0,1	0,1	0,1	0,1	0,1
14.08.2025 10:48:40	0,1	0,1	0,1	0,1	0,1	0,1
14.08.2025 10:48:46	0,2	0,2	0,2	0,2	0,2	0,2
14.08.2025 10:48:52	0,1	0,1	0,1	0,1	0,1	0,1
14.08.2025 10:48:58	0,1	0,1	0,1	0,1	0,1	0,1
14.08.2025 10:49:04	0,2	0,2	0,2	0,2	0,2	0,2
14.08.2025 10:49:10	0,1	0,1	0,1	0,1	0,1	0,1
14.08.2025 10:49:16	0,1	0,1	0,1	0,1	0,1	0,1
14.08.2025 10:49:22	0,1	0,1	0,1	0,1	0,1	0,1
14.08.2025 10:49:28	0,2	0,2	0,1	0,2	0,2	0,2
14.08.2025 10:49:34	0,1	0,1	0,1	0,1	0,1	0,1
14.08.2025 10:49:40	0,1	0,1	0,1	0,1	0,1	0,1
14.08.2025 10:49:46	0,1	0,1	0,1	0,1	0,1	0,1
14.08.2025 10:49:52	0,1	0,1	0,1	0,1	0,1	0,1
14.08.2025 10:49:58	0,1	0,1	0,1	0,1	0,1	0,1
14.08.2025 10:50:04	0,1	0,1	0,1	0,1	0,1	0,1
14.08.2025 10:50:10	0,1	0,1	0,1	0,1	0,1	0,1
14.08.2025 10:50:16	0,1	0,1	0,1	0,1	0,1	0,1
14.08.2025 10:50:22	0,0	0,0	0,0	0,0	0,0	0,0
14.08.2025 10:50:28	0,2	0,2	0,2	0,2	0,2	0,2
14.08.2025 10:50:34	0,1	0,1	0,1	0,1	0,1	0,1
14.08.2025 10:50:40	0,3	0,3	0,1	0,3	0,3	0,3
14.08.2025 10:50:46	0,1	0,1	0,1	0,1	0,1	0,1
14.08.2025 10:50:52	0,1	0,1	0,1	0,1	0,1	0,1
14.08.2025 10:50:58	0,0	0,0	0,0	0,0	0,0	0,0
14.08.2025 10:51:04	0,3	0,3	0,1	0,3	0,3	0,3
14.08.2025 10:51:10	0,1	0,1	0,1	0,1	0,1	0,1
14.08.2025 10:51:16	0,7	0,6	0,1	0,7	0,7	0,7
14.08.2025 10:51:22	0,1	0,1	0,1	0,1	0,1	0,1
14.08.2025 10:51:28	0,1	0,1	0,1	0,1	0,1	0,1
14.08.2025 10:51:34	0,1	0,1	0,1	0,1	0,1	0,1
14.08.2025 10:51:40	0,1	0,1	0,1	0,1	0,1	0,1
14.08.2025 10:51:46	0,1	0,1	0,1	0,1	0,1	0,1
14.08.2025 10:51:52	0,1	0,1	0,1	0,1	0,1	0,1
14.08.2025 10:51:58	0,2	0,2	0,2	0,2	0,2	0,2
14.08.2025 10:52:04	0,3	0,3	0,3	0,3	0,3	0,3
14.08.2025 10:52:10	0,1	0,1	0,1	0,1	0,1	0,1
14.08.2025 10:52:16	0,2	0,2	0,2	0,2	0,2	0,2
14.08.2025 10:52:22	0,1	0,1	0,1	0,1	0,1	0,1
14.08.2025 10:52:28	0,2	0,2	0,2	0,2	0,2	0,2
14.08.2025 10:52:34	0,2	0,2	0,2	0,2	0,2	0,2
14.08.2025 10:52:40	0,2	0,2	0,2	0,2	0,2	0,2
14.08.2025 10:52:46	0,1	0,1	0,1	0,1	0,1	0,1
14.08.2025 10:52:52	0,1	0,1	0,1	0,1	0,1	0,1
14.08.2025 10:52:58	0,1	0,1	0,1	0,1	0,1	0,1
14.08.2025 10:53:04	0,1	0,1	0,1	0,1	0,1	0,1
14.08.2025 10:53:10	0,1	0,1	0,1	0,1	0,1	0,1
14.08.2025 10:53:16	0,1	0,1	0,1	0,1	0,1	0,1
14.08.2025 10:53:22	0,1	0,1	0,1	0,1	0,1	0,1
14.08.2025 10:53:28	0,1	0,1	0,1	0,1	0,1	0,1
14.08.2025 10:53:34	0,2	0,2	0,2	0,2	0,2	0,2
14.08.2025 10:53:40	0,1	0,1	0,1	0,1	0,1	0,1
14.08.2025 10:53:46	0,1	0,1	0,1	0,1	0,1	0,1
14.08.2025 10:53:52	0,1	0,1	0,1	0,1	0,1	0,1
14.08.2025 10:53:58	0,1	0,1	0,1	0,1	0,1	0,1
14.08.2025 10:54:04	0,1	0,1	0,1	0,1	0,1	0,1
14.08.2025 10:54:10	0,1	0,1	0,1	0,1	0,1	0,1
14.08.2025 10:54:16	0,1	0,1	0,1	0,1	0,1	0,1
14.08.2025 10:54:22	0,1	0,1	0,1	0,1	0,1	0,1
14.08.2025 10:54:28	0,1	0,1	0,1	0,1	0,1	0,1
14.08.2025 10:54:34	0,1	0,1	0,1	0,1	0,1	0,1
14.08.2025 10:54:40	0,1	0,1	0,1	0,1	0,1	0,1
14.08.2025 10:54:46	0,1	0,1	0,1	0,1	0,1	0,1
14.08.2025 10:54:52	0,2	0,2	0,2	0,2	0,2	0,2
14.08.2025 10:54:58	0,2	0,2	0,2	0,2	0,2	0,2
14.08.2025 10:55:04	0,1	0,1	0,1	0,1	0,1	0,1
14.08.2025 10:55:10	0,1	0,1	0,1	0,1	0,1	0,1
14.08.2025 10:55:16	0,1	0,1	0,1	0,1	0,1	0,1
14.08.2025 10:55:22	0,1	0,1	0,1	0,1	0,1	0,1
14.08.2025 10:55:28	0,1	0,1	0,1	0,1	0,1	0,1
14.08.2025 10:55:34	0,1	0,1	0,1	0,1	0,1	0,1
14.08.2025 10:55:40	0,1	0,1	0,1	0,1	0,1	0,1
14.08.2025 10:55:46	0,1	0,1	0,1	0,1	0,1	0,1
14.08.2025 10:55:52	0,1	0,1	0,1	0,1	0,1	0,1
14.08.2025 10:55:58	0,1	0,1	0,1	0,1	0,1	0,1
14.08.2025 10:56:04	0,8	0,7	0,1	0,8	0,8	0,7
14.08.2025 10:56:10	0,1	0,1	0,1	0,1	0,1	0,1
14.08.2025 10:56:16	0,1	0,1	0,1	0,1	0,1	0,1
14.08.2025 10:56:22	0,1	0,1	0,1	0,1	0,1	0,1
14.08.2025 10:56:28	0,1	0,1	0,1	0,1	0,1	0,1
14.08.2025 10:56:34	0,1	0,1	0,1	0,1	0,1	0,1
14.08.2025 10:56:40	0,8	0,7	0,1	0,8	0,8	0,7
14.08.2025 10:56:46	0,1	0,1	0,1	0,1	0,1	0,1
14.08.2025 10:56:52	0,1	0,1	0,1	0,1	0,1	0,1
14.08.2025 10:56:58	0,1	0,1	0,1	0,1	0,1	0,1
14.08.2025 10:57:04	0,1	0,1	0,1	0,1	0,1	0,1
14.08.2025 10:57:10	0,1	0,1	0,1	0,1	0,1	0,1
14.08.2025 10:57:16	0,1	0,1	0,1	0,1	0,1	0,1
14.08.2025 10:57:22	0,1	0,1	0,1	0,1	0,1	0,1
14.08.2025 10:57:28	0,2	0,2	0,2	0,2	0,2	0,2
14.08.2025 10:57:34	0,1	0,1	0,1	0,1	0,1	0,1
14.08.2025 10:57:40	0,1	0,1	0,1	0,1	0,1	0,1
14.08.2025 10:57:46	0,1	0,1	0,1	0,1	0,1	0,1
14.08.2025 10:57:52	0,1	0,1	0,1	0,1	0,1	0,1
14.08.2025 10:57:58	0,1	0,1	0,1	0,1	0,1	0,1
14.08.2025 10:58:04	0,1	0,1	0,1	0,1	0,1	0,1
14.08.2025 10:58:10	0,1	0,1	0,1	0,1	0,1	0,1
14.08.2025 10:58:16	0,1	0,1	0,1	0,1	0,1	0,1
14.08.2025 10:58:22	0,1	0,1	0,1	0,1	0,1	0,1
14.08.2025 10:58:28	0,1	0,1	0,1	0,1	0,1	0,1
14.08.2025 10:58:34	0,1	0,1	0,1	0,1	0,1	0,1
14.08.2025 10:58:40	0,1	0,1	0,1	0,1	0,1	0,1
14.08.2025 10:58:46	0,1	0,1	0,1	0,1	0,1	0,1
14.08.2025 10:58:52	0,1	0,1	0,1	0,1	0,1	0,1
14.08.2025 10:58:58	0,1	0,1	0,1	0,1	0,1	0,1
14.08.2025 10:59:04	0,2	0,2	0,1	0,2	0,2	0,2
14.08.2025 10:59:10	0,1	0,1	0,1	0,1	0,1	0,1
14.08.2025 10:59:16	0,1	0,1	0,1	0,1	0,1	0,1
14.08.2025 10:59:22	0,1	0,1	0,1	0,1	0,1	0,1
14.08.2025 10:59:28	0,1	0,1	0,1	0,1	0,1	0,1
14.08.2025 10:59:34	0,1	0,1	0,1	0,1	0,1	0,1
14.08.2025 10:59:40	0,1	0,1	0,1	0,1	0,1	0,1
14.08.2025 10:59:46	0,0	0,0	0,0	0,0	0,0	0,0
14.08.2025 10:59:52	0,1	0,1	0,1	0,1	0,1	0,1
14.08.2025 10:59:58	0,1	0,1	0,1	0,1	0,1	0,1
14.08.2025 11:00:04	0,1	0,1	0,1	0,1	0,1	0,1
14.08.2025 11:00:10	0,1	0,1	0,1	0,1	0,1	0,1
14.08.2025 11:00:16	0,1	0,1	0,1	0,1	0,1	0,1
14.08.2025 11:00:22	0,1	0,1	0,1	0,1	0,1	0,1
14.08.2025 11:00:28	0,1	0,1	0,1	0,1	0,1	0,1
14.08.2025 11:00:34	0,1	0,1	0,1	0,1	0,1	0,1
14.08.2025 11:00:40	0,1	0,1	0,1	0,1	0,1	0,1
14.08.2025 11:00:46	0,1	0,1	0,1	0,1	0,1	0,1
14.08.2025 11:00:52	0,1	0,1	0,1	0,1	0,1	0,1
14.08.2025 11:00:58	0,1	0,1	0,1	0,1	0,1	0,1
14.08.2025 11:01:04	0,1	0,1	0,1	0,1	0,1	0,1
14.08.2025 11:01:10	0,1	0,1	0,1	0,1	0,1	0,1
14.08.2025 11:01:16	0,1	0,1	0,1	0,1	0,1	0,1
14.08.2025 11:01:22	0,1	0,1	0,1	0,1	0,1	0,1
14.08.2025 11:01:28	0,2	0,2	0,2	0,2	0,2	0,2
14.08.2025 11:01:34	0,3	0,3	0,3	0,3	0,3	0,3
14.08.2025 11:01:40	0,1	0,1	0,1	0,1	0,1	0,1
14.08.2025 11:01:46	0,8	0,7	0,2	0,8	0,8	0,8
14.08.2025 11:01:52	0,2	0,2	0,2	0,2	0,2	0,2
14.08.2025 11:01:58	0,1	0,1	0,1	0,1	0,1	0,1
14.08.2025 11:02:04	0,1	0,1	0,1	0,1	0,1	0,1
14.08.2025 11:02:10	0,2	0,2	0,2	0,2	0,2	0,2
14.08.2025 11:02:16	0,1	0,1	0,1	0,1	0,1	0,1
14.08.2025 11:02:22	0,2	0,2	0,2	0,2	0,2	0,2
14.08.2025 11:02:28	0,1	0,1	0,1	0,1	0,1	0,1
14.08.2025 11:02:34	0,1	0,1	0,1	0,1	0,1	0,1
14.08.2025 11:02:40	0,1	0,1	0,1	0,1	0,1	0,1
14.08.2025 11:02:46	0,1	0,1	0,1	0,1	0,1	0,1
14.08.2025 11:02:52	0,1	0,1	0,1	0,1	0,1	0,1
14.08.2025 11:02:58	1,4	0,5	0,1	1,4	1,4	0,9
14.08.2025 11:03:04	0,0	0,0	0,0	0,0	0,0	0,0
14.08.2025 11:03:10	0,1	0,1	0,1	0,1	0,1	0,1
14.08.2025 11:03:16	0,1	0,1	0,1	0,1	0,1	0,1
14.08.2025 11:03:22	0,0	0,0	0,0	0,0	0,0	0,0
14.08.2025 11:03:28	0,3	0,3	0,1	0,3	0,3	0,3
14.08.2025 11:03:34	0,1	0,1	0,1	0,1	0,1	0,1
14.08.2025 11:03:40	0,2	0,2	0,2	0,2	0,2	0,2
14.08.2025 11:03:46	0,1	0,1	0,1	0,1	0,1	0,1
14.08.2025 11:03:52	0,1	0,1	0,1	0,1	0,1	0,1
14.08.2025 11:03:58	0,1	0,1	0,1	0,1	0,1	0,1
14.08.2025 11:04:04	0,1	0,1	0,1	0,1	0,1	0,1
14.08.2025 11:04:10	0,1	0,1	0,1	0,1	0,1	0,1
14.08.2025 11:04:16	0,1	0,1	0,1	0,1	0,1	0,1
14.08.2025 11:04:22	0,1	0,1	0,1	0,1	0,1	0,1
14.08.2025 11:04:28	0,1	0,1	0,1	0,1	0,1	0,1
14.08.2025 11:04:34	0,1	0,1	0,1	0,1	0,1	0,1
14.08.2025 11:04:40	0,0	0,0	0,0	0,0	0,0	0,0
14.08.2025 11:04:46	0,1	0,1	0,1	0,1	0,1	0,1
14.08.2025 11:04:52	0,1	0,1	0,1	0,1	0,1	0,1
14.08.2025 11:04:58	0,1	0,1	0,1	0,1	0,1	0,1
14.08.2025 11:05:04	0,1	0,1	0,1	0,1	0,1	0,1
14.08.2025 11:05:10	0,1	0,1	0,1	0,1	0,1	0,1
14.08.2025 11:05:16	0,1	0,1	0,1	0,1	0,1	0,1
14.08.2025 11:05:22	0,2	0,2	0,2	0,2	0,2	0,2
14.08.2025 11:05:28	0,1	0,1	0,1	0,1	0,1	0,1
14.08.2025 11:05:34	0,2	0,2	0,2	0,2	0,2	0,2
14.08.2025 11:05:40	0,1	0,1	0,1	0,1	0,1	0,1
14.08.2025 11:05:46	0,8	0,7	0,1	0,8	0,8	0,7
14.08.2025 11:05:52	0,2	0,2	0,2	0,2	0,2	0,2
14.08.2025 11:05:58	0,1	0,1	0,1	0,1	0,1	0,1
14.08.2025 11:06:04	0,1	0,1	0,1	0,1	0,1	0,1
14.08.2025 11:06:10	0,0	0,0	0,0	0,0	0,0	0,0
14.08.2025 11:06:16	0,6	0,5	0,1	0,6	0,6	0,5
14.08.2025 11:06:22	0,1	0,1	0,1	0,1	0,1	0,1
14.08.2025 11:06:28	0,1	0,1	0,1	0,1	0,1	0,1
14.08.2025 11:06:34	0,0	0,0	0,0	0,0	0,0	0,0
14.08.2025 11:06:40	0,1	0,1	0,1	0,1	0,1	0,1
14.08.2025 11:06:46	0,1	0,1	0,1	0,1	0,1	0,1
14.08.2025 11:06:52	0,1	0,1	0,1	0,1	0,1	0,1
14.08.2025 11:06:58	0,1	0,1	0,1	0,1	0,1	0,1
14.08.2025 11:07:04	0,1	0,1	0,1	0,1	0,1	0,1
14.08.2025 11:07:10	0,0	0,0	0,0	0,0	0,0	0,0
14.08.2025 11:07:16	0,1	0,1	0,1	0,1	0,1	0,1
14.08.2025 11:07:22	0,0	0,0	0,0	0,0	0,0	0,0
14.08.2025 11:07:28	0,1	0,1	0,1	0,1	0,1	0,1
14.08.2025 11:07:34	0,1	0,1	0,1	0,1	0,1	0,1
14.08.2025 11:07:40	0,1	0,1	0,1	0,1	0,1	0,1
14.08.2025 11:07:46	0,6	0,6	0,1	0,6	0,6	0,6
14.08.2025 11:07:52	0,1	0,1	0,1	0,1	0,1	0,1
14.08.2025 11:07:58	0,1	0,1	0,1	0,1	0,1	0,1
14.08.2025 11:08:04	0,1	0,1	0,1	0,1	0,1	0,1
14.08.2025 11:08:10	0,1	0,1	0,1	0,1	0,1	0,1
14.08.2025 11:08:16	0,1	0,1	0,1	0,1	0,1	0,1
14.08.2025 11:08:22	0,1	0,1	0,1	0,1	0,1	0,1
14.08.2025 11:08:28	0,1	0,1	0,1	0,1	0,1	0,1
14.08.2025 11:08:34	0,1	0,1	0,1	0,1	0,1	0,1
14.08.2025 11:08:40	0,1	0,1	0,1	0,1	0,1	0,1
14.08.2025 11:08:46	0,1	0,1	0,1	0,1	0,1	0,1
14.08.2025 11:08:52	0,1	0,1	0,1	0,1	0,1	0,1
14.08.2025 11:08:58	0,2	0,2	0,2	0,2	0,2	0,2
14.08.2025 11:09:04	0,2	0,2	0,2	0,2	0,2	0,2
14.08.2025 11:09:10	0,0	0,0	0,0	0,0	0,0	0,0
14.08.2025 11:09:16	0,1	0,1	0,1	0,1	0,1	0,1
14.08.2025 11:09:22	0,1	0,1	0,1	0,1	0,1	0,1
14.08.2025 11:09:28	0,1	0,1	0,1	0,1	0,1	0,1
14.08.2025 11:09:34	0,1	0,1	0,1	0,1	0,1	0,1
14.08.2025 11:09:40	0,3	0,3	0,1	0,3	0,3	0,3
14.08.2025 11:09:46	0,5	0,5	0,0	0,5	0,5	0,5
14.08.2025 11:09:52	0,2	0,2	0,1	0,2	0,2	0,2
14.08.2025 11:09:58	0,1	0,1	0,1	0,1	0,1	0,1
14.08.2025 11:10:04	1,6	1,3	0,1	1,6	1,6	1,4
14.08.2025 11:10:10	0,1	0,1	0,1	0,1	0,1	0,1
14.08.2025 11:10:16	0,1	0,1	0,1	0,1	0,1	0,1
14.08.2025 11:10:22	0,1	0,1	0,1	0,1	0,1	0,1
14.08.2025 11:10:28	0,1	0,1	0,1	0,1	0,1	0,1
14.08.2025 11:10:34	0,1	0,1	0,1	0,1	0,1	0,1
14.08.2025 11:10:40	0,1	0,1	0,1	0,1	0,1	0,1
14.08.2025 11:10:46	0,1	0,1	0,1	0,1	0,1	0,1
14.08.2025 11:10:52	0,1	0,1	0,1	0,1	0,1	0,1
14.08.2025 11:10:58	0,1	0,1	0,1	0,1	0,1	0,1
14.08.2025 11:11:04	0,1	0,1	0,1	0,1	0,1	0,1
14.08.2025 11:11:10	0,0	0,0	0,0	0,0	0,0	0,0
14.08.2025 11:11:16	0,1	0,1	0,1	0,1	0,1	0,1
14.08.2025 11:11:22	0,1	0,1	0,1	0,1	0,1	0,1
14.08.2025 11:11:28	0,1	0,1	0,1	0,1	0,1	0,1
14.08.2025 11:11:34	0,1	0,1	0,1	0,1	0,1	0,1
14.08.2025 11:11:40	0,1	0,1	0,1	0,1	0,1	0,1
14.08.2025 11:11:46	0,1	0,1	0,1	0,1	0,1	0,1
14.08.2025 11:11:52	0,1	0,1	0,1	0,1	0,1	0,1
14.08.2025 11:11:58	0,0	0,0	0,0	0,0	0,0	0,0
14.08.2025 11:12:04	0,1	0,1	0,1	0,1	0,1	0,1
14.08.2025 11:12:10	0,0	0,0	0,0	0,0	0,0	0,0
14.08.2025 11:12:16	0,1	0,1	0,1	0,1	0,1	0,1
14.08.2025 11:12:22	0,1	0,1	0,1	0,1	0,1	0,1
14.08.2025 11:12:28	0,0	0,0	0,0	0,0	0,0	0,0
14.08.2025 11:12:34	0,1	0,1	0,1	0,1	0,1	0,1
14.08.2025 11:12:40	0,1	0,1	0,1	0,1	0,1	0,1
14.08.2025 11:12:46	0,1	0,1	0,1	0,1	0,1	0,1
14.08.2025 11:12:52	0,2	0,2	0,2	0,2	0,2	0,2
14.08.2025 11:12:58	0,1	0,1	0,1	0,1	0,1	0,1
14.08.2025 11:13:04	0,1	0,1	0,1	0,1	0,1	0,1
14.08.2025 11:13:10	0,1	0,1	0,1	0,1	0,1	0,1
14.08.2025 11:13:16	0,1	0,1	0,1	0,1	0,1	0,1
14.08.2025 11:13:22	0,1	0,1	0,1	0,1	0,1	0,1
14.08.2025 11:13:28	0,1	0,1	0,1	0,1	0,1	0,1
14.08.2025 11:13:34	0,1	0,1	0,1	0,1	0,1	0,1
14.08.2025 11:13:40	0,1	0,1	0,1	0,1	0,1	0,1
14.08.2025 11:13:46	0,1	0,1	0,1	0,1	0,1	0,1
14.08.2025 11:13:52	0,1	0,1	0,1	0,1	0,1	0,1
14.08.2025 11:13:58	0,1	0,1	0,1	0,1	0,1	0,1
14.08.2025 11:14:04	0,0	0,0	0,0	0,0	0,0	0,0
14.08.2025 11:14:10	0,0	0,0	0,0	0,0	0,0	0,0
14.08.2025 11:14:16	0,1	0,1	0,1	0,1	0,1	0,1
14.08.2025 11:14:22	0,1	0,1	0,1	0,1	0,1	0,1
14.08.2025 11:14:28	0,1	0,1	0,1	0,1	0,1	0,1
14.08.2025 11:14:34	0,1	0,1	0,1	0,1	0,1	0,1
14.08.2025 11:14:40	0,3	0,3	0,3	0,3	0,3	0,3
14.08.2025 11:14:46	0,1	0,1	0,1	0,1	0,1	0,1
14.08.2025 11:14:52	0,6	0,5	0,1	0,6	0,6	0,5
14.08.2025 11:14:58	0,1	0,1	0,1	0,1	0,1	0,1
14.08.2025 11:15:04	0,1	0,1	0,1	0,1	0,1	0,1
14.08.2025 11:15:10	0,1	0,1	0,1	0,1	0,1	0,1
14.08.2025 11:15:16	0,1	0,1	0,1	0,1	0,1	0,1
14.08.2025 11:15:22	0,1	0,1	0,1	0,1	0,1	0,1
14.08.2025 11:15:28	0,1	0,1	0,1	0,1	0,1	0,1
14.08.2025 11:15:34	0,1	0,1	0,1	0,1	0,1	0,1
14.08.2025 11:15:40	0,1	0,1	0,1	0,1	0,1	0,1
14.08.2025 11:15:46	0,0	0,0	0,0	0,0	0,0	0,0
14.08.2025 11:15:52	0,1	0,1	0,1	0,1	0,1	0,1
14.08.2025 11:15:58	0,1	0,1	0,1	0,1	0,1	0,1
14.08.2025 11:16:04	0,1	0,1	0,1	0,1	0,1	0,1
14.08.2025 11:16:10	0,1	0,1	0,1	0,1	0,1	0,1
14.08.2025 11:16:16	0,1	0,1	0,1	0,1	0,1	0,1
14.08.2025 11:16:22	0,2	0,2	0,2	0,2	0,2	0,2
14.08.2025 11:16:28	0,1	0,1	0,1	0,1	0,1	0,1
14.08.2025 11:16:34	0,0	0,0	0,0	0,0	0,0	0,0
14.08.2025 11:16:40	0,1	0,1	0,1	0,1	0,1	0,1
14.08.2025 11:16:46	0,1	0,1	0,1	0,1	0,1	0,1
14.08.2025 11:16:52	0,1	0,1	0,1	0,1	0,1	0,1
14.08.2025 11:16:58	2,3	0,6	0,1	2,3	2,3	1,0
14.08.2025 11:17:04	0,1	0,1	0,1	0,1	0,1	0,1
14.08.2025 11:17:10	0,1	0,1	0,1	0,1	0,1	0,1
14.08.2025 11:17:16	0,1	0,1	0,1	0,1	0,1	0,1
14.08.2025 11:17:22	0,1	0,1	0,1	0,1	0,1	0,1
14.08.2025 11:17:28	0,1	0,1	0,1	0,1	0,1	0,1
14.08.2025 11:17:34	0,1	0,1	0,1	0,1	0,1	0,1
14.08.2025 11:17:40	0,1	0,1	0,1	0,1	0,1	0,1
14.08.2025 11:17:46	0,8	0,6	0,1	0,8	0,8	0,7
14.08.2025 11:17:52	0,1	0,1	0,1	0,1	0,1	0,1
14.08.2025 11:17:58	0,6	0,5	0,1	0,6	0,6	0,6
14.08.2025 11:18:04	0,1	0,1	0,1	0,1	0,1	0,1
14.08.2025 11:18:10	0,1	0,1	0,1	0,1	0,1	0,1
14.08.2025 11:18:16	0,1	0,1	0,1	0,1	0,1	0,1
14.08.2025 11:18:22	0,1	0,1	0,1	0,1	0,1	0,1
14.08.2025 11:18:28	0,1	0,1	0,1	0,1	0,1	0,1
14.08.2025 11:18:34	0,1	0,1	0,1	0,1	0,1	0,1
14.08.2025 11:18:40	0,1	0,1	0,1	0,1	0,1	0,1
14.08.2025 11:18:46	0,1	0,1	0,1	0,1	0,1	0,1
14.08.2025 11:18:52	0,3	0,3	0,2	0,3	0,3	0,2
14.08.2025 11:18:58	0,1	0,1	0,1	0,1	0,1	0,1
14.08.2025 11:19:04	0,2	0,2	0,2	0,2	0,2	0,2
14.08.2025 11:19:10	0,1	0,1	0,1	0,1	0,1	0,1
14.08.2025 11:19:16	0,1	0,1	0,1	0,1	0,1	0,1
14.08.2025 11:19:22	0,1	0,1	0,1	0,1	0,1	0,1
14.08.2025 11:19:28	0,1	0,1	0,1	0,1	0,1	0,1
14.08.2025 11:19:34	0,2	0,2	0,1	0,2	0,2	0,2
14.08.2025 11:19:40	0,1	0,1	0,1	0,1	0,1	0,1
14.08.2025 11:19:46	0,1	0,1	0,1	0,1	0,1	0,1
14.08.2025 11:19:52	0,1	0,1	0,1	0,1	0,1	0,1
14.08.2025 11:19:58	0,1	0,1	0,1	0,1	0,1	0,1
14.08.2025 11:20:04	0,1	0,1	0,1	0,1	0,1	0,1
14.08.2025 11:20:10	0,1	0,1	0,1	0,1	0,1	0,1
14.08.2025 11:20:16	0,1	0,1	0,1	0,1	0,1	0,1
14.08.2025 11:20:22	0,1	0,1	0,1	0,1	0,1	0,1
14.08.2025 11:20:28	0,1	0,1	0,1	0,1	0,1	0,1
14.08.2025 11:20:34	0,1	0,1	0,1	0,1	0,1	0,1
14.08.2025 11:20:40	0,1	0,1	0,1	0,1	0,1	0,1
14.08.2025 11:20:46	0,1	0,1	0,1	0,1	0,1	0,1
14.08.2025 11:20:52	0,8	0,7	0,1	0,8	0,8	0,7
14.08.2025 11:20:58	0,1	0,1	0,1	0,1	0,1	0,1
14.08.2025 11:21:04	0,2	0,2	0,1	0,2	0,2	0,2
14.08.2025 11:21:10	0,1	0,1	0,1	0,1	0,1	0,1
14.08.2025 11:21:16	0,1	0,1	0,1	0,1	0,1	0,1
14.08.2025 11:21:22	0,1	0,1	0,1	0,1	0,1	0,1
14.08.2025 11:21:28	0,2	0,2	0,2	0,2	0,2	0,2
14.08.2025 11:21:34	0,8	0,7	0,2	0,8	0,8	0,8
14.08.2025 11:21:40	0,1	0,1	0,1	0,1	0,1	0,1
14.08.2025 11:21:46	0,1	0,1	0,1	0,1	0,1	0,1
14.08.2025 11:21:52	0,1	0,1	0,1	0,1	0,1	0,1
14.08.2025 11:21:58	0,1	0,1	0,1	0,1	0,1	0,1
14.08.2025 11:22:04	0,1	0,1	0,1	0,1	0,1	0,1
14.08.2025 11:22:10	0,1	0,1	0,1	0,1	0,1	0,1
14.08.2025 11:22:16	0,1	0,1	0,1	0,1	0,1	0,1
14.08.2025 11:22:22	0,2	0,2	0,2	0,2	0,2	0,2
14.08.2025 11:22:28	0,2	0,2	0,2	0,2	0,2	0,2
14.08.2025 11:22:34	0,1	0,1	0,1	0,1	0,1	0,1
14.08.2025 11:22:40	0,1	0,1	0,1	0,1	0,1	0,1
14.08.2025 11:22:46	0,1	0,1	0,1	0,1	0,1	0,1
14.08.2025 11:22:52	0,2	0,2	0,2	0,2	0,2	0,2
14.08.2025 11:22:58	0,1	0,1	0,1	0,1	0,1	0,1
14.08.2025 11:23:04	0,2	0,2	0,2	0,2	0,2	0,2
14.08.2025 11:23:10	0,1	0,1	0,1	0,1	0,1	0,1
14.08.2025 11:23:16	0,1	0,1	0,1	0,1	0,1	0,1
14.08.2025 11:23:22	0,1	0,1	0,1	0,1	0,1	0,1
14.08.2025 11:23:28	0,3	0,3	0,2	0,3	0,3	0,3
14.08.2025 11:23:34	0,1	0,1	0,1	0,1	0,1	0,1
14.08.2025 11:23:40	0,1	0,1	0,1	0,1	0,1	0,1
14.08.2025 11:23:46	0,1	0,1	0,1	0,1	0,1	0,1
14.08.2025 11:23:52	0,1	0,1	0,1	0,1	0,1	0,1
14.08.2025 11:23:58	0,1	0,1	0,1	0,1	0,1	0,1
14.08.2025 11:24:04	0,1	0,1	0,1	0,1	0,1	0,1
14.08.2025 11:24:10	0,1	0,1	0,1	0,1	0,1	0,1
14.08.2025 11:24:16	0,1	0,1	0,1	0,1	0,1	0,1
14.08.2025 11:24:22	0,7	0,6	0,1	0,7	0,7	0,7
14.08.2025 11:24:28	0,1	0,1	0,1	0,1	0,1	0,1
14.08.2025 11:24:34	0,1	0,1	0,1	0,1	0,1	0,1
14.08.2025 11:24:40	0,1	0,1	0,1	0,1	0,1	0,1
14.08.2025 11:24:46	0,0	0,0	0,0	0,0	0,0	0,0
14.08.2025 11:24:52	0,1	0,1	0,1	0,1	0,1	0,1
14.08.2025 11:24:58	0,0	0,0	0,0	0,0	0,0	0,0
14.08.2025 11:25:04	0,0	0,0	0,0	0,0	0,0	0,0
14.08.2025 11:25:10	0,1	0,1	0,1	0,1	0,1	0,1
14.08.2025 11:25:16	0,1	0,1	0,1	0,1	0,1	0,1
14.08.2025 11:25:22	0,1	0,1	0,1	0,1	0,1	0,1
14.08.2025 11:25:28	0,1	0,1	0,1	0,1	0,1	0,1
14.08.2025 11:25:34	0,1	0,1	0,1	0,1	0,1	0,1
14.08.2025 11:25:40	0,1	0,1	0,1	0,1	0,1	0,1
14.08.2025 11:25:46	0,1	0,1	0,1	0,1	0,1	0,1
14.08.2025 11:25:52	0,1	0,1	0,1	0,1	0,1	0,1
14.08.2025 11:25:58	0,1	0,1	0,1	0,1	0,1	0,1
14.08.2025 11:26:04	0,1	0,1	0,1	0,1	0,1	0,1
14.08.2025 11:26:10	0,1	0,1	0,1	0,1	0,1	0,1
14.08.2025 11:26:16	0,1	0,1	0,1	0,1	0,1	0,1
14.08.2025 11:26:22	0,1	0,1	0,1	0,1	0,1	0,1
14.08.2025 11:26:28	0,1	0,1	0,1	0,1	0,1	0,1
14.08.2025 11:26:34	0,1	0,1	0,1	0,1	0,1	0,1
14.08.2025 11:26:40	0,1	0,1	0,1	0,1	0,1	0,1
14.08.2025 11:26:46	0,1	0,1	0,1	0,1	0,1	0,1
14.08.2025 11:26:52	0,1	0,1	0,1	0,1	0,1	0,1
14.08.2025 11:26:58	0,1	0,1	0,1	0,1	0,1	0,1
14.08.2025 11:27:04	0,1	0,1	0,1	0,1	0,1	0,1
14.08.2025 11:27:10	0,1	0,1	0,1	0,1	0,1	0,1
14.08.2025 11:27:16	0,2	0,2	0,2	0,2	0,2	0,2
14.08.2025 11:27:22	0,2	0,2	0,2	0,2	0,2	0,2
14.08.2025 11:27:28	0,1	0,1	0,1	0,1	0,1	0,1
14.08.2025 11:27:34	0,1	0,1	0,1	0,1	0,1	0,1
14.08.2025 11:27:40	0,2	0,2	0,2	0,2	0,2	0,2
14.08.2025 11:27:46	0,1	0,1	0,1	0,1	0,1	0,1
14.08.2025 11:27:52	0,2	0,2	0,2	0,2	0,2	0,2
14.08.2025 11:27:58	0,2	0,2	0,2	0,2	0,2	0,2
14.08.2025 11:28:04	0,1	0,1	0,1	0,1	0,1	0,1
14.08.2025 11:28:10	0,1	0,1	0,1	0,1	0,1	0,1
14.08.2025 11:28:16	0,1	0,1	0,1	0,1	0,1	0,1
14.08.2025 11:28:22	0,1	0,1	0,1	0,1	0,1	0,1
14.08.2025 11:28:28	0,2	0,2	0,1	0,2	0,2	0,2
14.08.2025 11:28:34	0,1	0,1	0,1	0,1	0,1	0,1
14.08.2025 11:28:40	0,1	0,1	0,1	0,1	0,1	0,1
14.08.2025 11:28:46	0,1	0,1	0,1	0,1	0,1	0,1
14.08.2025 11:28:52	0,2	0,2	0,2	0,2	0,2	0,2
14.08.2025 11:28:58	0,1	0,1	0,1	0,1	0,1	0,1
14.08.2025 11:29:04	1,1	0,7	0,1	1,1	1,1	0,9
14.08.2025 11:29:10	0,1	0,1	0,1	0,1	0,1	0,1
14.08.2025 11:29:16	0,1	0,1	0,1	0,1	0,1	0,1
14.08.2025 11:29:22	0,1	0,1	0,1	0,1	0,1	0,1
14.08.2025 11:29:28	0,1	0,1	0,1	0,1	0,1	0,1
14.08.2025 11:29:34	0,1	0,1	0,1	0,1	0,1	0,1
14.08.2025 11:29:40	0,1	0,1	0,1	0,1	0,1	0,1
14.08.2025 11:29:46	0,1	0,1	0,1	0,1	0,1	0,1
14.08.2025 11:29:52	0,1	0,1	0,1	0,1	0,1	0,1
14.08.2025 11:29:58	0,1	0,1	0,1	0,1	0,1	0,1
14.08.2025 11:30:04	0,1	0,1	0,1	0,1	0,1	0,1
14.08.2025 11:30:10	0,1	0,1	0,1	0,1	0,1	0,1
14.08.2025 11:30:16	0,1	0,1	0,1	0,1	0,1	0,1
14.08.2025 11:30:22	0,1	0,1	0,1	0,1	0,1	0,1
14.08.2025 11:30:28	0,0	0,0	0,0	0,0	0,0	0,0
14.08.2025 11:30:34	0,1	0,1	0,1	0,1	0,1	0,1
14.08.2025 11:30:40	0,1	0,1	0,1	0,1	0,1	0,1
14.08.2025 11:30:46	0,1	0,1	0,1	0,1	0,1	0,1
14.08.2025 11:30:52	0,0	0,0	0,0	0,0	0,0	0,0
14.08.2025 11:30:58	0,1	0,1	0,1	0,1	0,1	0,1
14.08.2025 11:31:04	0,1	0,1	0,1	0,1	0,1	0,1
14.08.2025 11:31:10	0,1	0,1	0,1	0,1	0,1	0,1
14.08.2025 11:31:16	0,0	0,0	0,0	0,0	0,0	0,0
14.08.2025 11:31:22	0,1	0,1	0,1	0,1	0,1	0,1
14.08.2025 11:31:28	0,0	0,0	0,0	0,0	0,0	0,0
14.08.2025 11:31:34	0,0	0,0	0,0	0,0	0,0	0,0
14.08.2025 11:31:40	0,1	0,1	0,1	0,1	0,1	0,1
14.08.2025 11:31:46	0,1	0,1	0,1	0,1	0,1	0,1
14.08.2025 11:31:52	0,1	0,1	0,1	0,1	0,1	0,1
14.08.2025 11:31:58	0,1	0,1	0,1	0,1	0,1	0,1
14.08.2025 11:32:04	0,0	0,0	0,0	0,0	0,0	0,0
14.08.2025 11:32:10	0,1	0,1	0,1	0,1	0,1	0,1
14.08.2025 11:32:16	0,1	0,1	0,1	0,1	0,1	0,1
14.08.2025 11:32:22	0,0	0,0	0,0	0,0	0,0	0,0
14.08.2025 11:32:28	0,1	0,1	0,1	0,1	0,1	0,1
14.08.2025 11:32:34	0,0	0,0	0,0	0,0	0,0	0,0
14.08.2025 11:32:40	0,0	0,0	0,0	0,0	0,0	0,0
14.08.2025 11:32:46	0,1	0,1	0,1	0,1	0,1	0,1
14.08.2025 11:32:52	0,1	0,1	0,1	0,1	0,1	0,1
14.08.2025 11:32:58	0,1	0,1	0,1	0,1	0,1	0,1
14.08.2025 11:33:04	0,1	0,1	0,1	0,1	0,1	0,1
14.08.2025 11:33:10	0,1	0,1	0,1	0,1	0,1	0,1
14.08.2025 11:33:16	0,1	0,1	0,1	0,1	0,1	0,1
14.08.2025 11:33:22	0,1	0,1	0,1	0,1	0,1	0,1
14.08.2025 11:33:28	0,1	0,1	0,1	0,1	0,1	0,1
14.08.2025 11:33:34	0,1	0,1	0,1	0,1	0,1	0,1
14.08.2025 11:33:40	0,1	0,1	0,1	0,1	0,1	0,1
14.08.2025 11:33:46	0,1	0,1	0,1	0,1	0,1	0,1
14.08.2025 11:33:52	0,1	0,1	0,1	0,1	0,1	0,1
14.08.2025 11:33:58	0,1	0,1	0,1	0,1	0,1	0,1
14.08.2025 11:34:04	0,1	0,1	0,1	0,1	0,1	0,1
14.08.2025 11:34:10	0,1	0,1	0,1	0,1	0,1	0,1
14.08.2025 11:34:16	0,1	0,1	0,1	0,1	0,1	0,1
14.08.2025 11:34:22	0,1	0,1	0,1	0,1	0,1	0,1
14.08.2025 11:34:28	0,1	0,1	0,1	0,1	0,1	0,1
14.08.2025 11:34:34	0,1	0,1	0,1	0,1	0,1	0,1
14.08.2025 11:34:40	0,1	0,1	0,1	0,1	0,1	0,1
14.08.2025 11:34:46	0,0	0,0	0,0	0,0	0,0	0,0
14.08.2025 11:34:52	0,1	0,1	0,1	0,1	0,1	0,1
14.08.2025 11:34:58	0,6	0,6	0,1	0,6	0,6	0,6
14.08.2025 11:35:04	0,1	0,1	0,1	0,1	0,1	0,1
14.08.2025 11:35:10	0,7	0,6	0,0	0,7	0,7	0,6
14.08.2025 11:35:16	0,1	0,1	0,1	0,1	0,1	0,1
14.08.2025 11:35:22	0,1	0,1	0,1	0,1	0,1	0,1
14.08.2025 11:35:28	0,0	0,0	0,0	0,0	0,0	0,0
14.08.2025 11:35:34	0,0	0,0	0,0	0,0	0,0	0,0
14.08.2025 11:35:40	0,7	0,6	0,0	0,7	0,7	0,6
14.08.2025 11:35:46	0,0	0,0	0,0	0,0	0,0	0,0
14.08.2025 11:35:52	0,0	0,0	0,0	0,0	0,0	0,0
14.08.2025 11:35:58	0,0	0,0	0,0	0,0	0,0	0,0
14.08.2025 11:36:04	0,2	0,2	0,1	0,2	0,2	0,2
14.08.2025 11:36:10	0,1	0,1	0,1	0,1	0,1	0,1
14.08.2025 11:36:16	0,1	0,1	0,1	0,1	0,1	0,1
14.08.2025 11:36:22	0,0	0,0	0,0	0,0	0,0	0,0
14.08.2025 11:36:28	0,0	0,0	0,0	0,0	0,0	0,0
14.08.2025 11:36:34	0,1	0,1	0,1	0,1	0,1	0,1
14.08.2025 11:36:40	0,0	0,0	0,0	0,0	0,0	0,0
14.08.2025 11:36:46	0,0	0,0	0,0	0,0	0,0	0,0
14.08.2025 11:36:52	0,1	0,1	0,1	0,1	0,1	0,1
14.08.2025 11:36:58	0,1	0,1	0,1	0,1	0,1	0,1
14.08.2025 11:37:04	0,1	0,1	0,1	0,1	0,1	0,1
14.08.2025 11:37:10	0,0	0,0	0,0	0,0	0,0	0,0
14.08.2025 11:37:16	0,1	0,1	0,1	0,1	0,1	0,1
14.08.2025 11:37:22	0,1	0,1	0,1	0,1	0,1	0,1
14.08.2025 11:37:28	0,1	0,1	0,1	0,1	0,1	0,1
14.08.2025 11:37:34	0,1	0,1	0,1	0,1	0,1	0,1
14.08.2025 11:37:40	0,1	0,1	0,1	0,1	0,1	0,1
14.08.2025 11:37:46	0,1	0,1	0,1	0,1	0,1	0,1
14.08.2025 11:37:52	0,1	0,1	0,1	0,1	0,1	0,1
14.08.2025 11:37:58	0,1	0,1	0,1	0,1	0,1	0,1
14.08.2025 11:38:04	0,1	0,1	0,1	0,1	0,1	0,1
14.08.2025 11:38:10	0,1	0,1	0,1	0,1	0,1	0,1
14.08.2025 11:38:16	0,1	0,1	0,1	0,1	0,1	0,1
14.08.2025 11:38:22	0,0	0,0	0,0	0,0	0,0	0,0
14.08.2025 11:38:28	0,1	0,1	0,1	0,1	0,1	0,1
14.08.2025 11:38:34	0,1	0,1	0,1	0,1	0,1	0,1
14.08.2025 11:38:40	0,1	0,1	0,1	0,1	0,1	0,1
14.08.2025 11:38:46	0,1	0,1	0,1	0,1	0,1	0,1
14.08.2025 11:38:52	0,1	0,1	0,1	0,1	0,1	0,1
14.08.2025 11:38:58	0,0	0,0	0,0	0,0	0,0	0,0
14.08.2025 11:39:04	0,1	0,1	0,1	0,1	0,1	0,1
14.08.2025 11:39:10	0,1	0,1	0,1	0,1	0,1	0,1
14.08.2025 11:39:16	0,1	0,1	0,1	0,1	0,1	0,1
14.08.2025 11:39:22	0,0	0,0	0,0	0,0	0,0	0,0
14.08.2025 11:39:28	0,1	0,1	0,1	0,1	0,1	0,1
14.08.2025 11:39:34	0,1	0,1	0,1	0,1	0,1	0,1
14.08.2025 11:39:40	0,2	0,2	0,2	0,2	0,2	0,2
14.08.2025 11:39:46	0,1	0,1	0,1	0,1	0,1	0,1
14.08.2025 11:39:52	0,1	0,1	0,1	0,1	0,1	0,1
14.08.2025 11:39:58	0,1	0,1	0,1	0,1	0,1	0,1
14.08.2025 11:40:04	0,2	0,2	0,2	0,2	0,2	0,2
14.08.2025 11:40:10	0,2	0,2	0,1	0,2	0,2	0,2
14.08.2025 11:40:16	0,1	0,1	0,1	0,1	0,1	0,1
14.08.2025 11:40:22	0,1	0,1	0,1	0,1	0,1	0,1
14.08.2025 11:40:28	0,0	0,0	0,0	0,0	0,0	0,0
14.08.2025 11:40:34	0,1	0,1	0,1	0,1	0,1	0,1
14.08.2025 11:40:40	0,2	0,2	0,1	0,2	0,2	0,2
14.08.2025 11:40:46	0,1	0,1	0,1	0,1	0,1	0,1
14.08.2025 11:40:52	0,1	0,1	0,1	0,1	0,1	0,1
14.08.2025 11:40:58	0,0	0,0	0,0	0,0	0,0	0,0
14.08.2025 11:41:04	0,1	0,1	0,1	0,1	0,1	0,1
14.08.2025 11:41:10	0,1	0,1	0,1	0,1	0,1	0,1
14.08.2025 11:41:16	0,1	0,1	0,1	0,1	0,1	0,1
14.08.2025 11:41:22	0,1	0,1	0,1	0,1	0,1	0,1
14.08.2025 11:41:28	0,0	0,0	0,0	0,0	0,0	0,0
14.08.2025 11:41:34	0,1	0,1	0,1	0,1	0,1	0,1
14.08.2025 11:41:40	0,1	0,1	0,1	0,1	0,1	0,1
14.08.2025 11:41:46	1,6	1,3	0,1	1,6	1,6	1,4
14.08.2025 11:41:52	0,1	0,1	0,1	0,1	0,1	0,1
14.08.2025 11:41:58	0,1	0,1	0,1	0,1	0,1	0,1
14.08.2025 11:42:04	0,1	0,1	0,1	0,1	0,1	0,1
14.08.2025 11:42:10	0,0	0,0	0,0	0,0	0,0	0,0
14.08.2025 11:42:16	0,1	0,1	0,1	0,1	0,1	0,1
14.08.2025 11:42:22	0,1	0,1	0,1	0,1	0,1	0,1
14.08.2025 11:42:28	0,1	0,1	0,1	0,1	0,1	0,1
14.08.2025 11:42:34	0,0	0,0	0,0	0,0	0,0	0,0
14.08.2025 11:42:40	0,1	0,1	0,1	0,1	0,1	0,1
14.08.2025 11:42:46	0,1	0,1	0,1	0,1	0,1	0,1
14.08.2025 11:42:52	0,1	0,1	0,1	0,1	0,1	0,1
14.08.2025 11:42:58	0,1	0,1	0,1	0,1	0,1	0,1
14.08.2025 11:43:04	0,1	0,1	0,1	0,1	0,1	0,1
14.08.2025 11:43:10	0,2	0,2	0,2	0,2	0,2	0,2
14.08.2025 11:43:16	0,1	0,1	0,1	0,1	0,1	0,1
14.08.2025 11:43:22	0,3	0,3	0,1	0,3	0,3	0,3
14.08.2025 11:43:28	0,1	0,1	0,1	0,1	0,1	0,1
14.08.2025 11:43:34	0,1	0,1	0,1	0,1	0,1	0,1
14.08.2025 11:43:40	0,1	0,1	0,1	0,1	0,1	0,1
14.08.2025 11:43:46	0,0	0,0	0,0	0,0	0,0	0,0
14.08.2025 11:43:52	0,1	0,1	0,1	0,1	0,1	0,1
14.08.2025 11:43:58	0,1	0,1	0,1	0,1	0,1	0,1
14.08.2025 11:44:04	0,1	0,1	0,1	0,1	0,1	0,1
14.08.2025 11:44:10	0,1	0,1	0,1	0,1	0,1	0,1
14.08.2025 11:44:16	0,1	0,1	0,1	0,1	0,1	0,1
14.08.2025 11:44:22	0,1	0,1	0,1	0,1	0,1	0,1
14.08.2025 11:44:28	0,1	0,1	0,1	0,1	0,1	0,1
14.08.2025 11:44:34	0,2	0,2	0,2	0,2	0,2	0,2
14.08.2025 11:44:40	0,1	0,1	0,1	0,1	0,1	0,1
14.08.2025 11:44:46	0,1	0,1	0,1	0,1	0,1	0,1
14.08.2025 11:44:52	0,1	0,1	0,1	0,1	0,1	0,1
14.08.2025 11:44:58	0,3	0,3	0,1	0,3	0,3	0,3
14.08.2025 11:45:04	0,7	0,6	0,2	0,7	0,7	0,6
14.08.2025 11:45:10	0,5	0,5	0,1	0,5	0,5	0,5
14.08.2025 11:45:16	0,2	0,2	0,2	0,2	0,2	0,2
14.08.2025 11:45:22	0,1	0,1	0,1	0,1	0,1	0,1
14.08.2025 11:45:28	0,1	0,1	0,1	0,1	0,1	0,1
14.08.2025 11:45:34	0,1	0,1	0,1	0,1	0,1	0,1
14.08.2025 11:45:40	0,1	0,1	0,1	0,1	0,1	0,1
14.08.2025 11:45:46	0,1	0,1	0,1	0,1	0,1	0,1
14.08.2025 11:45:52	0,1	0,1	0,1	0,1	0,1	0,1
14.08.2025 11:45:58	0,9	0,7	0,2	0,9	0,9	0,8
14.08.2025 11:46:04	0,1	0,1	0,1	0,1	0,1	0,1
14.08.2025 11:46:10	0,2	0,2	0,2	0,2	0,2	0,2
14.08.2025 11:46:16	0,1	0,1	0,1	0,1	0,1	0,1
14.08.2025 11:46:22	0,1	0,1	0,1	0,1	0,1	0,1
14.08.2025 11:46:28	0,2	0,2	0,2	0,2	0,2	0,2
14.08.2025 11:46:34	0,2	0,2	0,2	0,2	0,2	0,2
14.08.2025 11:46:40	0,1	0,1	0,1	0,1	0,1	0,1
14.08.2025 11:46:46	0,1	0,1	0,1	0,1	0,1	0,1
14.08.2025 11:46:52	0,1	0,1	0,1	0,1	0,1	0,1
14.08.2025 11:46:58	0,1	0,1	0,1	0,1	0,1	0,1
14.08.2025 11:47:04	0,1	0,1	0,1	0,1	0,1	0,1
14.08.2025 11:47:10	0,1	0,1	0,1	0,1	0,1	0,1
14.08.2025 11:47:16	0,1	0,1	0,1	0,1	0,1	0,1
14.08.2025 11:47:22	0,1	0,1	0,1	0,1	0,1	0,1
14.08.2025 11:47:28	0,1	0,1	0,1	0,1	0,1	0,1
14.08.2025 11:47:34	0,1	0,1	0,1	0,1	0,1	0,1
14.08.2025 11:47:40	0,1	0,1	0,1	0,1	0,1	0,1
14.08.2025 11:47:46	0,7	0,6	0,1	0,7	0,7	0,7
14.08.2025 11:47:52	0,1	0,1	0,1	0,1	0,1	0,1
14.08.2025 11:47:58	0,0	0,0	0,0	0,0	0,0	0,0
14.08.2025 11:48:04	0,1	0,1	0,1	0,1	0,1	0,1
14.08.2025 11:48:10	0,1	0,1	0,1	0,1	0,1	0,1
14.08.2025 11:48:16	0,1	0,1	0,1	0,1	0,1	0,1
14.08.2025 11:48:22	0,1	0,1	0,1	0,1	0,1	0,1
14.08.2025 11:48:28	0,2	0,2	0,2	0,2	0,2	0,2
14.08.2025 11:48:34	0,1	0,1	0,1	0,1	0,1	0,1
14.08.2025 11:48:40	0,7	0,6	0,1	0,7	0,7	0,7
14.08.2025 11:48:46	0,1	0,1	0,1	0,1	0,1	0,1
14.08.2025 11:48:52	0,1	0,1	0,1	0,1	0,1	0,1
14.08.2025 11:48:58	0,1	0,1	0,1	0,1	0,1	0,1
14.08.2025 11:49:04	0,1	0,1	0,1	0,1	0,1	0,1
14.08.2025 11:49:10	0,1	0,1	0,1	0,1	0,1	0,1
14.08.2025 11:49:16	0,1	0,1	0,1	0,1	0,1	0,1
14.08.2025 11:49:22	0,1	0,1	0,1	0,1	0,1	0,1
14.08.2025 11:49:28	0,1	0,1	0,1	0,1	0,1	0,1
14.08.2025 11:49:34	0,1	0,1	0,1	0,1	0,1	0,1
14.08.2025 11:49:40	0,1	0,1	0,1	0,1	0,1	0,1
14.08.2025 11:49:46	0,2	0,2	0,1	0,2	0,2	0,2
14.08.2025 11:49:52	0,1	0,1	0,1	0,1	0,1	0,1
14.08.2025 11:49:58	0,1	0,1	0,1	0,1	0,1	0,1
14.08.2025 11:50:04	0,1	0,1	0,1	0,1	0,1	0,1
14.08.2025 11:50:10	0,1	0,1	0,1	0,1	0,1	0,1
14.08.2025 11:50:16	0,8	0,6	0,1	0,8	0,8	0,7
14.08.2025 11:50:22	0,8	0,7	0,1	0,8	0,8	0,7
14.08.2025 11:50:28	0,1	0,1	0,1	0,1	0,1	0,1
14.08.2025 11:50:34	0,1	0,1	0,1	0,1	0,1	0,1
14.08.2025 11:50:40	0,1	0,1	0,1	0,1	0,1	0,1
14.08.2025 11:50:46	0,1	0,1	0,1	0,1	0,1	0,1
14.08.2025 11:50:52	0,1	0,1	0,1	0,1	0,1	0,1
14.08.2025 11:50:58	0,1	0,1	0,1	0,1	0,1	0,1
14.08.2025 11:51:04	0,1	0,1	0,1	0,1	0,1	0,1
14.08.2025 11:51:10	0,1	0,1	0,1	0,1	0,1	0,1
14.08.2025 11:51:16	0,1	0,1	0,1	0,1	0,1	0,1
14.08.2025 11:51:22	0,1	0,1	0,1	0,1	0,1	0,1
14.08.2025 11:51:28	0,2	0,2	0,1	0,2	0,2	0,2
14.08.2025 11:51:34	0,1	0,1	0,1	0,1	0,1	0,1
14.08.2025 11:51:40	0,0	0,0	0,0	0,0	0,0	0,0
14.08.2025 11:51:46	0,1	0,1	0,1	0,1	0,1	0,1
14.08.2025 11:51:52	0,1	0,1	0,1	0,1	0,1	0,1
14.08.2025 11:51:58	0,1	0,1	0,1	0,1	0,1	0,1
14.08.2025 11:52:04	0,1	0,1	0,1	0,1	0,1	0,1
14.08.2025 11:52:10	0,2	0,2	0,2	0,2	0,2	0,2
14.08.2025 11:52:16	0,1	0,1	0,1	0,1	0,1	0,1
14.08.2025 11:52:22	0,2	0,2	0,2	0,2	0,2	0,2
14.08.2025 11:52:28	0,1	0,1	0,1	0,1	0,1	0,1
14.08.2025 11:52:34	0,1	0,1	0,1	0,1	0,1	0,1
14.08.2025 11:52:40	0,1	0,1	0,1	0,1	0,1	0,1
14.08.2025 11:52:46	0,1	0,1	0,1	0,1	0,1	0,1
14.08.2025 11:52:52	0,1	0,1	0,1	0,1	0,1	0,1
14.08.2025 11:52:58	0,1	0,1	0,1	0,1	0,1	0,1
14.08.2025 11:53:04	0,1	0,1	0,1	0,1	0,1	0,1
14.08.2025 11:53:10	0,0	0,0	0,0	0,0	0,0	0,0
14.08.2025 11:53:16	0,2	0,2	0,2	0,2	0,2	0,2
14.08.2025 11:53:22	0,1	0,1	0,1	0,1	0,1	0,1
14.08.2025 11:53:28	0,1	0,1	0,1	0,1	0,1	0,1
14.08.2025 11:53:34	0,1	0,1	0,1	0,1	0,1	0,1
14.08.2025 11:53:40	0,1	0,1	0,1	0,1	0,1	0,1
14.08.2025 11:53:46	0,1	0,1	0,1	0,1	0,1	0,1
14.08.2025 11:53:52	0,1	0,1	0,1	0,1	0,1	0,1
14.08.2025 11:53:58	0,1	0,1	0,1	0,1	0,1	0,1
14.08.2025 11:54:04	0,1	0,1	0,1	0,1	0,1	0,1
14.08.2025 11:54:10	0,1	0,1	0,1	0,1	0,1	0,1
14.08.2025 11:54:16	0,2	0,2	0,2	0,2	0,2	0,2
14.08.2025 11:54:22	1,7	0,8	0,3	1,7	1,7	1,2
14.08.2025 11:54:28	0,3	0,3	0,3	0,3	0,3	0,3
14.08.2025 11:54:34	0,1	0,1	0,1	0,1	0,1	0,1
14.08.2025 11:54:40	0,2	0,2	0,2	0,2	0,2	0,2
14.08.2025 11:54:46	0,0	0,0	0,0	0,0	0,0	0,0
14.08.2025 11:54:52	0,2	0,2	0,2	0,2	0,2	0,2
14.08.2025 11:54:58	0,2	0,2	0,2	0,2	0,2	0,2
14.08.2025 11:55:04	0,1	0,1	0,1	0,1	0,1	0,1
14.08.2025 11:55:10	0,1	0,1	0,1	0,1	0,1	0,1
14.08.2025 11:55:16	0,1	0,1	0,1	0,1	0,1	0,1
14.08.2025 11:55:22	0,1	0,1	0,1	0,1	0,1	0,1
14.08.2025 11:55:28	0,1	0,1	0,1	0,1	0,1	0,1
14.08.2025 11:55:34	0,0	0,0	0,0	0,0	0,0	0,0
14.08.2025 11:55:40	0,1	0,1	0,1	0,1	0,1	0,1
14.08.2025 11:55:46	0,1	0,1	0,1	0,1	0,1	0,1
14.08.2025 11:55:52	0,0	0,0	0,0	0,0	0,0	0,0
14.08.2025 11:55:58	0,1	0,1	0,1	0,1	0,1	0,1
14.08.2025 11:56:04	0,1	0,1	0,1	0,1	0,1	0,1
14.08.2025 11:56:10	0,1	0,1	0,1	0,1	0,1	0,1
14.08.2025 11:56:16	0,1	0,1	0,1	0,1	0,1	0,1
14.08.2025 11:56:22	0,1	0,1	0,1	0,1	0,1	0,1
14.08.2025 11:56:28	0,1	0,1	0,1	0,1	0,1	0,1
14.08.2025 11:56:34	0,1	0,1	0,1	0,1	0,1	0,1
14.08.2025 11:56:40	0,1	0,1	0,1	0,1	0,1	0,1
14.08.2025 11:56:46	0,1	0,1	0,1	0,1	0,1	0,1
14.08.2025 11:56:52	0,4	0,4	0,1	0,4	0,4	0,4
14.08.2025 11:56:58	0,0	0,0	0,0	0,0	0,0	0,0
14.08.2025 11:57:04	0,1	0,1	0,1	0,1	0,1	0,1
14.08.2025 11:57:10	0,1	0,1	0,1	0,1	0,1	0,1
14.08.2025 11:57:16	0,1	0,1	0,1	0,1	0,1	0,1
14.08.2025 11:57:22	0,1	0,1	0,1	0,1	0,1	0,1
14.08.2025 11:57:28	0,1	0,1	0,1	0,1	0,1	0,1
14.08.2025 11:57:34	0,1	0,1	0,1	0,1	0,1	0,1
14.08.2025 11:57:40	0,1	0,1	0,1	0,1	0,1	0,1
14.08.2025 11:57:46	0,1	0,1	0,1	0,1	0,1	0,1
14.08.2025 11:57:52	0,2	0,2	0,2	0,2	0,2	0,2
14.08.2025 11:57:58	0,2	0,2	0,2	0,2	0,2	0,2
14.08.2025 11:58:04	0,2	0,2	0,2	0,2	0,2	0,2
14.08.2025 11:58:10	0,1	0,1	0,1	0,1	0,1	0,1
14.08.2025 11:58:16	0,1	0,1	0,1	0,1	0,1	0,1
14.08.2025 11:58:22	0,2	0,2	0,2	0,2	0,2	0,2
14.08.2025 11:58:28	0,1	0,1	0,1	0,1	0,1	0,1
14.08.2025 11:58:34	0,1	0,1	0,1	0,1	0,1	0,1
14.08.2025 11:58:40	0,0	0,0	0,0	0,0	0,0	0,0
14.08.2025 11:58:46	0,1	0,1	0,1	0,1	0,1	0,1
14.08.2025 11:58:52	0,0	0,0	0,0	0,0	0,0	0,0
14.08.2025 11:58:58	0,1	0,1	0,1	0,1	0,1	0,1
14.08.2025 11:59:04	0,1	0,1	0,1	0,1	0,1	0,1
14.08.2025 11:59:10	0,1	0,1	0,1	0,1	0,1	0,1
14.08.2025 11:59:16	0,2	0,2	0,2	0,2	0,2	0,2
14.08.2025 11:59:22	0,1	0,1	0,1	0,1	0,1	0,1
14.08.2025 11:59:28	0,1	0,1	0,1	0,1	0,1	0,1
14.08.2025 11:59:34	0,2	0,2	0,1	0,2	0,2	0,2
14.08.2025 11:59:40	0,1	0,1	0,1	0,1	0,1	0,1
14.08.2025 11:59:46	0,0	0,0	0,0	0,0	0,0	0,0
14.08.2025 11:59:52	0,1	0,1	0,1	0,1	0,1	0,1
14.08.2025 11:59:58	0,1	0,1	0,1	0,1	0,1	0,1
14.08.2025 12:00:04	0,3	0,3	0,1	0,3	0,3	0,3
14.08.2025 12:00:10	0,1	0,1	0,1	0,1	0,1	0,1
14.08.2025 12:00:16	0,2	0,2	0,2	0,2	0,2	0,2
14.08.2025 12:00:22	0,3	0,3	0,3	0,3	0,3	0,3
14.08.2025 12:00:28	0,1	0,1	0,1	0,1	0,1	0,1
14.08.2025 12:00:34	0,1	0,1	0,1	0,1	0,1	0,1
14.08.2025 12:00:40	0,1	0,1	0,1	0,1	0,1	0,1
14.08.2025 12:00:46	0,0	0,0	0,0	0,0	0,0	0,0
14.08.2025 12:00:52	0,1	0,1	0,1	0,1	0,1	0,1
14.08.2025 12:00:58	0,1	0,1	0,1	0,1	0,1	0,1
14.08.2025 12:01:04	0,1	0,1	0,1	0,1	0,1	0,1
14.08.2025 12:01:10	0,2	0,2	0,1	0,2	0,2	0,2
14.08.2025 12:01:16	0,4	0,4	0,2	0,4	0,4	0,4
14.08.2025 12:01:22	0,2	0,2	0,1	0,2	0,2	0,2
14.08.2025 12:01:28	0,1	0,1	0,1	0,1	0,1	0,1
14.08.2025 12:01:34	0,1	0,1	0,1	0,1	0,1	0,1
14.08.2025 12:01:40	0,1	0,1	0,1	0,1	0,1	0,1
14.08.2025 12:01:46	0,1	0,1	0,1	0,1	0,1	0,1
14.08.2025 12:01:52	0,2	0,2	0,2	0,2	0,2	0,2
14.08.2025 12:01:58	0,2	0,2	0,2	0,2	0,2	0,2
14.08.2025 12:02:04	0,1	0,1	0,1	0,1	0,1	0,1
14.08.2025 12:02:10	0,1	0,1	0,1	0,1	0,1	0,1
14.08.2025 12:02:16	0,1	0,1	0,1	0,1	0,1	0,1
14.08.2025 12:02:22	0,1	0,1	0,1	0,1	0,1	0,1
14.08.2025 12:02:28	0,2	0,2	0,2	0,2	0,2	0,2
14.08.2025 12:02:34	0,1	0,1	0,1	0,1	0,1	0,1
14.08.2025 12:02:40	0,1	0,1	0,1	0,1	0,1	0,1
14.08.2025 12:02:46	0,4	0,4	0,1	0,4	0,4	0,4
14.08.2025 12:02:52	0,1	0,1	0,1	0,1	0,1	0,1
14.08.2025 12:02:58	0,2	0,2	0,2	0,2	0,2	0,2
14.08.2025 12:03:04	0,1	0,1	0,1	0,1	0,1	0,1
14.08.2025 12:03:10	0,1	0,1	0,1	0,1	0,1	0,1
14.08.2025 12:03:16	0,1	0,1	0,1	0,1	0,1	0,1
14.08.2025 12:03:22	0,1	0,1	0,1	0,1	0,1	0,1
14.08.2025 12:03:28	0,1	0,1	0,1	0,1	0,1	0,1
14.08.2025 12:03:34	0,1	0,1	0,1	0,1	0,1	0,1
14.08.2025 12:03:40	0,1	0,1	0,1	0,1	0,1	0,1
14.08.2025 12:03:46	0,2	0,2	0,2	0,2	0,2	0,2
14.08.2025 12:03:52	0,1	0,1	0,1	0,1	0,1	0,1
14.08.2025 12:03:58	0,2	0,2	0,2	0,2	0,2	0,2
14.08.2025 12:04:04	0,2	0,2	0,2	0,2	0,2	0,2
14.08.2025 12:04:10	0,1	0,1	0,1	0,1	0,1	0,1
14.08.2025 12:04:16	0,1	0,1	0,1	0,1	0,1	0,1
14.08.2025 12:04:22	0,4	0,4	0,1	0,4	0,4	0,4
14.08.2025 12:04:28	0,1	0,1	0,1	0,1	0,1	0,1
14.08.2025 12:04:34	0,1	0,1	0,1	0,1	0,1	0,1
14.08.2025 12:04:40	0,1	0,1	0,1	0,1	0,1	0,1
14.08.2025 12:04:46	0,1	0,1	0,1	0,1	0,1	0,1
14.08.2025 12:04:52	0,1	0,1	0,1	0,1	0,1	0,1
14.08.2025 12:04:58	0,0	0,0	0,0	0,0	0,0	0,0
14.08.2025 12:05:04	0,1	0,1	0,1	0,1	0,1	0,1
14.08.2025 12:05:10	0,1	0,1	0,1	0,1	0,1	0,1
14.08.2025 12:05:16	0,1	0,1	0,1	0,1	0,1	0,1
14.08.2025 12:05:22	0,1	0,1	0,1	0,1	0,1	0,1
14.08.2025 12:05:28	0,1	0,1	0,1	0,1	0,1	0,1
14.08.2025 12:05:34	0,1	0,1	0,1	0,1	0,1	0,1
14.08.2025 12:05:40	0,1	0,1	0,1	0,1	0,1	0,1
14.08.2025 12:05:46	0,1	0,1	0,1	0,1	0,1	0,1
14.08.2025 12:05:52	0,1	0,1	0,1	0,1	0,1	0,1
14.08.2025 12:05:58	0,1	0,1	0,1	0,1	0,1	0,1
14.08.2025 12:06:04	0,2	0,2	0,2	0,2	0,2	0,2
14.08.2025 12:06:10	0,1	0,1	0,1	0,1	0,1	0,1
14.08.2025 12:06:16	0,1	0,1	0,1	0,1	0,1	0,1
14.08.2025 12:06:22	0,1	0,1	0,1	0,1	0,1	0,1
14.08.2025 12:06:28	0,2	0,2	0,2	0,2	0,2	0,2
14.08.2025 12:06:34	0,9	0,8	0,3	0,9	0,9	0,9
14.08.2025 12:06:40	0,1	0,1	0,1	0,1	0,1	0,1
14.08.2025 12:06:46	0,1	0,1	0,1	0,1	0,1	0,1
14.08.2025 12:06:52	0,1	0,1	0,1	0,1	0,1	0,1
14.08.2025 12:06:58	0,1	0,1	0,1	0,1	0,1	0,1
14.08.2025 12:07:04	0,1	0,1	0,1	0,1	0,1	0,1
14.08.2025 12:07:10	0,1	0,1	0,1	0,1	0,1	0,1
14.08.2025 12:07:16	0,1	0,1	0,1	0,1	0,1	0,1
14.08.2025 12:07:22	0,1	0,1	0,1	0,1	0,1	0,1
14.08.2025 12:07:28	0,1	0,1	0,1	0,1	0,1	0,1
14.08.2025 12:07:34	0,1	0,1	0,1	0,1	0,1	0,1
14.08.2025 12:07:40	0,1	0,1	0,1	0,1	0,1	0,1
14.08.2025 12:07:46	0,8	0,7	0,1	0,8	0,8	0,7
14.08.2025 12:07:52	0,0	0,0	0,0	0,0	0,0	0,0
14.08.2025 12:07:58	0,1	0,1	0,1	0,1	0,1	0,1
14.08.2025 12:08:04	0,2	0,2	0,2	0,2	0,2	0,2
14.08.2025 12:08:10	0,1	0,1	0,1	0,1	0,1	0,1
14.08.2025 12:08:16	0,1	0,1	0,1	0,1	0,1	0,1
14.08.2025 12:08:22	0,2	0,2	0,2	0,2	0,2	0,2
14.08.2025 12:08:28	0,1	0,1	0,1	0,1	0,1	0,1
14.08.2025 12:08:34	0,1	0,1	0,1	0,1	0,1	0,1
14.08.2025 12:08:40	0,1	0,1	0,1	0,1	0,1	0,1
14.08.2025 12:08:46	0,1	0,1	0,1	0,1	0,1	0,1
14.08.2025 12:08:52	0,1	0,1	0,1	0,1	0,1	0,1
14.08.2025 12:08:58	0,2	0,2	0,1	0,2	0,2	0,2
14.08.2025 12:09:04	0,1	0,1	0,1	0,1	0,1	0,1
14.08.2025 12:09:10	0,0	0,0	0,0	0,0	0,0	0,0
14.08.2025 12:09:16	0,1	0,1	0,1	0,1	0,1	0,1
14.08.2025 12:09:22	0,1	0,1	0,1	0,1	0,1	0,1
14.08.2025 12:09:28	0,2	0,2	0,1	0,2	0,2	0,2
14.08.2025 12:09:34	0,1	0,1	0,1	0,1	0,1	0,1
14.08.2025 12:09:40	0,1	0,1	0,1	0,1	0,1	0,1
14.08.2025 12:09:46	0,0	0,0	0,0	0,0	0,0	0,0
14.08.2025 12:09:52	0,0	0,0	0,0	0,0	0,0	0,0
14.08.2025 12:09:58	0,1	0,1	0,1	0,1	0,1	0,1
14.08.2025 12:10:04	0,1	0,1	0,1	0,1	0,1	0,1
14.08.2025 12:10:10	0,1	0,1	0,1	0,1	0,1	0,1
14.08.2025 12:10:16	0,2	0,2	0,2	0,2	0,2	0,2
14.08.2025 12:10:22	0,0	0,0	0,0	0,0	0,0	0,0
14.08.2025 12:10:28	0,1	0,1	0,1	0,1	0,1	0,1
14.08.2025 12:10:34	0,2	0,2	0,2	0,2	0,2	0,2
14.08.2025 12:10:40	0,1	0,1	0,1	0,1	0,1	0,1
14.08.2025 12:10:46	0,1	0,1	0,1	0,1	0,1	0,1
14.08.2025 12:10:52	0,1	0,1	0,1	0,1	0,1	0,1
14.08.2025 12:10:58	0,0	0,0	0,0	0,0	0,0	0,0
14.08.2025 12:11:04	0,1	0,1	0,1	0,1	0,1	0,1
14.08.2025 12:11:10	0,1	0,1	0,1	0,1	0,1	0,1
14.08.2025 12:11:16	0,1	0,1	0,1	0,1	0,1	0,1
14.08.2025 12:11:22	0,1	0,1	0,1	0,1	0,1	0,1
14.08.2025 12:11:28	0,0	0,0	0,0	0,0	0,0	0,0
14.08.2025 12:11:34	0,1	0,1	0,1	0,1	0,1	0,1
14.08.2025 12:11:40	0,1	0,1	0,1	0,1	0,1	0,1
14.08.2025 12:11:46	0,1	0,1	0,1	0,1	0,1	0,1
14.08.2025 12:11:52	0,2	0,2	0,2	0,2	0,2	0,2
14.08.2025 12:11:58	0,1	0,1	0,1	0,1	0,1	0,1
14.08.2025 12:12:04	0,1	0,1	0,1	0,1	0,1	0,1
14.08.2025 12:12:10	0,1	0,1	0,1	0,1	0,1	0,1
14.08.2025 12:12:16	0,0	0,0	0,0	0,0	0,0	0,0
14.08.2025 12:12:22	0,0	0,0	0,0	0,0	0,0	0,0
14.08.2025 12:12:28	0,1	0,1	0,1	0,1	0,1	0,1
14.08.2025 12:12:34	0,1	0,1	0,1	0,1	0,1	0,1
14.08.2025 12:12:40	0,1	0,1	0,1	0,1	0,1	0,1
14.08.2025 12:12:46	0,1	0,1	0,1	0,1	0,1	0,1
14.08.2025 12:12:52	0,1	0,1	0,1	0,1	0,1	0,1
14.08.2025 12:12:58	0,1	0,1	0,1	0,1	0,1	0,1
14.08.2025 12:13:04	0,1	0,1	0,1	0,1	0,1	0,1
14.08.2025 12:13:10	0,1	0,1	0,1	0,1	0,1	0,1
14.08.2025 12:13:16	0,2	0,2	0,2	0,2	0,2	0,2
14.08.2025 12:13:22	0,1	0,1	0,1	0,1	0,1	0,1
14.08.2025 12:13:28	0,1	0,1	0,1	0,1	0,1	0,1
14.08.2025 12:13:34	0,1	0,1	0,1	0,1	0,1	0,1
14.08.2025 12:13:40	0,1	0,1	0,1	0,1	0,1	0,1
14.08.2025 12:13:46	0,1	0,1	0,1	0,1	0,1	0,1
14.08.2025 12:13:52	0,1	0,1	0,1	0,1	0,1	0,1
14.08.2025 12:13:58	0,4	0,4	0,1	0,4	0,4	0,4
14.08.2025 12:14:04	0,1	0,1	0,1	0,1	0,1	0,1
14.08.2025 12:14:10	0,1	0,1	0,1	0,1	0,1	0,1
14.08.2025 12:14:16	0,1	0,1	0,1	0,1	0,1	0,1
14.08.2025 12:14:22	0,1	0,1	0,1	0,1	0,1	0,1
14.08.2025 12:14:28	0,2	0,2	0,2	0,2	0,2	0,2
14.08.2025 12:14:34	0,3	0,3	0,3	0,3	0,3	0,3
14.08.2025 12:14:40	0,1	0,1	0,1	0,1	0,1	0,1
14.08.2025 12:14:46	0,1	0,1	0,1	0,1	0,1	0,1
14.08.2025 12:14:52	0,0	0,0	0,0	0,0	0,0	0,0
14.08.2025 12:14:58	0,1	0,1	0,1	0,1	0,1	0,1
14.08.2025 12:15:04	0,3	0,3	0,3	0,3	0,3	0,3
14.08.2025 12:15:10	0,1	0,1	0,1	0,1	0,1	0,1
14.08.2025 12:15:16	0,1	0,1	0,1	0,1	0,1	0,1
14.08.2025 12:15:22	0,1	0,1	0,1	0,1	0,1	0,1
14.08.2025 12:15:28	0,1	0,1	0,1	0,1	0,1	0,1
14.08.2025 12:15:34	0,1	0,1	0,1	0,1	0,1	0,1
14.08.2025 12:15:40	0,1	0,1	0,1	0,1	0,1	0,1
14.08.2025 12:15:46	0,1	0,1	0,1	0,1	0,1	0,1
14.08.2025 12:15:52	0,1	0,1	0,1	0,1	0,1	0,1
14.08.2025 12:15:58	0,1	0,1	0,1	0,1	0,1	0,1
14.08.2025 12:16:04	0,0	0,0	0,0	0,0	0,0	0,0
14.08.2025 12:16:10	0,1	0,1	0,1	0,1	0,1	0,1
14.08.2025 12:16:16	0,1	0,1	0,1	0,1	0,1	0,1
14.08.2025 12:16:22	0,1	0,1	0,1	0,1	0,1	0,1
14.08.2025 12:16:28	0,1	0,1	0,1	0,1	0,1	0,1
14.08.2025 12:16:34	0,1	0,1	0,1	0,1	0,1	0,1
14.08.2025 12:16:40	0,1	0,1	0,1	0,1	0,1	0,1
14.08.2025 12:16:46	0,1	0,1	0,1	0,1	0,1	0,1
14.08.2025 12:16:52	0,1	0,1	0,1	0,1	0,1	0,1
14.08.2025 12:16:58	0,1	0,1	0,1	0,1	0,1	0,1
14.08.2025 12:17:04	0,0	0,0	0,0	0,0	0,0	0,0
14.08.2025 12:17:10	0,1	0,1	0,1	0,1	0,1	0,1
14.08.2025 12:17:16	0,1	0,1	0,1	0,1	0,1	0,1
14.08.2025 12:17:22	0,1	0,1	0,1	0,1	0,1	0,1
14.08.2025 12:17:28	0,1	0,1	0,1	0,1	0,1	0,1
14.08.2025 12:17:34	0,0	0,0	0,0	0,0	0,0	0,0
14.08.2025 12:17:40	0,1	0,1	0,1	0,1	0,1	0,1
14.08.2025 12:17:46	0,1	0,1	0,1	0,1	0,1	0,1
14.08.2025 12:17:52	0,2	0,2	0,2	0,2	0,2	0,2
14.08.2025 12:17:58	0,0	0,0	0,0	0,0	0,0	0,0
14.08.2025 12:18:04	0,1	0,1	0,1	0,1	0,1	0,1
14.08.2025 12:18:10	0,1	0,1	0,1	0,1	0,1	0,1
14.08.2025 12:18:16	0,1	0,1	0,1	0,1	0,1	0,1
14.08.2025 12:18:22	0,1	0,1	0,1	0,1	0,1	0,1
14.08.2025 12:18:28	0,1	0,1	0,1	0,1	0,1	0,1
14.08.2025 12:18:34	0,1	0,1	0,1	0,1	0,1	0,1
14.08.2025 12:18:40	0,1	0,1	0,1	0,1	0,1	0,1
14.08.2025 12:18:46	0,1	0,1	0,1	0,1	0,1	0,1
14.08.2025 12:18:52	0,9	0,7	0,1	0,9	0,9	0,8
14.08.2025 12:18:58	0,1	0,1	0,1	0,1	0,1	0,1
14.08.2025 12:19:04	0,1	0,1	0,1	0,1	0,1	0,1
14.08.2025 12:19:10	0,1	0,1	0,1	0,1	0,1	0,1
14.08.2025 12:19:16	0,1	0,1	0,1	0,1	0,1	0,1
14.08.2025 12:19:22	0,1	0,1	0,1	0,1	0,1	0,1
14.08.2025 12:19:28	0,1	0,1	0,1	0,1	0,1	0,1
14.08.2025 12:19:34	0,1	0,1	0,1	0,1	0,1	0,1
14.08.2025 12:19:40	0,2	0,2	0,2	0,2	0,2	0,2
14.08.2025 12:19:46	0,1	0,1	0,1	0,1	0,1	0,1
14.08.2025 12:19:52	0,1	0,1	0,1	0,1	0,1	0,1
14.08.2025 12:19:58	0,1	0,1	0,1	0,1	0,1	0,1
14.08.2025 12:20:04	0,1	0,1	0,1	0,1	0,1	0,1
14.08.2025 12:20:10	0,1	0,1	0,1	0,1	0,1	0,1
14.08.2025 12:20:16	0,1	0,1	0,1	0,1	0,1	0,1
14.08.2025 12:20:22	0,2	0,2	0,2	0,2	0,2	0,2
14.08.2025 12:20:28	0,1	0,1	0,1	0,1	0,1	0,1
14.08.2025 12:20:34	0,1	0,1	0,1	0,1	0,1	0,1
14.08.2025 12:20:40	0,2	0,2	0,2	0,2	0,2	0,2
14.08.2025 12:20:46	0,3	0,3	0,1	0,3	0,3	0,3
14.08.2025 12:20:52	0,1	0,1	0,1	0,1	0,1	0,1
14.08.2025 12:20:58	0,0	0,0	0,0	0,0	0,0	0,0
14.08.2025 12:21:04	0,1	0,1	0,1	0,1	0,1	0,1
14.08.2025 12:21:10	0,0	0,0	0,0	0,0	0,0	0,0
14.08.2025 12:21:16	0,1	0,1	0,1	0,1	0,1	0,1
14.08.2025 12:21:22	0,1	0,1	0,1	0,1	0,1	0,1
14.08.2025 12:21:28	0,1	0,1	0,1	0,1	0,1	0,1
14.08.2025 12:21:34	0,1	0,1	0,1	0,1	0,1	0,1
14.08.2025 12:21:40	0,1	0,1	0,1	0,1	0,1	0,1
14.08.2025 12:21:46	0,1	0,1	0,1	0,1	0,1	0,1
14.08.2025 12:21:52	0,1	0,1	0,1	0,1	0,1	0,1
14.08.2025 12:21:58	0,1	0,1	0,1	0,1	0,1	0,1
14.08.2025 12:22:04	0,2	0,2	0,2	0,2	0,2	0,2
14.08.2025 12:22:10	0,1	0,1	0,1	0,1	0,1	0,1
14.08.2025 12:22:16	0,8	0,6	0,1	0,8	0,8	0,7
14.08.2025 12:22:22	0,1	0,1	0,1	0,1	0,1	0,1
14.08.2025 12:22:28	0,1	0,1	0,1	0,1	0,1	0,1
14.08.2025 12:22:34	0,1	0,1	0,1	0,1	0,1	0,1
14.08.2025 12:22:40	0,1	0,1	0,1	0,1	0,1	0,1
14.08.2025 12:22:46	0,0	0,0	0,0	0,0	0,0	0,0
14.08.2025 12:22:52	0,1	0,1	0,1	0,1	0,1	0,1
14.08.2025 12:22:58	0,1	0,1	0,1	0,1	0,1	0,1
14.08.2025 12:23:04	0,0	0,0	0,0	0,0	0,0	0,0
14.08.2025 12:23:10	0,0	0,0	0,0	0,0	0,0	0,0
14.08.2025 12:23:16	0,0	0,0	0,0	0,0	0,0	0,0
14.08.2025 12:23:22	0,1	0,1	0,1	0,1	0,1	0,1
14.08.2025 12:23:28	0,1	0,1	0,1	0,1	0,1	0,1
14.08.2025 12:23:34	0,1	0,1	0,1	0,1	0,1	0,1
14.08.2025 12:23:40	0,2	0,2	0,2	0,2	0,2	0,2
14.08.2025 12:23:46	2,1	1,8	0,2	2,1	2,1	1,9
14.08.2025 12:23:52	1,3	0,8	0,2	1,3	1,3	1,0
14.08.2025 12:23:58	0,0	0,0	0,0	0,0	0,0	0,0
14.08.2025 12:24:04	0,8	0,7	0,1	0,8	0,8	0,7
14.08.2025 12:24:10	0,1	0,1	0,1	0,1	0,1	0,1
14.08.2025 12:24:16	0,1	0,1	0,1	0,1	0,1	0,1
14.08.2025 12:24:22	0,1	0,1	0,1	0,1	0,1	0,1
14.08.2025 12:24:28	0,2	0,2	0,2	0,2	0,2	0,2
14.08.2025 12:24:34	0,1	0,1	0,1	0,1	0,1	0,1
14.08.2025 12:24:40	0,1	0,1	0,1	0,1	0,1	0,1
14.08.2025 12:24:46	0,1	0,1	0,1	0,1	0,1	0,1
14.08.2025 12:24:52	0,1	0,1	0,1	0,1	0,1	0,1
14.08.2025 12:24:58	0,2	0,2	0,2	0,2	0,2	0,2
14.08.2025 12:25:04	0,0	0,0	0,0	0,0	0,0	0,0
14.08.2025 12:25:10	0,1	0,1	0,1	0,1	0,1	0,1
14.08.2025 12:25:16	0,1	0,1	0,1	0,1	0,1	0,1
14.08.2025 12:25:22	0,0	0,0	0,0	0,0	0,0	0,0
14.08.2025 12:25:28	0,1	0,1	0,1	0,1	0,1	0,1
14.08.2025 12:25:34	0,0	0,0	0,0	0,0	0,0	0,0
14.08.2025 12:25:40	0,1	0,1	0,1	0,1	0,1	0,1
14.08.2025 12:25:46	0,1	0,1	0,1	0,1	0,1	0,1
14.08.2025 12:25:52	0,1	0,1	0,1	0,1	0,1	0,1
14.08.2025 12:25:58	0,1	0,1	0,1	0,1	0,1	0,1
14.08.2025 12:26:04	0,1	0,1	0,1	0,1	0,1	0,1
14.08.2025 12:26:10	0,3	0,3	0,2	0,3	0,3	0,3
14.08.2025 12:26:16	0,1	0,1	0,1	0,1	0,1	0,1
14.08.2025 12:26:22	0,0	0,0	0,0	0,0	0,0	0,0
14.08.2025 12:26:28	0,1	0,1	0,1	0,1	0,1	0,1
14.08.2025 12:26:34	0,1	0,1	0,1	0,1	0,1	0,1
14.08.2025 12:26:40	0,1	0,1	0,1	0,1	0,1	0,1
14.08.2025 12:26:46	0,1	0,1	0,1	0,1	0,1	0,1
14.08.2025 12:26:52	0,1	0,1	0,1	0,1	0,1	0,1
14.08.2025 12:26:58	0,1	0,1	0,1	0,1	0,1	0,1
14.08.2025 12:27:04	0,1	0,1	0,1	0,1	0,1	0,1
14.08.2025 12:27:10	0,1	0,1	0,1	0,1	0,1	0,1
14.08.2025 12:27:16	0,2	0,2	0,2	0,2	0,2	0,2
14.08.2025 12:27:22	0,1	0,1	0,1	0,1	0,1	0,1
14.08.2025 12:27:28	0,1	0,1	0,1	0,1	0,1	0,1
14.08.2025 12:27:34	0,1	0,1	0,1	0,1	0,1	0,1
14.08.2025 12:27:40	0,1	0,1	0,1	0,1	0,1	0,1
14.08.2025 12:27:46	0,1	0,1	0,1	0,1	0,1	0,1
14.08.2025 12:27:52	0,1	0,1	0,1	0,1	0,1	0,1
14.08.2025 12:27:58	0,2	0,2	0,1	0,2	0,2	0,2
14.08.2025 12:28:04	0,1	0,1	0,1	0,1	0,1	0,1
14.08.2025 12:28:10	0,1	0,1	0,1	0,1	0,1	0,1
14.08.2025 12:28:16	0,1	0,1	0,1	0,1	0,1	0,1
14.08.2025 12:28:22	0,1	0,1	0,1	0,1	0,1	0,1
14.08.2025 12:28:28	0,1	0,1	0,1	0,1	0,1	0,1
14.08.2025 12:28:34	0,1	0,1	0,1	0,1	0,1	0,1
14.08.2025 12:28:40	0,1	0,1	0,1	0,1	0,1	0,1
14.08.2025 12:28:46	0,0	0,0	0,0	0,0	0,0	0,0
14.08.2025 12:28:52	0,1	0,1	0,1	0,1	0,1	0,1
14.08.2025 12:28:58	0,1	0,1	0,1	0,1	0,1	0,1
14.08.2025 12:29:04	0,1	0,1	0,1	0,1	0,1	0,1
14.08.2025 12:29:10	0,1	0,1	0,1	0,1	0,1	0,1
14.08.2025 12:29:16	0,1	0,1	0,1	0,1	0,1	0,1
14.08.2025 12:29:22	0,1	0,1	0,1	0,1	0,1	0,1
14.08.2025 12:29:28	0,1	0,1	0,1	0,1	0,1	0,1
14.08.2025 12:29:34	0,1	0,1	0,1	0,1	0,1	0,1
14.08.2025 12:29:40	0,1	0,1	0,1	0,1	0,1	0,1
14.08.2025 12:29:46	0,1	0,1	0,1	0,1	0,1	0,1
14.08.2025 12:29:52	0,1	0,1	0,1	0,1	0,1	0,1
14.08.2025 12:29:58	0,1	0,1	0,1	0,1	0,1	0,1
14.08.2025 12:30:04	0,4	0,4	0,1	0,4	0,4	0,4
14.08.2025 12:30:10	0,2	0,2	0,2	0,2	0,2	0,2
14.08.2025 12:30:16	0,1	0,1	0,1	0,1	0,1	0,1
14.08.2025 12:30:22	0,1	0,1	0,1	0,1	0,1	0,1
14.08.2025 12:30:28	0,0	0,0	0,0	0,0	0,0	0,0
14.08.2025 12:30:34	0,1	0,1	0,1	0,1	0,1	0,1
14.08.2025 12:30:40	0,1	0,1	0,1	0,1	0,1	0,1
14.08.2025 12:30:46	0,1	0,1	0,1	0,1	0,1	0,1
14.08.2025 12:30:52	0,1	0,1	0,1	0,1	0,1	0,1
14.08.2025 12:30:58	0,0	0,0	0,0	0,0	0,0	0,0
14.08.2025 12:31:04	0,1	0,1	0,1	0,1	0,1	0,1
14.08.2025 12:31:10	0,1	0,1	0,1	0,1	0,1	0,1
14.08.2025 12:31:16	0,1	0,1	0,1	0,1	0,1	0,1
14.08.2025 12:31:22	0,1	0,1	0,1	0,1	0,1	0,1
14.08.2025 12:31:28	0,0	0,0	0,0	0,0	0,0	0,0
14.08.2025 12:31:34	0,0	0,0	0,0	0,0	0,0	0,0
14.08.2025 12:31:40	0,1	0,1	0,1	0,1	0,1	0,1
14.08.2025 12:31:46	0,1	0,1	0,1	0,1	0,1	0,1
14.08.2025 12:31:52	0,1	0,1	0,1	0,1	0,1	0,1
14.08.2025 12:31:58	0,1	0,1	0,1	0,1	0,1	0,1
14.08.2025 12:32:04	0,1	0,1	0,1	0,1	0,1	0,1
14.08.2025 12:32:10	0,1	0,1	0,1	0,1	0,1	0,1
14.08.2025 12:32:16	0,1	0,1	0,1	0,1	0,1	0,1
14.08.2025 12:32:22	0,2	0,2	0,1	0,2	0,2	0,2
14.08.2025 12:32:28	0,1	0,1	0,1	0,1	0,1	0,1
14.08.2025 12:32:34	0,1	0,1	0,1	0,1	0,1	0,1
14.08.2025 12:32:40	0,0	0,0	0,0	0,0	0,0	0,0
14.08.2025 12:32:46	0,1	0,1	0,1	0,1	0,1	0,1
14.08.2025 12:32:52	0,1	0,1	0,1	0,1	0,1	0,1
14.08.2025 12:32:58	0,1	0,1	0,1	0,1	0,1	0,1
14.08.2025 12:33:04	0,1	0,1	0,1	0,1	0,1	0,1
14.08.2025 12:33:10	0,1	0,1	0,1	0,1	0,1	0,1
14.08.2025 12:33:16	0,1	0,1	0,1	0,1	0,1	0,1
14.08.2025 12:33:22	0,1	0,1	0,1	0,1	0,1	0,1
14.08.2025 12:33:28	0,1	0,1	0,1	0,1	0,1	0,1
14.08.2025 12:33:34	0,1	0,1	0,1	0,1	0,1	0,1
14.08.2025 12:33:40	0,0	0,0	0,0	0,0	0,0	0,0
14.08.2025 12:33:46	0,1	0,1	0,1	0,1	0,1	0,1
14.08.2025 12:33:52	0,1	0,1	0,1	0,1	0,1	0,1
14.08.2025 12:33:58	0,1	0,1	0,1	0,1	0,1	0,1
14.08.2025 12:34:04	0,1	0,1	0,1	0,1	0,1	0,1
14.08.2025 12:34:10	0,1	0,1	0,1	0,1	0,1	0,1
14.08.2025 12:34:16	0,1	0,1	0,1	0,1	0,1	0,1
14.08.2025 12:34:22	0,1	0,1	0,1	0,1	0,1	0,1
14.08.2025 12:34:28	0,2	0,2	0,1	0,2	0,2	0,2
14.08.2025 12:34:34	0,1	0,1	0,1	0,1	0,1	0,1
14.08.2025 12:34:40	0,8	0,6	0,1	0,8	0,8	0,7
14.08.2025 12:34:46	0,1	0,1	0,1	0,1	0,1	0,1
14.08.2025 12:34:52	0,1	0,1	0,1	0,1	0,1	0,1
14.08.2025 12:34:58	0,1	0,1	0,1	0,1	0,1	0,1
14.08.2025 12:35:04	0,1	0,1	0,1	0,1	0,1	0,1
14.08.2025 12:35:10	0,1	0,1	0,1	0,1	0,1	0,1
14.08.2025 12:35:16	0,1	0,1	0,1	0,1	0,1	0,1
14.08.2025 12:35:22	0,1	0,1	0,1	0,1	0,1	0,1
14.08.2025 12:35:28	0,1	0,1	0,1	0,1	0,1	0,1
14.08.2025 12:35:34	0,1	0,1	0,1	0,1	0,1	0,1
14.08.2025 12:35:40	0,1	0,1	0,1	0,1	0,1	0,1
14.08.2025 12:35:46	0,1	0,1	0,1	0,1	0,1	0,1
14.08.2025 12:35:52	0,2	0,2	0,2	0,2	0,2	0,2
14.08.2025 12:35:58	0,1	0,1	0,1	0,1	0,1	0,1
14.08.2025 12:36:04	0,1	0,1	0,1	0,1	0,1	0,1
14.08.2025 12:36:10	0,2	0,2	0,2	0,2	0,2	0,2
14.08.2025 12:36:16	0,1	0,1	0,1	0,1	0,1	0,1
14.08.2025 12:36:22	0,1	0,1	0,1	0,1	0,1	0,1
14.08.2025 12:36:28	0,1	0,1	0,1	0,1	0,1	0,1
14.08.2025 12:36:34	0,1	0,1	0,1	0,1	0,1	0,1
14.08.2025 12:36:40	0,1	0,1	0,1	0,1	0,1	0,1
14.08.2025 12:36:46	0,1	0,1	0,1	0,1	0,1	0,1
14.08.2025 12:36:52	0,3	0,3	0,3	0,3	0,3	0,3
14.08.2025 12:36:58	0,0	0,0	0,0	0,0	0,0	0,0
14.08.2025 12:37:04	0,2	0,2	0,1	0,2	0,2	0,2
14.08.2025 12:37:10	0,1	0,1	0,1	0,1	0,1	0,1
14.08.2025 12:37:16	0,1	0,1	0,1	0,1	0,1	0,1
14.08.2025 12:37:22	0,1	0,1	0,1	0,1	0,1	0,1
14.08.2025 12:37:28	0,2	0,2	0,2	0,2	0,2	0,2
14.08.2025 12:37:34	0,2	0,2	0,2	0,2	0,2	0,2
14.08.2025 12:37:40	0,1	0,1	0,1	0,1	0,1	0,1
14.08.2025 12:37:46	0,2	0,2	0,2	0,2	0,2	0,2
14.08.2025 12:37:52	0,1	0,1	0,1	0,1	0,1	0,1
14.08.2025 12:37:58	0,1	0,1	0,1	0,1	0,1	0,1
14.08.2025 12:38:04	0,0	0,0	0,0	0,0	0,0	0,0
14.08.2025 12:38:10	0,1	0,1	0,1	0,1	0,1	0,1
14.08.2025 12:38:16	0,4	0,4	0,1	0,4	0,4	0,4
14.08.2025 12:38:22	0,0	0,0	0,0	0,0	0,0	0,0
14.08.2025 12:38:28	0,0	0,0	0,0	0,0	0,0	0,0
14.08.2025 12:38:34	0,1	0,1	0,1	0,1	0,1	0,1
14.08.2025 12:38:40	0,1	0,1	0,1	0,1	0,1	0,1
14.08.2025 12:38:46	0,1	0,1	0,1	0,1	0,1	0,1
14.08.2025 12:38:52	0,1	0,1	0,1	0,1	0,1	0,1
14.08.2025 12:38:58	0,2	0,2	0,2	0,2	0,2	0,2
14.08.2025 12:39:04	0,1	0,1	0,1	0,1	0,1	0,1
14.08.2025 12:39:10	0,1	0,1	0,1	0,1	0,1	0,1
14.08.2025 12:39:16	0,1	0,1	0,1	0,1	0,1	0,1
14.08.2025 12:39:22	0,1	0,1	0,1	0,1	0,1	0,1
14.08.2025 12:39:28	0,1	0,1	0,1	0,1	0,1	0,1
14.08.2025 12:39:34	0,1	0,1	0,1	0,1	0,1	0,1
14.08.2025 12:39:40	0,1	0,1	0,1	0,1	0,1	0,1
14.08.2025 12:39:46	0,1	0,1	0,1	0,1	0,1	0,1
14.08.2025 12:39:52	0,1	0,1	0,1	0,1	0,1	0,1
14.08.2025 12:39:58	0,1	0,1	0,1	0,1	0,1	0,1
14.08.2025 12:40:04	0,0	0,0	0,0	0,0	0,0	0,0
14.08.2025 12:40:10	0,1	0,1	0,1	0,1	0,1	0,1
14.08.2025 12:40:16	0,1	0,1	0,1	0,1	0,1	0,1
14.08.2025 12:40:22	0,1	0,1	0,1	0,1	0,1	0,1
14.08.2025 12:40:28	0,2	0,2	0,1	0,2	0,2	0,2
14.08.2025 12:40:34	0,1	0,1	0,1	0,1	0,1	0,1
14.08.2025 12:40:40	0,1	0,1	0,1	0,1	0,1	0,1
14.08.2025 12:40:46	0,1	0,1	0,1	0,1	0,1	0,1
14.08.2025 12:40:52	0,0	0,0	0,0	0,0	0,0	0,0
14.08.2025 12:40:58	0,1	0,1	0,1	0,1	0,1	0,1
14.08.2025 12:41:04	0,1	0,1	0,1	0,1	0,1	0,1
14.08.2025 12:41:10	0,1	0,1	0,1	0,1	0,1	0,1
14.08.2025 12:41:16	0,1	0,1	0,1	0,1	0,1	0,1
14.08.2025 12:41:22	0,1	0,1	0,1	0,1	0,1	0,1
14.08.2025 12:41:28	0,1	0,1	0,1	0,1	0,1	0,1
14.08.2025 12:41:34	0,1	0,1	0,1	0,1	0,1	0,1
14.08.2025 12:41:40	0,1	0,1	0,1	0,1	0,1	0,1
14.08.2025 12:41:46	0,0	0,0	0,0	0,0	0,0	0,0
14.08.2025 12:41:52	0,1	0,1	0,1	0,1	0,1	0,1
14.08.2025 12:41:58	0,1	0,1	0,1	0,1	0,1	0,1
14.08.2025 12:42:04	0,2	0,2	0,2	0,2	0,2	0,2
14.08.2025 12:42:10	0,1	0,1	0,1	0,1	0,1	0,1
14.08.2025 12:42:16	0,1	0,1	0,1	0,1	0,1	0,1
14.08.2025 12:42:22	0,1	0,1	0,1	0,1	0,1	0,1
14.08.2025 12:42:28	0,1	0,1	0,1	0,1	0,1	0,1
14.08.2025 12:42:34	0,1	0,1	0,1	0,1	0,1	0,1
14.08.2025 12:42:40	0,0	0,0	0,0	0,0	0,0	0,0
14.08.2025 12:42:46	0,1	0,1	0,1	0,1	0,1	0,1
14.08.2025 12:42:52	0,1	0,1	0,1	0,1	0,1	0,1
14.08.2025 12:42:58	0,1	0,1	0,1	0,1	0,1	0,1
14.08.2025 12:43:04	0,1	0,1	0,1	0,1	0,1	0,1
14.08.2025 12:43:10	0,2	0,2	0,2	0,2	0,2	0,2
14.08.2025 12:43:16	0,1	0,1	0,1	0,1	0,1	0,1
14.08.2025 12:43:22	0,1	0,1	0,1	0,1	0,1	0,1
14.08.2025 12:43:28	0,1	0,1	0,1	0,1	0,1	0,1
14.08.2025 12:43:34	0,1	0,1	0,1	0,1	0,1	0,1
14.08.2025 12:43:40	0,1	0,1	0,1	0,1	0,1	0,1
14.08.2025 12:43:46	0,1	0,1	0,1	0,1	0,1	0,1
14.08.2025 12:43:52	0,1	0,1	0,1	0,1	0,1	0,1
14.08.2025 12:43:58	0,1	0,1	0,1	0,1	0,1	0,1
14.08.2025 12:44:04	0,1	0,1	0,1	0,1	0,1	0,1
14.08.2025 12:44:10	0,1	0,1	0,1	0,1	0,1	0,1
14.08.2025 12:44:16	0,1	0,1	0,1	0,1	0,1	0,1
14.08.2025 12:44:22	0,1	0,1	0,1	0,1	0,1	0,1
14.08.2025 12:44:28	0,1	0,1	0,1	0,1	0,1	0,1
14.08.2025 12:44:34	0,1	0,1	0,1	0,1	0,1	0,1
14.08.2025 12:44:40	0,1	0,1	0,1	0,1	0,1	0,1
14.08.2025 12:44:46	0,1	0,1	0,1	0,1	0,1	0,1
14.08.2025 12:44:52	0,0	0,0	0,0	0,0	0,0	0,0
14.08.2025 12:44:58	0,1	0,1	0,1	0,1	0,1	0,1
14.08.2025 12:45:04	0,1	0,1	0,1	0,1	0,1	0,1
14.08.2025 12:45:10	0,1	0,1	0,1	0,1	0,1	0,1
14.08.2025 12:45:16	0,1	0,1	0,1	0,1	0,1	0,1
14.08.2025 12:45:22	0,1	0,1	0,1	0,1	0,1	0,1
14.08.2025 12:45:28	0,1	0,1	0,1	0,1	0,1	0,1
14.08.2025 12:45:34	0,1	0,1	0,1	0,1	0,1	0,1
14.08.2025 12:45:40	0,1	0,1	0,1	0,1	0,1	0,1
