<Header>
User name: CF
Location: laboratory
# of Location: 1
Model: 1.109
Serial No.: 9G050007
Firmware revision: 12.30E
Software revision: 7-1 Rev XII (27-02-2019)
Unit: log data
C-factor: 1,00
Comment: test room aerosol conditions
online data
K-line: K	576	922	1782	0	0	32	81	0	0	0	0	
analog inputs: Input 1:	offset: 0,00	factor: 0,00	connected: no;Input 2:	offset: 0,00	factor: 0,00	connected: no;Input 3:	offset: 0,00	factor: 0,00	connected: no;Input 4:	offset: 0,00	factor: 0,00	connected: no
<Data>
[d&t31.12.2035 11:50:55]	P	Year	Month	Day	Hour	Minute	Loc	GF	Error	Qbatt	Im	UeL	UE4	UE3	UE2	UE1	IV
14.08.2025 10:18:50	P	25	8	14	10	18	1	0	0	130	22	1	5	0	0	0	6	
14.08.2025 10:19:57	P	25	8	14	10	19	1	20	0	130	49	1	5	0	0	0	6	
14.08.2025 10:20:57	P	25	8	14	10	20	1	20	0	130	49	1	5	0	0	0	6	
14.08.2025 10:21:57	P	25	8	14	10	21	1	20	0	130	48	1	5	0	0	0	6	
14.08.2025 10:22:57	P	25	8	14	10	22	1	20	0	130	48	1	5	0	0	0	6	
14.08.2025 10:23:57	P	25	8	14	10	23	1	20	0	130	48	1	5	0	0	0	6	
14.08.2025 10:24:57	P	25	8	14	10	24	1	20	0	130	47	1	5	0	0	0	6	
14.08.2025 10:25:57	P	25	8	14	10	25	1	20	0	130	46	1	5	0	0	0	6	
14.08.2025 10:26:57	P	25	8	14	10	26	1	20	0	130	45	1	5	0	0	0	6	
14.08.2025 10:27:57	P	25	8	14	10	27	1	20	0	130	45	1	5	0	0	0	6	
14.08.2025 10:28:57	P	25	8	14	10	28	1	20	0	130	45	1	5	0	0	0	6	
14.08.2025 10:29:57	P	25	8	14	10	29	1	20	0	130	45	1	5	0	0	0	6	
14.08.2025 10:30:57	P	25	8	14	10	30	1	20	0	130	45	0	5	0	0	0	6	
14.08.2025 10:31:57	P	25	8	14	10	31	1	20	0	130	44	1	5	0	0	0	6	
14.08.2025 10:32:57	P	25	8	14	10	32	1	20	0	130	44	1	5	0	0	0	6	
14.08.2025 10:33:57	P	25	8	14	10	33	1	20	0	130	45	1	5	0	0	0	6	
14.08.2025 10:34:57	P	25	8	14	10	34	1	20	0	130	45	1	5	0	0	0	6	
14.08.2025 10:35:57	P	25	8	14	10	35	1	20	0	130	44	1	5	0	0	0	6	
14.08.2025 10:36:57	P	25	8	14	10	36	1	20	0	130	44	1	5	0	0	0	6	
14.08.2025 10:37:57	P	25	8	14	10	37	1	20	0	130	44	1	5	0	0	0	6	
14.08.2025 10:38:57	P	25	8	14	10	38	1	20	0	130	44	1	5	0	0	0	6	
14.08.2025 10:39:57	P	25	8	14	10	39	1	20	0	130	44	0	5	0	0	0	6	
14.08.2025 10:40:57	P	25	8	14	10	40	1	20	0	130	44	1	5	0	0	0	6	
14.08.2025 10:41:57	P	25	8	14	10	41	1	20	0	130	44	1	5	0	0	0	6	
14.08.2025 10:42:57	P	25	8	14	10	42	1	20	0	130	44	1	5	0	0	0	6	
14.08.2025 10:43:57	P	25	8	14	10	43	1	20	0	130	44	1	5	0	0	0	6	
14.08.2025 10:44:57	P	25	8	14	10	44	1	20	0	130	43	1	5	0	0	0	6	
14.08.2025 10:45:56	P	25	8	14	10	45	1	20	0	130	43	1	5	0	0	0	6	
14.08.2025 10:46:56	P	25	8	14	10	46	1	20	0	130	44	1	5	0	0	0	6	
14.08.2025 10:47:56	P	25	8	14	10	47	1	20	0	130	44	1	5	0	0	0	6	
14.08.2025 10:48:57	P	25	8	14	10	48	1	20	0	130	44	1	5	0	0	0	6	
14.08.2025 10:49:56	P	25	8	14	10	49	1	20	0	130	44	1	5	0	0	0	6	
14.08.2025 10:50:57	P	25	8	14	10	50	1	20	0	130	44	1	5	0	0	0	6	
14.08.2025 10:51:57	P	25	8	14	10	51	1	20	0	130	43	1	5	0	0	0	6	
14.08.2025 10:52:57	P	25	8	14	10	52	1	20	0	130	43	1	5	0	0	0	6	
14.08.2025 10:53:56	P	25	8	14	10	53	1	20	0	130	43	1	5	0	0	0	6	
14.08.2025 10:54:57	P	25	8	14	10	54	1	20	0	130	43	1	5	0	0	0	6	
14.08.2025 10:55:56	P	25	8	14	10	55	1	20	0	130	43	1	5	0	0	0	6	
14.08.2025 10:56:56	P	25	8	14	10	56	1	20	0	130	44	1	5	0	0	0	6	
14.08.2025 10:57:57	P	25	8	14	10	57	1	20	0	130	43	1	5	0	0	0	6	
14.08.2025 10:58:57	P	25	8	14	10	58	1	20	0	130	42	1	5	0	0	0	6	
14.08.2025 10:59:57	P	25	8	14	10	59	1	20	0	130	43	1	5	0	0	0	6	
14.08.2025 11:00:57	P	25	8	14	11	0	1	20	0	130	43	1	5	0	0	0	6	
14.08.2025 11:01:57	P	25	8	14	11	1	1	20	0	130	43	1	5	0	0	0	6	
14.08.2025 11:02:56	P	25	8	14	11	2	1	20	0	130	43	1	5	0	0	0	6	
14.08.2025 11:03:56	P	25	8	14	11	3	1	20	0	130	43	1	5	0	0	0	6	
14.08.2025 11:04:56	P	25	8	14	11	4	1	20	0	130	43	1	5	0	0	0	6	
14.08.2025 11:05:57	P	25	8	14	11	5	1	20	0	130	43	1	5	0	0	0	6	
14.08.2025 11:07:56	P	25	8	14	11	7	1	20	0	130	43	1	5	0	0	0	6	
14.08.2025 11:08:56	P	25	8	14	11	8	1	20	0	130	43	1	5	0	0	0	6	
14.08.2025 11:09:56	P	25	8	14	11	9	1	20	0	130	43	1	5	0	0	0	6	
14.08.2025 11:10:56	P	25	8	14	11	10	1	20	0	130	43	1	5	0	0	0	6	
14.08.2025 11:11:57	P	25	8	14	11	11	1	20	0	130	43	1	5	0	0	0	6	
14.08.2025 11:12:57	P	25	8	14	11	12	1	20	0	130	43	1	5	0	0	0	6	
14.08.2025 11:13:56	P	25	8	14	11	13	1	20	0	130	45	1	5	0	0	0	6	
14.08.2025 11:14:56	P	25	8	14	11	14	1	20	0	130	43	1	5	0	0	0	6	
14.08.2025 11:15:56	P	25	8	14	11	15	1	20	0	130	43	1	5	0	0	0	6	
14.08.2025 11:16:56	P	25	8	14	11	16	1	20	0	130	43	1	5	0	0	0	6	
14.08.2025 11:17:56	P	25	8	14	11	17	1	20	0	130	44	1	5	0	0	0	6	
14.08.2025 11:18:56	P	25	8	14	11	18	1	20	0	130	43	1	5	0	0	0	6	
14.08.2025 11:19:56	P	25	8	14	11	19	1	20	0	130	43	1	5	0	0	0	6	
14.08.2025 11:20:56	P	25	8	14	11	20	1	20	0	130	43	1	5	0	0	0	6	
14.08.2025 11:21:56	P	25	8	14	11	21	1	20	0	130	43	1	5	0	0	0	6	
14.08.2025 11:22:56	P	25	8	14	11	22	1	20	0	130	43	1	5	0	0	0	6	
14.08.2025 11:23:56	P	25	8	14	11	23	1	20	0	130	43	1	5	0	0	0	6	
14.08.2025 11:24:56	P	25	8	14	11	24	1	20	0	130	43	1	5	0	0	0	6	
14.08.2025 11:25:56	P	25	8	14	11	25	1	20	0	130	42	1	5	0	0	0	6	
14.08.2025 11:26:56	P	25	8	14	11	26	1	20	0	130	43	1	5	0	0	0	6	
14.08.2025 11:27:56	P	25	8	14	11	27	1	20	0	130	42	1	5	0	0	0	6	
14.08.2025 11:28:57	P	25	8	14	11	28	1	20	0	130	42	1	5	0	0	0	6	
14.08.2025 11:29:57	P	25	8	14	11	29	1	20	0	130	43	1	5	0	0	0	6	
14.08.2025 11:30:57	P	25	8	14	11	30	1	20	0	130	44	1	5	0	0	0	6	
14.08.2025 11:31:57	P	25	8	14	11	31	1	20	0	130	43	1	5	0	0	0	6	
14.08.2025 11:32:56	P	25	8	14	11	32	1	20	0	130	43	0	5	0	0	0	6	
14.08.2025 11:33:57	P	25	8	14	11	33	1	20	0	130	43	1	5	0	0	0	6	
14.08.2025 11:34:56	P	25	8	14	11	34	1	20	0	130	43	1	5	0	0	0	6	
14.08.2025 11:35:56	P	25	8	14	11	35	1	20	0	130	43	1	5	0	0	0	6	
14.08.2025 11:36:56	P	25	8	14	11	36	1	20	0	130	43	1	5	0	0	0	6	
14.08.2025 11:37:56	P	25	8	14	11	37	1	20	0	130	43	1	5	0	0	0	6	
14.08.2025 11:38:56	P	25	8	14	11	38	1	20	0	130	43	1	5	0	0	0	6	
14.08.2025 11:39:56	P	25	8	14	11	39	1	20	0	130	43	1	5	0	0	0	6	
14.08.2025 11:40:56	P	25	8	14	11	40	1	20	0	130	43	1	5	0	0	0	6	
14.08.2025 11:41:56	P	25	8	14	11	41	1	20	0	130	43	1	5	0	0	0	6	
14.08.2025 11:42:56	P	25	8	14	11	42	1	20	0	130	43	1	5	0	0	0	6	
14.08.2025 11:43:56	P	25	8	14	11	43	1	20	0	130	43	1	5	0	0	0	6	
14.08.2025 11:44:56	P	25	8	14	11	44	1	20	0	130	44	1	5	0	0	0	6	
14.08.2025 11:45:56	P	25	8	14	11	45	1	20	0	130	43	1	5	0	0	0	6	
14.08.2025 11:46:56	P	25	8	14	11	46	1	20	0	130	44	1	5	0	0	0	6	
14.08.2025 11:47:56	P	25	8	14	11	47	1	20	0	130	46	1	5	0	0	0	6	
14.08.2025 11:48:56	P	25	8	14	11	48	1	20	0	130	44	1	5	0	0	0	6	
14.08.2025 11:50:56	P	25	8	14	11	50	1	20	0	130	43	1	5	0	0	0	6	
14.08.2025 11:51:56	P	25	8	14	11	51	1	20	0	130	43	1	5	0	0	0	6	
14.08.2025 11:52:56	P	25	8	14	11	52	1	20	0	130	43	1	5	0	0	0	6	
14.08.2025 11:53:56	P	25	8	14	11	53	1	20	0	130	43	1	5	0	0	0	6	
14.08.2025 11:54:56	P	25	8	14	11	54	1	20	0	130	43	1	5	0	0	0	6	
14.08.2025 11:55:56	P	25	8	14	11	55	1	20	0	130	43	1	5	0	0	0	6	
14.08.2025 11:56:56	P	25	8	14	11	56	1	20	0	130	44	1	5	0	0	0	6	
14.08.2025 11:57:56	P	25	8	14	11	57	1	20	0	130	44	1	5	0	0	0	6	
14.08.2025 11:58:56	P	25	8	14	11	58	1	20	0	130	44	1	5	0	0	0	6	
14.08.2025 11:59:56	P	25	8	14	11	59	1	20	0	130	43	1	5	0	0	0	6	
14.08.2025 12:00:56	P	25	8	14	12	0	1	20	0	130	44	1	5	0	0	0	6	
14.08.2025 12:01:56	P	25	8	14	12	1	1	20	0	130	44	1	5	0	0	0	6	
14.08.2025 12:02:56	P	25	8	14	12	2	1	20	0	130	44	1	5	0	0	0	6	
14.08.2025 12:03:56	P	25	8	14	12	3	1	20	0	130	44	1	5	0	0	0	6	
14.08.2025 12:04:56	P	25	8	14	12	4	1	20	0	130	44	1	5	0	0	0	6	
14.08.2025 12:05:56	P	25	8	14	12	5	1	20	0	130	43	1	5	0	0	0	6	
14.08.2025 12:06:56	P	25	8	14	12	6	1	20	0	130	43	1	5	0	0	0	6	
14.08.2025 12:07:56	P	25	8	14	12	7	1	20	0	130	43	1	5	0	0	0	6	
14.08.2025 12:08:56	P	25	8	14	12	8	1	20	0	130	43	1	5	0	0	0	6	
14.08.2025 12:09:56	P	25	8	14	12	9	1	20	0	130	43	1	5	0	0	0	6	
14.08.2025 12:10:56	P	25	8	14	12	10	1	20	0	130	43	1	5	0	0	0	6	
14.08.2025 12:11:56	P	25	8	14	12	11	1	20	0	130	43	1	5	0	0	0	6	
14.08.2025 12:12:56	P	25	8	14	12	12	1	20	0	130	44	0	5	0	0	0	6	
14.08.2025 12:13:56	P	25	8	14	12	13	1	20	0	130	43	1	5	0	0	0	6	
14.08.2025 12:14:56	P	25	8	14	12	14	1	20	0	130	43	1	5	0	0	0	6	
14.08.2025 12:15:56	P	25	8	14	12	15	1	20	0	130	43	1	5	0	0	0	6	
14.08.2025 12:16:56	P	25	8	14	12	16	1	20	0	130	43	1	5	0	0	0	6	
14.08.2025 12:17:56	P	25	8	14	12	17	1	20	0	130	43	1	5	0	0	0	6	
14.08.2025 12:18:56	P	25	8	14	12	18	1	20	0	130	43	1	5	0	0	0	6	
14.08.2025 12:19:56	P	25	8	14	12	19	1	20	0	130	43	1	5	0	0	0	6	
14.08.2025 12:20:56	P	25	8	14	12	20	1	20	0	130	43	1	5	0	0	0	6	
14.08.2025 12:21:56	P	25	8	14	12	21	1	20	0	130	44	1	5	0	0	0	6	
14.08.2025 12:22:56	P	25	8	14	12	22	1	20	0	130	43	1	5	0	0	0	6	
14.08.2025 12:23:56	P	25	8	14	12	23	1	20	0	130	43	1	5	0	0	0	6	
14.08.2025 12:24:56	P	25	8	14	12	24	1	20	0	130	44	1	5	0	0	0	6	
14.08.2025 12:25:56	P	25	8	14	12	25	1	20	0	130	44	1	5	0	0	0	6	
14.08.2025 12:26:56	P	25	8	14	12	26	1	20	0	130	43	1	5	0	0	0	6	
14.08.2025 12:27:56	P	25	8	14	12	27	1	20	0	130	43	1	5	0	0	0	6	
14.08.2025 12:28:56	P	25	8	14	12	28	1	20	0	130	43	1	5	0	0	0	6	
14.08.2025 12:29:56	P	25	8	14	12	29	1	20	0	130	43	1	5	0	0	0	6	
14.08.2025 12:30:56	P	25	8	14	12	30	1	20	0	130	44	1	5	0	0	0	6	
14.08.2025 12:31:56	P	25	8	14	12	31	1	20	0	130	47	1	5	0	0	0	6	
14.08.2025 12:32:56	P	25	8	14	12	32	1	20	0	130	50	1	5	0	0	0	6	
14.08.2025 12:33:56	P	25	8	14	12	33	1	20	0	130	47	1	5	0	0	0	6	
14.08.2025 12:34:56	P	25	8	14	12	34	1	20	0	130	46	1	5	0	0	0	6	
14.08.2025 12:35:56	P	25	8	14	12	35	1	20	0	130	46	1	5	0	0	0	6	
14.08.2025 12:36:56	P	25	8	14	12	36	1	20	0	130	46	1	5	0	0	0	6	
14.08.2025 12:37:56	P	25	8	14	12	37	1	20	0	130	46	1	5	0	0	0	6	
14.08.2025 12:38:56	P	25	8	14	12	38	1	20	0	130	47	1	5	0	0	0	6	
14.08.2025 12:39:56	P	25	8	14	12	39	1	20	0	130	46	1	5	0	0	0	6	
14.08.2025 12:40:56	P	25	8	14	12	40	1	20	0	130	46	1	5	0	0	0	6	
14.08.2025 12:41:56	P	25	8	14	12	41	1	20	0	130	46	1	5	0	0	0	6	
14.08.2025 12:42:56	P	25	8	14	12	42	1	20	0	130	47	1	5	0	0	0	6	
14.08.2025 12:43:56	P	25	8	14	12	43	1	20	0	130	47	1	5	0	0	0	6	
14.08.2025 12:44:56	P	25	8	14	12	44	1	20	0	130	47	1	5	0	0	0	6	
14.08.2025 12:45:56	P	25	8	14	12	45	1	20	0	130	48	1	5	0	0	0	6	
