<Header>
User name: CF
Location: laboratory
# of Location: 1
Model: 1.109
Serial No.: 9G050007
Firmware revision: 12.30E
Software revision: 7-1 Rev XII (27-02-2019)
Unit: dM [ug/m3]
C-factor: 1,00
Comment: test room aerosol conditions
online data
<Data>
[d&t31.12.2035 11:50:55]	0,30 um	0,40 um	0,50 um	0,65 um	0,80 um	1,00 um	1,60 um	2,00 um	3,00 um	4,00 um	5,00 um	7,50 um	10,00 um	15,00 um	20,00 um
14.08.2025 12:45:57	0,03	0,01	0,08	0,00	0,10	0,00	0,40	0,00	0,00	0,00	0,00	0,00	0,00	0,00	0,00
14.08.2025 14:29:23	0,88	1,51	1,40	2,13	1,54	1,35	4,37	5,32	8,76	6,20	0,00	45,60	0,00	1167,36	2977,97
14.08.2025 14:29:29	0,88	1,62	1,64	2,23	1,79	1,35	3,97	4,25	14,59	6,20	33,24	0,00	132,95	291,84	1276,27
14.08.2025 14:29:35	0,93	1,58	1,71	1,84	1,24	1,79	5,56	6,38	5,84	0,00	16,62	91,20	132,95	0,00	1063,56
14.08.2025 14:29:41	0,89	1,53	1,80	1,87	1,69	1,20	1,98	7,44	11,67	12,41	16,62	45,60	265,89	729,60	3190,68
14.08.2025 14:29:47	0,91	1,65	1,71	1,66	1,49	1,64	1,98	7,44	5,84	12,41	33,24	0,00	132,95	145,92	1701,70
14.08.2025 14:29:53	0,83	1,44	1,55	1,66	1,24	1,64	1,59	7,44	2,92	24,81	49,85	0,00	0,00	145,92	1701,70
14.08.2025 14:29:59	0,98	1,61	1,73	2,00	1,74	1,64	3,57	3,19	5,84	0,00	49,85	45,60	0,00	583,68	2552,54
14.08.2025 14:30:05	0,88	1,57	1,77	2,15	1,79	2,09	4,76	4,25	14,59	6,20	33,24	91,20	265,89	948,48	3616,10
14.08.2025 14:30:11	0,84	1,48	1,64	1,63	1,34	1,79	3,97	3,19	11,67	12,41	0,00	91,20	0,00	583,68	1488,98
14.08.2025 14:30:17	0,81	1,67	1,82	2,36	1,04	1,05	4,76	9,57	8,76	0,00	83,09	0,00	265,89	1605,12	4892,38
14.08.2025 14:30:23	0,98	1,51	1,62	2,46	1,34	1,79	2,78	8,51	14,59	12,41	99,71	45,60	398,84	364,80	2127,12
14.08.2025 14:30:29	0,89	1,41	1,49	1,84	1,29	1,94	3,57	4,25	5,84	18,61	16,62	0,00	0,00	656,64	3403,39
14.08.2025 14:30:35	0,91	1,42	1,59	1,95	1,19	1,35	4,37	8,51	11,67	12,41	33,24	0,00	265,89	1532,16	5105,09
14.08.2025 14:30:41	0,88	1,43	1,59	1,79	1,39	1,35	4,37	8,51	8,76	6,20	0,00	0,00	0,00	948,48	3616,10
14.08.2025 14:30:47	0,91	1,46	1,50	2,15	1,94	1,64	3,57	6,38	11,67	6,20	0,00	45,60	132,95	656,64	2339,83
14.08.2025 14:30:53	0,85	1,28	1,59	1,61	1,64	2,24	3,97	2,13	0,00	18,61	33,24	228,00	132,95	510,72	1701,70
14.08.2025 14:30:59	0,93	1,44	1,29	1,84	1,19	1,79	2,38	9,57	5,84	24,81	49,85	0,00	0,00	2480,65	2339,83
14.08.2025 14:31:05	0,82	1,49	1,67	2,20	1,29	1,05	5,95	4,25	5,84	0,00	16,62	45,60	132,95	291,84	2339,83
14.08.2025 14:31:11	0,87	1,49	1,66	2,41	1,89	1,94	2,78	6,38	0,00	6,20	49,85	0,00	265,89	0,00	2127,12
14.08.2025 14:31:17	0,86	1,48	1,66	2,28	1,59	1,35	2,38	11,70	8,76	37,22	16,62	0,00	0,00	1021,44	2339,83
14.08.2025 14:31:23	0,88	1,42	1,79	1,87	1,94	1,35	2,78	5,32	14,59	6,20	33,24	91,20	0,00	0,00	2127,12
14.08.2025 14:31:29	0,88	1,71	1,71	2,00	1,89	0,90	3,97	6,38	5,84	12,41	33,24	0,00	0,00	0,00	3190,68
14.08.2025 14:31:35	0,91	1,22	1,49	2,00	1,54	2,09	5,56	2,13	2,92	6,20	16,62	45,60	265,89	145,92	1701,70
14.08.2025 14:31:41	0,80	1,35	1,49	1,87	1,49	1,94	2,38	3,19	5,84	24,81	0,00	0,00	0,00	437,76	2977,97
14.08.2025 14:31:47	0,85	1,26	1,40	1,71	1,29	1,35	3,97	4,25	23,35	0,00	33,24	45,60	265,89	0,00	1063,56
14.08.2025 14:31:53	0,83	1,45	1,20	1,82	1,39	1,35	4,76	7,44	5,84	0,00	0,00	0,00	0,00	145,92	2765,26
14.08.2025 14:31:59	0,89	1,48	1,72	1,97	1,89	1,64	3,18	5,32	11,67	18,61	16,62	45,60	398,84	0,00	2127,12
14.08.2025 14:32:05	0,65	1,20	1,38	1,74	0,89	1,35	3,57	5,32	11,67	31,01	33,24	0,00	0,00	364,80	3190,68
14.08.2025 14:32:11	0,84	1,10	1,53	2,00	0,94	0,90	3,97	8,51	8,76	12,41	33,24	182,40	132,95	364,80	4254,24
14.08.2025 14:32:17	0,75	1,31	1,51	1,69	1,29	1,94	3,97	12,76	5,84	12,41	0,00	0,00	132,95	948,48	3616,10
14.08.2025 14:32:23	0,67	1,01	1,51	1,22	1,24	1,50	1,19	4,25	8,76	0,00	33,24	0,00	265,89	364,80	1063,56
14.08.2025 14:32:29	0,77	1,07	1,37	1,79	1,59	0,75	2,78	5,32	5,84	0,00	83,09	0,00	0,00	72,96	1914,41
14.08.2025 14:32:35	0,79	1,23	1,55	1,61	1,29	1,05	5,56	9,57	2,92	6,20	16,62	0,00	132,95	1532,16	5105,09
14.08.2025 14:32:41	0,67	1,20	1,37	1,58	1,79	1,20	2,78	7,44	5,84	6,20	33,24	91,20	265,89	72,96	1914,41
14.08.2025 14:32:47	0,75	1,15	1,48	1,53	0,89	1,35	2,78	4,25	5,84	24,81	16,62	136,80	0,00	437,76	2977,97
14.08.2025 14:32:53	0,62	1,16	1,24	1,09	0,99	0,75	3,18	4,25	5,84	12,41	0,00	45,60	0,00	0,00	1063,56
14.08.2025 14:32:59	0,62	0,99	1,00	1,43	1,04	1,05	1,59	7,44	5,84	24,81	16,62	91,20	0,00	0,00	2127,12
14.08.2025 14:33:05	0,61	0,91	1,18	1,50	1,34	1,50	3,57	2,13	5,84	18,61	16,62	0,00	0,00	0,00	1063,56
14.08.2025 14:33:11	0,55	0,92	0,83	1,53	0,94	1,05	3,18	3,19	14,59	0,00	16,62	0,00	132,95	0,00	1063,56
14.08.2025 14:33:17	0,58	0,87	1,14	1,30	1,04	0,90	1,59	4,25	2,92	0,00	0,00	91,20	0,00	364,80	2127,12
14.08.2025 14:33:23	0,60	0,86	0,96	1,19	0,65	1,79	3,57	2,13	8,76	24,81	0,00	0,00	0,00	437,76	2977,97
14.08.2025 14:33:29	0,56	0,85	1,16	1,17	1,64	1,79	1,98	3,19	2,92	0,00	16,62	45,60	132,95	291,84	2339,83
14.08.2025 14:33:35	0,60	0,99	1,06	1,35	1,09	0,75	3,57	7,44	14,59	12,41	66,47	0,00	132,95	948,48	2552,54
14.08.2025 14:33:41	0,50	0,86	0,98	1,40	1,24	1,50	3,18	3,19	5,84	12,41	33,24	45,60	265,89	583,68	1488,98
14.08.2025 14:33:47	0,52	0,80	1,00	0,91	0,84	1,35	3,97	8,51	2,92	0,00	16,62	91,20	0,00	0,00	2127,12
14.08.2025 14:33:53	0,56	0,66	0,96	1,01	1,29	1,20	1,98	4,25	0,00	0,00	33,24	45,60	132,95	802,56	4041,53
14.08.2025 14:33:59	0,54	0,66	1,04	1,09	0,74	1,50	1,59	4,25	2,92	6,20	0,00	91,20	132,95	875,52	2765,26
14.08.2025 14:34:05	0,48	0,73	0,93	0,91	0,79	1,35	2,78	2,13	5,84	0,00	0,00	0,00	0,00	218,88	425,42
14.08.2025 14:34:11	0,46	0,66	0,97	0,99	0,69	0,60	3,57	5,32	5,84	12,41	16,62	0,00	0,00	437,76	1914,41
14.08.2025 14:34:17	0,51	0,71	0,76	1,56	1,14	1,20	1,19	2,13	2,92	6,20	49,85	45,60	0,00	437,76	1914,41
14.08.2025 14:34:23	0,49	0,74	0,66	1,19	0,55	1,20	1,98	2,13	2,92	0,00	16,62	45,60	0,00	145,92	1701,70
14.08.2025 14:34:29	0,40	0,71	0,83	0,80	0,89	0,45	1,98	1,06	0,00	0,00	33,24	0,00	132,95	72,96	850,85
14.08.2025 14:34:35	0,46	0,61	0,74	0,93	0,84	0,60	4,37	6,38	2,92	0,00	16,62	0,00	132,95	0,00	1063,56
14.08.2025 14:34:41	0,38	0,61	0,78	0,80	0,50	1,05	2,38	4,25	2,92	0,00	49,85	0,00	132,95	0,00	0,00
14.08.2025 14:34:47	0,37	0,66	0,60	0,93	0,45	0,45	1,98	3,19	5,84	6,20	0,00	0,00	0,00	583,68	425,42
14.08.2025 14:34:53	0,40	0,60	0,47	0,75	0,55	0,90	1,59	3,19	0,00	0,00	16,62	0,00	0,00	0,00	1063,56
14.08.2025 14:34:59	0,38	0,53	0,74	0,88	0,50	0,75	1,59	0,00	2,92	6,20	33,24	0,00	0,00	0,00	0,00
14.08.2025 14:35:05	0,33	0,50	0,63	0,96	0,69	0,75	1,59	4,25	2,92	6,20	0,00	0,00	0,00	0,00	0,00
14.08.2025 14:35:11	0,33	0,60	0,71	0,99	0,69	0,45	1,19	4,25	2,92	6,20	49,85	0,00	265,89	218,88	425,42
14.08.2025 14:35:17	0,32	0,55	0,61	0,86	0,35	0,60	0,79	5,32	5,84	0,00	0,00	0,00	0,00	0,00	0,00
14.08.2025 14:35:23	0,34	0,55	0,79	0,60	0,69	0,75	1,19	0,00	5,84	0,00	16,62	0,00	132,95	0,00	1063,56
14.08.2025 14:35:29	0,41	0,67	0,74	0,73	0,94	0,60	0,79	0,00	2,92	0,00	0,00	0,00	0,00	72,96	850,85
14.08.2025 14:35:35	0,36	0,47	0,61	0,67	0,79	0,75	1,19	3,19	5,84	24,81	0,00	0,00	0,00	0,00	1063,56
14.08.2025 14:35:41	0,37	0,48	0,60	0,78	1,04	0,75	1,59	1,06	0,00	0,00	0,00	0,00	0,00	437,76	850,85
14.08.2025 14:35:47	0,37	0,51	0,56	0,78	0,50	0,75	3,18	3,19	0,00	6,20	16,62	0,00	0,00	583,68	1488,98
14.08.2025 14:35:53	0,39	0,56	0,60	0,62	0,45	1,50	2,38	1,06	5,84	0,00	33,24	0,00	0,00	0,00	0,00
14.08.2025 14:35:59	0,38	0,51	0,79	0,75	0,69	0,75	1,19	0,00	5,84	6,20	16,62	0,00	132,95	0,00	0,00
14.08.2025 14:36:05	0,30	0,50	0,48	0,57	0,55	0,45	0,79	0,00	0,00	0,00	0,00	0,00	132,95	0,00	1063,56
14.08.2025 14:36:11	0,29	0,42	0,56	0,44	0,50	0,75	1,19	1,06	2,92	6,20	0,00	0,00	132,95	0,00	0,00
14.08.2025 14:36:17	0,32	0,49	0,65	0,67	0,60	0,90	1,59	3,19	0,00	0,00	16,62	0,00	0,00	437,76	850,85
14.08.2025 14:36:23	0,32	0,48	0,56	0,67	0,55	0,90	1,19	3,19	2,92	0,00	0,00	45,60	0,00	0,00	0,00
14.08.2025 14:36:29	0,27	0,42	0,43	0,80	0,40	0,15	1,19	2,13	5,84	0,00	0,00	91,20	0,00	0,00	0,00
14.08.2025 14:36:35	0,28	0,40	0,52	0,65	0,55	0,30	1,59	3,19	8,76	12,41	16,62	0,00	132,95	0,00	1063,56
14.08.2025 14:36:41	0,32	0,40	0,41	0,67	0,55	0,30	1,19	1,06	0,00	6,20	16,62	0,00	0,00	218,88	1488,98
14.08.2025 14:36:47	0,29	0,46	0,61	0,70	0,60	1,20	1,19	4,25	2,92	0,00	0,00	0,00	0,00	218,88	425,42
14.08.2025 14:36:53	0,28	0,35	0,45	0,47	0,05	0,45	1,19	2,13	0,00	0,00	0,00	0,00	132,95	0,00	0,00
14.08.2025 14:36:59	0,24	0,33	0,50	0,70	0,25	0,75	0,40	0,00	2,92	6,20	16,62	0,00	132,95	291,84	1276,27
14.08.2025 14:37:05	0,29	0,43	0,43	0,44	0,55	0,15	0,79	1,06	8,76	0,00	16,62	0,00	0,00	437,76	850,85
14.08.2025 14:37:11	0,27	0,45	0,47	0,49	0,25	0,30	0,79	5,32	0,00	0,00	16,62	45,60	132,95	72,96	850,85
14.08.2025 14:37:17	0,30	0,38	0,36	0,42	0,45	0,30	1,19	1,06	2,92	0,00	0,00	45,60	0,00	291,84	212,71
14.08.2025 14:37:23	0,23	0,33	0,50	0,52	0,30	0,75	1,59	4,25	0,00	0,00	0,00	0,00	0,00	0,00	0,00
14.08.2025 14:37:29	0,23	0,38	0,48	0,49	0,55	1,05	0,40	0,00	2,92	0,00	33,24	0,00	0,00	72,96	850,85
14.08.2025 14:37:35	0,27	0,33	0,44	0,54	0,35	0,15	0,00	2,13	5,84	12,41	0,00	0,00	0,00	510,72	1701,70
14.08.2025 14:37:41	0,25	0,29	0,47	0,26	0,40	0,45	1,19	1,06	2,92	0,00	16,62	0,00	0,00	145,92	638,14
14.08.2025 14:37:47	0,22	0,32	0,39	0,54	0,40	0,30	0,40	2,13	2,92	0,00	16,62	0,00	0,00	510,72	638,14
14.08.2025 14:37:53	0,27	0,29	0,32	0,49	0,40	0,30	0,40	2,13	0,00	0,00	16,62	0,00	0,00	0,00	0,00
14.08.2025 14:37:59	0,18	0,21	0,52	0,39	0,40	0,30	1,98	3,19	2,92	0,00	0,00	0,00	0,00	364,80	1063,56
14.08.2025 14:38:05	0,21	0,28	0,28	0,54	0,35	0,60	0,00	3,19	0,00	0,00	0,00	0,00	132,95	291,84	212,71
14.08.2025 14:38:11	0,21	0,33	0,23	0,52	0,30	0,60	1,59	2,13	0,00	0,00	0,00	0,00	0,00	0,00	0,00
14.08.2025 14:38:17	0,18	0,25	0,36	0,42	0,25	0,15	1,59	2,13	5,84	0,00	16,62	0,00	132,95	0,00	0,00
14.08.2025 14:38:23	0,21	0,36	0,35	0,36	0,10	0,30	1,19	1,06	0,00	12,41	0,00	0,00	0,00	0,00	0,00
14.08.2025 14:38:29	0,22	0,22	0,27	0,47	0,30	0,15	0,40	1,06	0,00	0,00	0,00	0,00	0,00	0,00	0,00
14.08.2025 14:38:35	0,20	0,23	0,31	0,18	0,10	0,00	0,40	3,19	2,92	0,00	33,24	0,00	0,00	0,00	0,00
14.08.2025 14:38:41	0,20	0,24	0,41	0,34	0,30	0,30	0,79	2,13	0,00	0,00	0,00	0,00	0,00	0,00	0,00
14.08.2025 14:38:47	0,15	0,33	0,47	0,23	0,15	0,30	0,40	2,13	2,92	0,00	0,00	0,00	0,00	510,72	638,14
14.08.2025 14:38:53	0,20	0,22	0,23	0,26	0,40	0,60	0,40	2,13	0,00	0,00	0,00	0,00	0,00	72,96	850,85
14.08.2025 14:38:59	0,17	0,25	0,28	0,21	0,40	0,45	0,79	1,06	0,00	0,00	0,00	0,00	0,00	72,96	850,85
14.08.2025 14:39:05	0,14	0,25	0,34	0,36	0,05	0,30	0,40	1,06	0,00	0,00	16,62	0,00	132,95	0,00	0,00
14.08.2025 14:39:11	0,18	0,22	0,36	0,42	0,30	0,90	0,40	3,19	0,00	0,00	0,00	0,00	0,00	583,68	425,42
14.08.2025 14:39:17	0,16	0,20	0,26	0,47	0,30	0,30	0,00	2,13	0,00	0,00	0,00	0,00	0,00	0,00	0,00
14.08.2025 14:39:23	0,12	0,18	0,22	0,34	0,30	0,30	0,79	1,06	0,00	0,00	0,00	0,00	0,00	0,00	0,00
14.08.2025 14:39:29	0,15	0,17	0,30	0,39	0,15	0,00	1,98	1,06	0,00	0,00	0,00	0,00	0,00	218,88	425,42
14.08.2025 14:39:35	0,13	0,19	0,39	0,18	0,15	0,15	1,19	0,00	0,00	0,00	16,62	0,00	0,00	437,76	850,85
14.08.2025 14:39:41	0,13	0,20	0,32	0,39	0,00	0,30	0,40	1,06	0,00	0,00	0,00	0,00	0,00	0,00	0,00
14.08.2025 14:39:47	0,15	0,19	0,22	0,26	0,15	0,15	0,79	1,06	0,00	12,41	0,00	0,00	0,00	0,00	0,00
14.08.2025 14:39:53	0,12	0,16	0,23	0,36	0,20	0,15	0,40	0,00	5,84	0,00	0,00	0,00	265,89	0,00	0,00
14.08.2025 14:39:59	0,13	0,25	0,22	0,34	0,10	0,30	0,00	0,00	0,00	0,00	0,00	0,00	0,00	0,00	0,00
14.08.2025 14:40:05	0,13	0,17	0,25	0,23	0,20	0,30	0,40	6,38	0,00	0,00	16,62	0,00	132,95	729,60	1063,56
14.08.2025 14:40:11	0,11	0,17	0,23	0,42	0,35	0,45	0,79	0,00	2,92	0,00	0,00	0,00	0,00	0,00	0,00
14.08.2025 14:40:17	0,16	0,20	0,28	0,36	0,15	0,15	0,00	1,06	0,00	0,00	0,00	0,00	0,00	364,80	1063,56
14.08.2025 14:40:23	0,08	0,16	0,22	0,16	0,05	0,30	0,40	0,00	0,00	6,20	0,00	0,00	0,00	0,00	0,00
14.08.2025 14:40:29	0,13	0,25	0,30	0,16	0,45	0,15	0,40	1,06	0,00	0,00	0,00	0,00	0,00	0,00	0,00
14.08.2025 14:40:35	0,13	0,13	0,19	0,18	0,10	0,15	0,79	1,06	0,00	0,00	0,00	0,00	0,00	291,84	212,71
14.08.2025 14:40:41	0,15	0,20	0,30	0,26	0,20	0,00	0,40	1,06	0,00	12,41	0,00	0,00	0,00	0,00	0,00
14.08.2025 14:40:47	0,11	0,17	0,22	0,16	0,10	0,00	0,00	1,06	0,00	0,00	0,00	0,00	0,00	0,00	0,00
14.08.2025 14:40:53	0,13	0,11	0,17	0,10	0,20	0,00	0,79	0,00	0,00	0,00	0,00	0,00	0,00	291,84	1276,27
14.08.2025 14:40:59	0,10	0,17	0,26	0,18	0,05	0,75	1,19	0,00	0,00	0,00	0,00	0,00	0,00	0,00	0,00
14.08.2025 14:41:05	0,09	0,22	0,22	0,26	0,05	0,00	0,00	0,00	0,00	0,00	0,00	0,00	265,89	0,00	0,00
14.08.2025 14:41:11	0,08	0,09	0,23	0,34	0,10	0,30	0,79	0,00	0,00	0,00	16,62	45,60	265,89	0,00	0,00
14.08.2025 14:41:17	0,13	0,16	0,13	0,26	0,20	0,00	0,79	0,00	0,00	0,00	0,00	0,00	0,00	145,92	638,14
14.08.2025 14:41:23	0,12	0,14	0,22	0,29	0,25	0,15	0,40	1,06	2,92	6,20	0,00	0,00	0,00	218,88	425,42
14.08.2025 14:41:29	0,13	0,16	0,31	0,23	0,20	0,30	0,40	1,06	0,00	0,00	0,00	0,00	132,95	0,00	0,00
14.08.2025 14:41:35	0,14	0,23	0,25	0,29	0,20	0,15	0,40	0,00	2,92	0,00	0,00	0,00	0,00	0,00	0,00
14.08.2025 14:41:41	0,12	0,19	0,23	0,18	0,10	0,00	0,40	0,00	0,00	0,00	0,00	0,00	0,00	0,00	0,00
14.08.2025 14:41:47	0,13	0,20	0,19	0,23	0,05	0,30	0,40	2,13	0,00	0,00	0,00	0,00	0,00	0,00	0,00
14.08.2025 14:41:53	0,15	0,13	0,27	0,26	0,20	0,00	0,40	3,19	0,00	0,00	16,62	0,00	0,00	145,92	638,14
14.08.2025 14:41:59	0,19	0,25	0,22	0,34	0,20	0,45	0,00	1,06	0,00	0,00	0,00	0,00	0,00	291,84	1276,27
14.08.2025 14:42:05	0,18	0,20	0,32	0,44	0,20	0,15	1,19	3,19	2,92	0,00	0,00	0,00	0,00	0,00	0,00
14.08.2025 14:42:11	0,14	0,17	0,36	0,26	0,20	0,15	0,79	1,06	2,92	0,00	0,00	0,00	0,00	0,00	0,00
14.08.2025 14:42:17	0,15	0,20	0,27	0,36	0,15	0,45	0,79	1,06	0,00	0,00	0,00	0,00	0,00	218,88	425,42
14.08.2025 14:42:23	0,18	0,22	0,34	0,47	0,10	0,15	0,79	0,00	0,00	0,00	16,62	0,00	0,00	0,00	0,00
14.08.2025 14:42:29	0,15	0,19	0,25	0,26	0,30	0,00	0,79	1,06	2,92	6,20	0,00	0,00	0,00	72,96	850,85
14.08.2025 14:42:35	0,16	0,16	0,26	0,21	0,30	0,30	1,98	0,00	2,92	0,00	16,62	0,00	0,00	0,00	0,00
14.08.2025 14:42:41	0,18	0,17	0,23	0,21	0,25	0,45	0,79	0,00	0,00	0,00	0,00	0,00	0,00	291,84	1276,27
14.08.2025 14:42:47	0,14	0,22	0,10	0,31	0,45	0,00	1,19	2,13	0,00	0,00	0,00	45,60	0,00	145,92	638,14
14.08.2025 14:42:53	0,11	0,20	0,17	0,21	0,35	0,00	0,79	0,00	5,84	0,00	16,62	0,00	0,00	145,92	638,14
14.08.2025 14:42:59	0,14	0,22	0,25	0,36	0,40	0,00	0,40	4,25	0,00	0,00	0,00	0,00	0,00	364,80	1063,56
14.08.2025 14:43:05	0,12	0,22	0,27	0,26	0,20	0,15	0,00	2,13	2,92	0,00	16,62	0,00	0,00	145,92	638,14
14.08.2025 14:43:11	0,12	0,16	0,09	0,36	0,20	0,30	1,19	1,06	0,00	6,20	0,00	0,00	0,00	0,00	0,00
14.08.2025 14:43:17	0,14	0,18	0,19	0,05	0,15	0,75	0,00	3,19	0,00	0,00	0,00	0,00	0,00	145,92	638,14
14.08.2025 14:43:23	0,15	0,20	0,19	0,36	0,20	0,00	0,40	1,06	2,92	0,00	0,00	0,00	0,00	72,96	850,85
14.08.2025 14:43:29	0,15	0,20	0,19	0,21	0,10	0,30	0,40	2,13	0,00	6,20	0,00	0,00	0,00	0,00	0,00
14.08.2025 14:43:35	0,11	0,16	0,19	0,16	0,15	0,30	0,00	3,19	0,00	0,00	16,62	0,00	0,00	0,00	0,00
14.08.2025 14:43:41	0,10	0,14	0,25	0,23	0,00	0,00	0,40	2,13	0,00	0,00	16,62	0,00	0,00	364,80	0,00
14.08.2025 14:43:47	0,14	0,13	0,26	0,21	0,15	0,00	0,40	2,13	0,00	0,00	0,00	0,00	132,95	72,96	850,85
14.08.2025 14:43:53	0,10	0,18	0,16	0,08	0,35	0,30	0,79	0,00	5,84	0,00	0,00	0,00	0,00	0,00	0,00
14.08.2025 14:43:59	0,08	0,14	0,22	0,23	0,00	0,45	0,40	0,00	0,00	0,00	0,00	0,00	0,00	0,00	0,00
14.08.2025 14:44:05	0,13	0,17	0,19	0,13	0,15	0,00	1,19	0,00	0,00	6,20	0,00	0,00	0,00	0,00	0,00
14.08.2025 14:44:11	0,13	0,13	0,18	0,34	0,30	0,15	0,40	0,00	0,00	0,00	16,62	0,00	0,00	291,84	1276,27
14.08.2025 14:44:17	0,10	0,14	0,23	0,21	0,25	0,30	0,79	0,00	0,00	0,00	0,00	0,00	0,00	0,00	0,00
14.08.2025 14:44:23	0,10	0,13	0,14	0,23	0,05	0,00	0,00	0,00	0,00	12,41	16,62	0,00	0,00	0,00	0,00
14.08.2025 14:44:29	0,09	0,15	0,13	0,31	0,35	0,15	0,40	1,06	0,00	0,00	0,00	0,00	132,95	0,00	0,00
14.08.2025 14:44:35	0,10	0,14	0,12	0,34	0,25	0,00	0,00	1,06	2,92	0,00	0,00	0,00	0,00	0,00	0,00
14.08.2025 14:44:41	0,11	0,15	0,10	0,16	0,15	0,30	0,79	0,00	0,00	6,20	0,00	0,00	0,00	0,00	0,00
14.08.2025 14:44:47	0,10	0,09	0,21	0,23	0,30	0,15	0,00	1,06	0,00	0,00	16,62	0,00	132,95	145,92	638,14
14.08.2025 14:44:53	0,06	0,12	0,22	0,29	0,15	0,30	0,00	2,13	5,84	12,41	0,00	0,00	132,95	0,00	0,00
14.08.2025 14:44:59	0,10	0,17	0,22	0,21	0,15	0,15	0,40	2,13	2,92	0,00	0,00	0,00	0,00	0,00	0,00
14.08.2025 14:45:05	0,06	0,12	0,08	0,23	0,00	0,15	0,00	0,00	0,00	0,00	0,00	0,00	0,00	0,00	0,00
14.08.2025 14:45:11	0,08	0,11	0,18	0,21	0,05	0,30	0,40	0,00	0,00	0,00	16,62	0,00	132,95	0,00	0,00
14.08.2025 14:45:17	0,10	0,10	0,16	0,05	0,20	0,00	0,40	1,06	0,00	0,00	0,00	0,00	0,00	510,72	638,14
14.08.2025 14:45:23	0,06	0,12	0,21	0,13	0,10	0,15	0,00	0,00	0,00	6,20	0,00	0,00	0,00	0,00	0,00
14.08.2025 14:45:29	0,06	0,12	0,17	0,21	0,20	0,30	0,40	0,00	0,00	0,00	0,00	0,00	0,00	0,00	0,00
14.08.2025 14:45:35	0,07	0,16	0,03	0,10	0,20	0,00	0,79	1,06	0,00	0,00	0,00	0,00	0,00	0,00	0,00
14.08.2025 14:45:41	0,08	0,11	0,13	0,21	0,05	0,45	0,00	1,06	0,00	6,20	0,00	0,00	0,00	364,80	0,00
14.08.2025 14:45:47	0,08	0,09	0,12	0,13	0,10	0,30	0,40	0,00	2,92	0,00	0,00	91,20	0,00	145,92	638,14
14.08.2025 14:45:53	0,08	0,07	0,23	0,26	0,15	0,00	0,40	0,00	0,00	0,00	0,00	45,60	0,00	437,76	850,85
14.08.2025 14:45:59	0,11	0,12	0,17	0,26	0,00	0,15	0,79	0,00	0,00	0,00	0,00	0,00	132,95	145,92	638,14
14.08.2025 14:46:05	0,11	0,09	0,18	0,18	0,05	0,15	0,00	0,00	0,00	6,20	0,00	0,00	132,95	0,00	0,00
14.08.2025 14:46:11	0,06	0,15	0,12	0,13	0,00	0,15	0,40	0,00	2,92	6,20	16,62	0,00	0,00	0,00	0,00
14.08.2025 14:46:17	0,06	0,06	0,12	0,21	0,15	0,30	0,00	0,00	0,00	0,00	0,00	0,00	0,00	0,00	0,00
14.08.2025 14:46:23	0,08	0,07	0,10	0,08	0,00	0,30	0,00	0,00	0,00	0,00	33,24	0,00	0,00	145,92	638,14
14.08.2025 14:46:29	0,05	0,04	0,06	0,16	0,00	0,00	0,40	0,00	0,00	0,00	0,00	0,00	0,00	72,96	850,85
14.08.2025 14:46:35	0,07	0,13	0,12	0,13	0,05	0,30	0,79	1,06	0,00	18,61	0,00	0,00	0,00	364,80	1063,56
14.08.2025 14:46:41	0,07	0,08	0,14	0,13	0,05	0,15	0,00	0,00	2,92	0,00	0,00	0,00	132,95	0,00	0,00
14.08.2025 14:46:47	0,07	0,09	0,17	0,05	0,15	0,00	0,00	0,00	0,00	0,00	16,62	0,00	132,95	291,84	212,71
14.08.2025 14:46:53	0,06	0,09	0,13	0,13	0,00	0,30	0,79	1,06	0,00	6,20	0,00	0,00	0,00	0,00	0,00
14.08.2025 14:46:59	0,04	0,06	0,09	0,13	0,10	0,00	0,79	1,06	0,00	0,00	0,00	0,00	132,95	0,00	0,00
14.08.2025 14:47:05	0,06	0,07	0,10	0,16	0,15	0,30	0,00	1,06	0,00	0,00	33,24	0,00	0,00	72,96	850,85
14.08.2025 14:47:11	0,06	0,09	0,06	0,10	0,05	0,00	0,40	0,00	0,00	0,00	0,00	0,00	0,00	364,80	0,00
14.08.2025 14:47:17	0,04	0,06	0,14	0,10	0,15	0,30	0,00	1,06	5,84	0,00	0,00	0,00	0,00	145,92	638,14
14.08.2025 14:47:23	0,04	0,06	0,08	0,13	0,05	0,15	0,79	0,00	0,00	0,00	33,24	0,00	0,00	0,00	0,00
14.08.2025 14:47:29	0,07	0,07	0,10	0,10	0,05	0,00	0,40	0,00	0,00	0,00	0,00	0,00	0,00	0,00	0,00
14.08.2025 14:47:35	0,04	0,07	0,10	0,08	0,15	0,00	0,00	0,00	0,00	0,00	0,00	0,00	0,00	364,80	0,00
14.08.2025 14:47:41	0,06	0,06	0,14	0,08	0,05	0,00	0,79	4,25	0,00	6,20	0,00	0,00	0,00	145,92	638,14
14.08.2025 14:47:47	0,06	0,09	0,05	0,13	0,05	0,15	0,40	2,13	0,00	6,20	0,00	0,00	0,00	72,96	850,85
14.08.2025 14:47:53	0,07	0,04	0,08	0,13	0,05	0,30	0,00	1,06	0,00	6,20	0,00	0,00	132,95	0,00	0,00
14.08.2025 14:47:59	0,08	0,16	0,32	0,05	0,15	0,00	0,40	1,06	0,00	0,00	0,00	0,00	0,00	437,76	1914,41
14.08.2025 14:48:05	0,03	0,06	0,08	0,21	0,10	0,15	0,40	2,13	0,00	0,00	16,62	0,00	0,00	291,84	1276,27
14.08.2025 14:48:11	0,04	0,08	0,14	0,08	0,10	0,15	0,79	0,00	0,00	0,00	0,00	0,00	132,95	0,00	0,00
14.08.2025 14:48:17	0,05	0,06	0,04	0,05	0,15	0,00	0,00	0,00	0,00	0,00	0,00	0,00	0,00	0,00	0,00
14.08.2025 14:48:23	0,05	0,05	0,04	0,03	0,05	0,15	0,79	2,13	2,92	0,00	0,00	0,00	132,95	0,00	0,00
14.08.2025 14:48:29	0,06	0,06	0,08	0,13	0,00	0,15	0,00	1,06	0,00	0,00	16,62	45,60	132,95	72,96	850,85
14.08.2025 14:48:35	0,05	0,05	0,10	0,21	0,10	0,15	1,98	1,06	2,92	0,00	0,00	0,00	132,95	510,72	1701,70
14.08.2025 14:48:41	0,05	0,05	0,09	0,13	0,05	0,00	0,00	0,00	0,00	0,00	0,00	0,00	0,00	0,00	0,00
14.08.2025 14:48:47	0,03	0,08	0,04	0,18	0,05	0,15	0,40	0,00	0,00	0,00	0,00	45,60	0,00	0,00	0,00
14.08.2025 14:48:53	0,06	0,05	0,06	0,05	0,20	0,00	0,40	1,06	2,92	0,00	16,62	0,00	0,00	0,00	0,00
14.08.2025 14:48:59	0,07	0,05	0,09	0,08	0,20	0,00	0,40	0,00	0,00	0,00	0,00	0,00	265,89	0,00	1063,56
14.08.2025 14:49:05	0,04	0,07	0,09	0,08	0,05	0,15	0,40	0,00	0,00	0,00	16,62	0,00	0,00	0,00	1063,56
14.08.2025 14:49:11	0,03	0,03	0,14	0,21	0,15	0,45	0,00	1,06	2,92	0,00	0,00	0,00	0,00	0,00	0,00
14.08.2025 14:49:17	0,04	0,06	0,03	0,05	0,20	0,15	0,00	0,00	0,00	0,00	16,62	0,00	0,00	0,00	0,00
14.08.2025 14:49:23	0,05	0,04	0,04	0,16	0,05	0,00	0,00	0,00	0,00	6,20	0,00	0,00	0,00	0,00	0,00
14.08.2025 14:49:29	0,03	0,05	0,06	0,10	0,15	0,15	0,00	1,06	0,00	6,20	0,00	0,00	0,00	0,00	0,00
14.08.2025 14:49:35	0,04	0,11	0,09	0,13	0,05	0,15	0,40	1,06	0,00	0,00	16,62	45,60	0,00	218,88	425,42
14.08.2025 14:49:41	0,04	0,04	0,05	0,05	0,00	0,00	0,40	0,00	0,00	0,00	0,00	0,00	0,00	72,96	850,85
14.08.2025 14:49:47	0,05	0,06	0,09	0,08	0,10	0,15	0,00	1,06	0,00	0,00	0,00	0,00	0,00	72,96	850,85
14.08.2025 14:49:53	0,03	0,06	0,09	0,13	0,10	0,30	0,00	0,00	0,00	0,00	0,00	0,00	0,00	72,96	850,85
14.08.2025 14:49:59	0,03	0,03	0,06	0,00	0,05	0,00	0,00	0,00	0,00	0,00	0,00	0,00	0,00	0,00	0,00
14.08.2025 14:50:05	0,02	0,04	0,06	0,05	0,05	0,00	0,00	0,00	0,00	0,00	0,00	0,00	0,00	0,00	0,00
14.08.2025 14:50:11	0,04	0,07	0,04	0,08	0,10	0,00	0,79	0,00	0,00	0,00	0,00	0,00	0,00	218,88	425,42
14.08.2025 14:50:17	0,03	0,03	0,05	0,13	0,05	0,15	0,40	0,00	2,92	0,00	0,00	0,00	0,00	145,92	638,14
14.08.2025 14:50:23	0,02	0,06	0,04	0,03	0,05	0,00	0,40	0,00	0,00	0,00	0,00	0,00	0,00	0,00	0,00
14.08.2025 14:50:29	0,03	0,03	0,09	0,10	0,00	0,30	0,00	1,06	5,84	6,20	0,00	0,00	0,00	437,76	1914,41
14.08.2025 14:50:35	0,04	0,03	0,05	0,05	0,05	0,15	0,00	1,06	0,00	0,00	0,00	0,00	0,00	0,00	0,00
14.08.2025 14:50:41	0,04	0,07	0,10	0,10	0,00	0,15	0,40	0,00	0,00	6,20	0,00	0,00	0,00	0,00	0,00
14.08.2025 14:50:47	0,02	0,09	0,05	0,03	0,00	0,00	0,00	0,00	0,00	0,00	0,00	0,00	132,95	0,00	0,00
14.08.2025 14:50:53	0,04	0,03	0,08	0,05	0,00	0,00	0,00	1,06	0,00	0,00	0,00	0,00	0,00	145,92	638,14
14.08.2025 14:50:59	0,03	0,06	0,03	0,10	0,05	0,30	0,40	1,06	0,00	0,00	33,24	0,00	0,00	72,96	850,85
14.08.2025 14:51:05	0,03	0,03	0,06	0,13	0,00	0,00	0,00	0,00	0,00	0,00	16,62	0,00	132,95	0,00	0,00
14.08.2025 14:51:11	0,03	0,04	0,06	0,10	0,05	0,00	0,40	0,00	0,00	0,00	0,00	0,00	0,00	0,00	0,00
14.08.2025 14:51:17	0,04	0,04	0,06	0,00	0,00	0,00	0,00	0,00	0,00	0,00	0,00	0,00	0,00	510,72	1701,70
14.08.2025 14:51:23	0,04	0,02	0,04	0,10	0,10	0,00	0,40	1,06	0,00	0,00	0,00	0,00	0,00	0,00	0,00
14.08.2025 14:51:29	0,02	0,04	0,04	0,08	0,05	0,00	0,00	0,00	0,00	0,00	0,00	0,00	0,00	0,00	0,00
14.08.2025 14:51:35	0,04	0,03	0,08	0,05	0,00	0,00	0,00	0,00	5,84	6,20	0,00	0,00	0,00	0,00	0,00
14.08.2025 14:51:41	0,04	0,06	0,04	0,16	0,05	0,00	0,00	0,00	0,00	6,20	0,00	0,00	0,00	364,80	0,00
14.08.2025 14:51:47	0,04	0,06	0,05	0,08	0,00	0,45	0,00	0,00	0,00	0,00	0,00	0,00	132,95	0,00	0,00
14.08.2025 14:51:53	0,04	0,04	0,08	0,05	0,00	0,00	0,00	0,00	0,00	0,00	0,00	0,00	0,00	145,92	638,14
14.08.2025 14:51:59	0,03	0,07	0,03	0,05	0,05	0,00	0,00	0,00	0,00	0,00	0,00	0,00	0,00	0,00	0,00
14.08.2025 14:52:05	0,04	0,03	0,04	0,08	0,05	0,00	0,40	0,00	0,00	0,00	0,00	0,00	0,00	0,00	0,00
14.08.2025 14:52:11	0,03	0,06	0,08	0,03	0,15	0,00	0,79	0,00	0,00	0,00	0,00	0,00	0,00	0,00	0,00
14.08.2025 14:52:17	0,04	0,02	0,06	0,08	0,05	0,00	0,00	0,00	0,00	0,00	0,00	0,00	0,00	0,00	0,00
14.08.2025 14:52:23	0,03	0,03	0,01	0,05	0,05	0,00	0,00	0,00	2,92	0,00	0,00	0,00	0,00	0,00	0,00
14.08.2025 14:52:29	0,03	0,01	0,08	0,05	0,05	0,00	0,00	0,00	0,00	0,00	16,62	0,00	0,00	0,00	0,00
14.08.2025 14:52:35	0,03	0,02	0,06	0,05	0,10	0,00	0,00	0,00	0,00	0,00	0,00	0,00	0,00	0,00	0,00
14.08.2025 14:52:41	0,03	0,03	0,06	0,13	0,00	0,15	0,79	1,06	0,00	0,00	0,00	0,00	0,00	364,80	1063,56
14.08.2025 14:52:47	0,04	0,04	0,06	0,16	0,00	0,15	0,40	0,00	0,00	0,00	0,00	0,00	0,00	145,92	638,14
14.08.2025 14:52:53	0,03	0,04	0,04	0,10	0,10	0,00	0,40	1,06	0,00	0,00	0,00	0,00	0,00	364,80	1063,56
14.08.2025 14:52:59	0,06	0,04	0,04	0,13	0,10	0,00	0,00	1,06	0,00	0,00	0,00	0,00	132,95	364,80	1063,56
14.08.2025 14:53:05	0,03	0,02	0,04	0,05	0,05	0,00	0,00	0,00	0,00	0,00	0,00	0,00	0,00	0,00	0,00
14.08.2025 14:53:11	0,02	0,01	0,04	0,10	0,00	0,00	0,40	0,00	0,00	0,00	0,00	0,00	0,00	0,00	0,00
14.08.2025 14:53:17	0,02	0,04	0,04	0,10	0,00	0,00	0,00	0,00	0,00	0,00	0,00	0,00	0,00	145,92	638,14
14.08.2025 14:53:23	0,03	0,02	0,04	0,05	0,05	0,00	0,00	2,13	0,00	0,00	0,00	0,00	0,00	0,00	0,00
14.08.2025 14:53:29	0,04	0,06	0,05	0,05	0,00	0,00	0,40	0,00	0,00	0,00	0,00	0,00	0,00	0,00	0,00
14.08.2025 14:53:35	0,03	0,05	0,05	0,08	0,05	0,30	0,00	0,00	0,00	0,00	0,00	0,00	0,00	0,00	0,00
14.08.2025 14:53:41	0,03	0,03	0,05	0,05	0,10	0,00	0,40	0,00	0,00	0,00	0,00	0,00	0,00	0,00	0,00
14.08.2025 14:53:47	0,01	0,04	0,01	0,03	0,00	0,00	0,40	0,00	0,00	0,00	0,00	0,00	0,00	0,00	0,00
14.08.2025 14:53:53	0,04	0,04	0,01	0,05	0,00	0,00	0,40	0,00	0,00	0,00	0,00	0,00	132,95	218,88	425,42
14.08.2025 14:53:59	0,04	0,04	0,06	0,03	0,05	0,00	0,00	0,00	0,00	0,00	0,00	0,00	0,00	364,80	0,00
14.08.2025 14:54:05	0,02	0,02	0,06	0,03	0,00	0,00	0,00	0,00	0,00	0,00	0,00	0,00	0,00	0,00	0,00
14.08.2025 14:54:11	0,01	0,02	0,01	0,03	0,00	0,00	0,00	0,00	0,00	0,00	0,00	0,00	0,00	0,00	0,00
14.08.2025 14:54:17	0,04	0,06	0,05	0,05	0,00	0,15	0,00	0,00	0,00	0,00	0,00	0,00	0,00	0,00	0,00
14.08.2025 14:54:23	0,02	0,02	0,05	0,13	0,05	0,00	0,00	0,00	0,00	0,00	0,00	0,00	132,95	0,00	0,00
14.08.2025 14:54:29	0,02	0,01	0,06	0,03	0,05	0,00	0,40	2,13	0,00	6,20	0,00	0,00	0,00	0,00	0,00
14.08.2025 14:54:35	0,03	0,03	0,04	0,03	0,05	0,00	0,00	0,00	0,00	0,00	0,00	0,00	0,00	0,00	0,00
14.08.2025 14:54:41	0,03	0,03	0,04	0,05	0,00	0,00	0,00	0,00	0,00	0,00	0,00	0,00	0,00	0,00	0,00
14.08.2025 14:54:47	0,01	0,01	0,01	0,03	0,00	0,15	0,00	0,00	0,00	0,00	0,00	0,00	0,00	145,92	638,14
14.08.2025 14:54:53	0,01	0,02	0,03	0,08	0,00	0,00	0,00	0,00	0,00	0,00	0,00	0,00	0,00	0,00	0,00
14.08.2025 14:54:59	0,02	0,02	0,04	0,10	0,00	0,00	1,19	2,13	0,00	0,00	0,00	0,00	0,00	583,68	1488,98
14.08.2025 14:55:05	0,01	0,02	0,05	0,03	0,05	0,30	0,40	0,00	0,00	0,00	0,00	0,00	132,95	0,00	0,00
14.08.2025 14:55:11	0,03	0,03	0,03	0,08	0,10	0,30	0,00	1,06	0,00	0,00	0,00	0,00	0,00	218,88	425,42
14.08.2025 14:55:17	0,02	0,02	0,06	0,08	0,05	0,15	0,00	0,00	0,00	0,00	0,00	0,00	0,00	0,00	0,00
14.08.2025 14:55:23	0,02	0,04	0,04	0,03	0,05	0,00	0,40	0,00	0,00	0,00	33,24	0,00	0,00	729,60	0,00
14.08.2025 14:55:29	0,01	0,00	0,03	0,05	0,00	0,00	0,00	0,00	2,92	0,00	0,00	0,00	0,00	0,00	0,00
14.08.2025 14:55:35	0,01	0,04	0,04	0,05	0,05	0,00	0,40	2,13	2,92	0,00	0,00	0,00	0,00	0,00	0,00
14.08.2025 14:55:41	0,02	0,01	0,03	0,16	0,05	0,00	0,40	0,00	0,00	0,00	0,00	0,00	0,00	0,00	0,00
14.08.2025 14:55:47	0,03	0,02	0,04	0,05	0,00	0,00	0,00	0,00	0,00	0,00	0,00	0,00	132,95	0,00	0,00
14.08.2025 14:55:53	0,02	0,01	0,04	0,05	0,00	0,00	0,00	1,06	0,00	0,00	0,00	0,00	0,00	291,84	212,71
14.08.2025 14:55:59	0,02	0,02	0,12	0,16	0,15	0,30	0,40	1,06	0,00	6,20	16,62	0,00	0,00	510,72	1701,70
14.08.2025 14:56:05	0,02	0,04	0,01	0,13	0,00	0,00	0,00	0,00	0,00	12,41	0,00	0,00	0,00	0,00	0,00
14.08.2025 14:56:11	0,01	0,02	0,01	0,05	0,00	0,30	0,00	0,00	0,00	0,00	0,00	0,00	0,00	0,00	0,00
14.08.2025 14:56:17	0,01	0,03	0,03	0,03	0,00	0,00	0,79	0,00	0,00	0,00	0,00	0,00	0,00	656,64	1276,27
14.08.2025 14:56:23	0,02	0,04	0,01	0,10	0,00	0,00	0,00	1,06	2,92	6,20	16,62	0,00	0,00	656,64	1276,27
14.08.2025 14:56:29	0,02	0,04	0,00	0,05	0,05	0,00	0,00	1,06	0,00	0,00	0,00	0,00	0,00	291,84	212,71
14.08.2025 14:56:35	0,02	0,03	0,01	0,03	0,10	0,15	0,00	0,00	0,00	0,00	0,00	0,00	0,00	72,96	850,85
14.08.2025 14:56:41	0,03	0,01	0,05	0,05	0,05	0,00	0,00	0,00	5,84	0,00	0,00	0,00	0,00	72,96	850,85
14.08.2025 14:56:47	0,04	0,05	0,01	0,05	0,05	0,30	0,00	0,00	2,92	12,41	0,00	0,00	0,00	364,80	1063,56
14.08.2025 14:56:53	0,06	0,08	0,05	0,00	0,05	0,00	0,40	1,06	2,92	6,20	0,00	0,00	0,00	72,96	1914,41
14.08.2025 14:56:59	0,02	0,04	0,00	0,00	0,05	0,00	0,00	1,06	0,00	0,00	0,00	0,00	0,00	0,00	1063,56
14.08.2025 14:57:05	0,02	0,01	0,06	0,00	0,00	0,15	0,00	0,00	0,00	0,00	0,00	0,00	132,95	0,00	0,00
14.08.2025 14:57:11	0,01	0,01	0,01	0,05	0,00	0,00	0,40	0,00	0,00	0,00	16,62	0,00	0,00	0,00	0,00
14.08.2025 14:57:17	0,02	0,04	0,00	0,05	0,00	0,00	0,00	1,06	2,92	6,20	0,00	0,00	0,00	0,00	0,00
14.08.2025 14:57:23	0,05	0,08	0,09	0,08	0,20	0,30	0,40	4,25	0,00	0,00	0,00	0,00	132,95	1240,32	2765,26
14.08.2025 14:57:29	0,03	0,01	0,04	0,03	0,00	0,15	0,79	2,13	0,00	0,00	0,00	0,00	0,00	145,92	638,14
14.08.2025 14:57:35	0,03	0,03	0,04	0,03	0,00	0,00	0,00	1,06	2,92	0,00	16,62	0,00	0,00	218,88	425,42
14.08.2025 14:57:41	0,02	0,03	0,04	0,03	0,05	0,30	0,00	0,00	0,00	0,00	0,00	0,00	0,00	145,92	638,14
14.08.2025 14:57:47	0,00	0,06	0,04	0,05	0,20	0,00	0,79	0,00	0,00	0,00	0,00	0,00	0,00	72,96	850,85
14.08.2025 14:57:53	0,03	0,04	0,03	0,05	0,10	0,00	0,40	0,00	0,00	0,00	0,00	45,60	0,00	145,92	638,14
14.08.2025 14:57:59	0,03	0,06	0,04	0,00	0,05	0,00	0,79	0,00	0,00	12,41	0,00	0,00	0,00	0,00	0,00
14.08.2025 14:58:05	0,02	0,01	0,03	0,03	0,05	0,00	0,00	0,00	0,00	0,00	0,00	0,00	0,00	510,72	638,14
14.08.2025 14:58:11	0,01	0,01	0,00	0,03	0,00	0,00	0,79	1,06	0,00	0,00	0,00	0,00	0,00	0,00	0,00
14.08.2025 14:58:17	0,01	0,02	0,05	0,03	0,05	0,00	0,00	0,00	0,00	0,00	0,00	45,60	0,00	0,00	1063,56
14.08.2025 14:58:23	0,03	0,02	0,06	0,00	0,00	0,00	0,79	0,00	2,92	0,00	0,00	0,00	0,00	0,00	0,00
14.08.2025 14:58:29	0,02	0,04	0,03	0,05	0,05	0,00	0,40	0,00	0,00	0,00	0,00	0,00	0,00	0,00	0,00
14.08.2025 14:58:35	0,01	0,04	0,03	0,10	0,00	0,15	0,00	0,00	0,00	0,00	0,00	0,00	0,00	0,00	0,00
14.08.2025 14:58:41	0,03	0,02	0,01	0,08	0,05	0,15	0,00	0,00	2,92	0,00	0,00	0,00	0,00	0,00	0,00
14.08.2025 14:58:47	0,02	0,02	0,04	0,00	0,00	0,00	0,00	0,00	0,00	0,00	0,00	0,00	0,00	291,84	212,71
14.08.2025 14:58:53	0,02	0,04	0,04	0,03	0,05	0,00	0,40	0,00	0,00	0,00	0,00	0,00	0,00	0,00	0,00
14.08.2025 14:58:59	0,03	0,03	0,01	0,05	0,00	0,00	0,00	0,00	2,92	0,00	16,62	0,00	0,00	583,68	425,42
14.08.2025 14:59:05	0,03	0,02	0,03	0,03	0,00	0,00	0,40	0,00	0,00	0,00	0,00	0,00	0,00	145,92	638,14
14.08.2025 14:59:11	0,03	0,02	0,04	0,00	0,00	0,00	0,00	0,00	0,00	0,00	0,00	0,00	132,95	291,84	212,71
14.08.2025 14:59:17	0,01	0,03	0,04	0,03	0,05	0,00	0,00	0,00	0,00	0,00	16,62	0,00	0,00	0,00	0,00
14.08.2025 14:59:23	0,01	0,01	0,03	0,08	0,20	0,00	0,00	0,00	0,00	0,00	0,00	0,00	0,00	0,00	0,00
14.08.2025 14:59:29	0,01	0,04	0,04	0,00	0,00	0,00	0,00	0,00	0,00	0,00	0,00	0,00	0,00	0,00	0,00
14.08.2025 14:59:35	0,02	0,02	0,03	0,08	0,00	0,15	0,00	0,00	0,00	0,00	0,00	0,00	0,00	0,00	0,00
14.08.2025 14:59:41	0,02	0,02	0,03	0,05	0,00	0,30	0,00	0,00	0,00	0,00	0,00	0,00	132,95	0,00	0,00
14.08.2025 14:59:47	0,02	0,04	0,04	0,13	0,00	0,00	0,00	0,00	0,00	0,00	0,00	0,00	0,00	0,00	0,00
14.08.2025 14:59:53	0,01	0,02	0,03	0,03	0,00	0,00	0,00	0,00	0,00	0,00	0,00	0,00	132,95	0,00	0,00
14.08.2025 14:59:59	0,04	0,05	0,01	0,03	0,05	0,00	0,40	0,00	0,00	0,00	0,00	0,00	0,00	72,96	850,85
14.08.2025 15:00:05	0,03	0,03	0,04	0,00	0,05	0,00	0,40	0,00	2,92	0,00	0,00	0,00	0,00	0,00	0,00
14.08.2025 15:00:11	0,01	0,02	0,04	0,00	0,00	0,15	0,00	0,00	0,00	0,00	0,00	0,00	0,00	0,00	0,00
14.08.2025 15:00:17	0,03	0,03	0,04	0,05	0,05	0,15	0,00	0,00	0,00	0,00	0,00	0,00	0,00	0,00	0,00
14.08.2025 15:00:23	0,02	0,06	0,03	0,08	0,20	0,30	0,00	1,06	0,00	0,00	16,62	0,00	0,00	656,64	1276,27
14.08.2025 15:00:29	0,01	0,02	0,00	0,05	0,05	0,00	0,00	0,00	0,00	0,00	0,00	0,00	0,00	0,00	0,00
14.08.2025 15:00:35	0,04	0,04	0,08	0,03	0,05	0,00	0,00	0,00	0,00	0,00	0,00	0,00	0,00	145,92	638,14
14.08.2025 15:00:41	0,01	0,02	0,04	0,00	0,20	0,00	0,00	0,00	5,84	0,00	0,00	0,00	0,00	291,84	212,71
14.08.2025 15:00:47	0,02	0,01	0,05	0,08	0,00	0,15	0,00	1,06	0,00	0,00	0,00	0,00	0,00	0,00	0,00
14.08.2025 15:00:53	0,01	0,01	0,01	0,00	0,00	0,00	0,00	0,00	0,00	0,00	0,00	0,00	0,00	0,00	0,00
14.08.2025 15:00:59	0,01	0,02	0,04	0,00	0,05	0,00	0,00	0,00	0,00	0,00	0,00	0,00	0,00	0,00	0,00
14.08.2025 15:01:05	0,01	0,03	0,04	0,03	0,00	0,00	0,00	0,00	0,00	0,00	0,00	0,00	0,00	0,00	0,00
14.08.2025 15:01:11	0,03	0,04	0,06	0,10	0,05	0,15	0,00	1,06	0,00	0,00	0,00	0,00	0,00	218,88	425,42
14.08.2025 15:01:17	0,01	0,04	0,05	0,05	0,05	0,00	0,40	0,00	0,00	0,00	0,00	0,00	0,00	0,00	0,00
14.08.2025 15:01:23	0,02	0,03	0,06	0,05	0,00	0,00	0,00	0,00	0,00	0,00	0,00	0,00	0,00	0,00	0,00
14.08.2025 15:01:29	0,03	0,04	0,04	0,00	0,05	0,00	0,00	0,00	0,00	0,00	16,62	0,00	0,00	218,88	425,42
14.08.2025 15:01:35	0,01	0,04	0,03	0,05	0,00	0,15	0,00	1,06	0,00	0,00	0,00	0,00	0,00	0,00	0,00
14.08.2025 15:01:41	0,01	0,01	0,01	0,03	0,10	0,00	0,00	0,00	0,00	0,00	16,62	45,60	0,00	0,00	0,00
14.08.2025 15:01:47	0,02	0,05	0,05	0,03	0,00	0,00	0,00	0,00	0,00	0,00	0,00	0,00	0,00	0,00	0,00
14.08.2025 15:01:53	0,02	0,02	0,04	0,03	0,00	0,00	0,00	0,00	0,00	0,00	0,00	0,00	0,00	0,00	0,00
14.08.2025 15:01:59	0,01	0,04	0,00	0,00	0,00	0,15	0,40	0,00	2,92	0,00	16,62	0,00	0,00	0,00	0,00
14.08.2025 15:02:05	0,02	0,03	0,03	0,05	0,05	0,00	0,00	0,00	0,00	0,00	0,00	0,00	0,00	0,00	0,00
14.08.2025 15:02:11	0,04	0,01	0,06	0,13	0,10	0,00	0,00	0,00	0,00	0,00	0,00	0,00	0,00	72,96	850,85
14.08.2025 15:02:17	0,02	0,03	0,04	0,00	0,05	0,15	0,40	0,00	0,00	6,20	0,00	0,00	0,00	0,00	0,00
14.08.2025 15:02:23	0,01	0,01	0,01	0,03	0,05	0,15	0,40	0,00	0,00	0,00	0,00	45,60	0,00	364,80	0,00
14.08.2025 15:02:29	0,01	0,00	0,04	0,03	0,00	0,00	0,00	0,00	0,00	0,00	0,00	45,60	0,00	218,88	425,42
14.08.2025 15:02:35	0,03	0,04	0,04	0,05	0,00	0,00	0,00	0,00	0,00	6,20	0,00	0,00	0,00	0,00	0,00
14.08.2025 15:02:41	0,01	0,02	0,05	0,13	0,00	0,00	0,00	0,00	0,00	0,00	0,00	0,00	0,00	291,84	212,71
14.08.2025 15:02:47	0,01	0,02	0,00	0,05	0,00	0,00	0,00	0,00	0,00	0,00	0,00	0,00	0,00	0,00	0,00
14.08.2025 15:02:53	0,01	0,02	0,00	0,08	0,10	0,15	0,00	0,00	0,00	0,00	16,62	0,00	0,00	0,00	0,00
14.08.2025 15:02:59	0,02	0,01	0,03	0,03	0,10	0,00	0,00	0,00	0,00	0,00	0,00	0,00	0,00	0,00	0,00
14.08.2025 15:03:05	0,03	0,02	0,04	0,05	0,05	0,00	0,40	0,00	0,00	0,00	0,00	0,00	0,00	0,00	0,00
14.08.2025 15:03:11	0,02	0,01	0,03	0,03	0,00	0,00	0,00	1,06	0,00	0,00	0,00	0,00	0,00	0,00	0,00
14.08.2025 15:03:17	0,01	0,02	0,03	0,03	0,00	0,00	0,00	0,00	0,00	0,00	0,00	0,00	0,00	0,00	0,00
14.08.2025 15:03:23	0,02	0,02	0,01	0,05	0,00	0,00	0,00	0,00	0,00	0,00	0,00	0,00	0,00	0,00	0,00
14.08.2025 15:03:29	0,01	0,04	0,01	0,08	0,00	0,00	0,00	0,00	0,00	0,00	0,00	0,00	0,00	0,00	0,00
14.08.2025 15:03:35	0,01	0,01	0,04	0,00	0,10	0,00	0,00	0,00	0,00	0,00	16,62	0,00	0,00	0,00	0,00
14.08.2025 15:03:41	0,01	0,04	0,05	0,08	0,00	0,00	0,40	0,00	0,00	0,00	0,00	0,00	0,00	0,00	0,00
14.08.2025 15:03:47	0,02	0,00	0,00	0,00	0,00	0,00	0,00	0,00	0,00	0,00	0,00	0,00	0,00	0,00	0,00
14.08.2025 15:03:53	0,02	0,02	0,05	0,03	0,05	0,00	0,00	0,00	0,00	0,00	0,00	0,00	0,00	0,00	0,00
14.08.2025 15:03:59	0,01	0,02	0,01	0,00	0,00	0,00	0,00	0,00	0,00	0,00	0,00	0,00	0,00	0,00	0,00
14.08.2025 15:04:05	0,01	0,02	0,01	0,03	0,10	0,15	0,00	0,00	0,00	0,00	0,00	0,00	0,00	0,00	0,00
14.08.2025 15:04:11	0,01	0,04	0,03	0,05	0,00	0,00	0,00	0,00	0,00	0,00	0,00	0,00	0,00	0,00	0,00
14.08.2025 15:04:17	0,02	0,04	0,01	0,05	0,05	0,00	0,40	0,00	0,00	0,00	0,00	0,00	0,00	0,00	0,00
14.08.2025 15:04:23	0,01	0,02	0,01	0,05	0,05	0,00	0,00	0,00	0,00	0,00	0,00	45,60	0,00	0,00	0,00
14.08.2025 15:04:29	0,01	0,02	0,04	0,03	0,00	0,00	0,40	0,00	0,00	0,00	0,00	0,00	0,00	0,00	0,00
14.08.2025 15:04:35	0,01	0,01	0,01	0,05	0,05	0,00	0,00	0,00	0,00	0,00	0,00	0,00	0,00	0,00	0,00
14.08.2025 15:04:41	0,02	0,02	0,03	0,03	0,05	0,15	0,00	0,00	0,00	0,00	0,00	0,00	0,00	0,00	0,00
14.08.2025 15:04:47	0,02	0,03	0,03	0,00	0,10	0,15	0,00	0,00	0,00	6,20	0,00	0,00	0,00	583,68	425,42
14.08.2025 15:04:53	0,01	0,02	0,03	0,00	0,05	0,00	0,00	0,00	0,00	0,00	0,00	0,00	0,00	0,00	0,00
14.08.2025 15:04:59	0,01	0,03	0,04	0,08	0,05	0,00	0,79	1,06	0,00	0,00	0,00	0,00	0,00	218,88	425,42
14.08.2025 15:05:05	0,01	0,00	0,09	0,05	0,00	0,15	0,00	0,00	0,00	0,00	0,00	0,00	0,00	0,00	0,00
14.08.2025 15:05:11	0,01	0,02	0,03	0,05	0,00	0,15	0,00	0,00	0,00	0,00	0,00	0,00	0,00	0,00	0,00
14.08.2025 15:05:17	0,01	0,04	0,08	0,08	0,00	0,15	0,00	0,00	0,00	0,00	0,00	0,00	0,00	0,00	0,00
14.08.2025 15:05:23	0,01	0,01	0,01	0,03	0,00	0,00	0,00	0,00	0,00	0,00	0,00	0,00	0,00	0,00	0,00
14.08.2025 15:05:29	0,01	0,02	0,03	0,00	0,00	0,00	0,00	0,00	0,00	0,00	0,00	0,00	0,00	0,00	0,00
14.08.2025 15:05:35	0,01	0,01	0,01	0,03	0,05	0,00	0,00	0,00	0,00	0,00	0,00	0,00	0,00	0,00	0,00
14.08.2025 15:05:41	0,02	0,01	0,08	0,03	0,00	0,00	0,40	0,00	0,00	0,00	0,00	0,00	0,00	0,00	0,00
14.08.2025 15:05:47	0,01	0,02	0,05	0,03	0,05	0,15	0,40	0,00	0,00	0,00	0,00	0,00	0,00	0,00	0,00
14.08.2025 15:05:53	0,03	0,01	0,04	0,13	0,05	0,00	0,00	0,00	0,00	0,00	0,00	0,00	0,00	218,88	425,42
14.08.2025 15:05:59	0,03	0,05	0,00	0,03	0,00	0,00	0,40	0,00	0,00	6,20	0,00	0,00	0,00	0,00	0,00
14.08.2025 15:06:05	0,01	0,01	0,04	0,08	0,05	0,00	0,00	0,00	0,00	0,00	0,00	0,00	0,00	0,00	0,00
14.08.2025 15:06:11	0,02	0,02	0,04	0,08	0,00	0,00	0,00	0,00	0,00	0,00	0,00	0,00	0,00	0,00	0,00
14.08.2025 15:06:17	0,01	0,01	0,04	0,03	0,00	0,00	0,00	0,00	0,00	0,00	0,00	0,00	0,00	0,00	0,00
14.08.2025 15:06:23	0,02	0,01	0,03	0,05	0,10	0,00	0,00	0,00	0,00	0,00	0,00	0,00	0,00	0,00	0,00
14.08.2025 15:06:29	0,01	0,02	0,01	0,08	0,00	0,00	0,00	0,00	0,00	0,00	0,00	45,60	0,00	0,00	0,00
14.08.2025 15:06:35	0,01	0,01	0,01	0,03	0,00	0,00	0,00	0,00	0,00	0,00	0,00	0,00	0,00	0,00	0,00
14.08.2025 15:06:41	0,01	0,04	0,04	0,05	0,00	0,15	0,00	0,00	0,00	0,00	0,00	0,00	0,00	0,00	0,00
14.08.2025 15:06:47	0,01	0,02	0,04	0,08	0,00	0,15	0,00	0,00	0,00	0,00	0,00	45,60	0,00	0,00	0,00
14.08.2025 15:06:53	0,01	0,01	0,00	0,00	0,05	0,00	0,40	0,00	0,00	0,00	0,00	0,00	0,00	0,00	0,00
14.08.2025 15:06:59	0,03	0,02	0,05	0,03	0,00	0,00	0,00	0,00	0,00	0,00	0,00	0,00	0,00	0,00	0,00
14.08.2025 15:07:05	0,01	0,02	0,00	0,03	0,05	0,00	0,00	0,00	0,00	0,00	0,00	0,00	0,00	0,00	0,00
14.08.2025 15:07:11	0,01	0,03	0,06	0,03	0,05	0,00	0,40	0,00	0,00	0,00	0,00	0,00	0,00	0,00	0,00
14.08.2025 15:07:17	0,02	0,01	0,00	0,03	0,10	0,00	0,00	0,00	0,00	0,00	16,62	0,00	0,00	0,00	0,00
14.08.2025 15:07:23	0,02	0,02	0,04	0,00	0,00	0,15	0,00	0,00	0,00	0,00	0,00	0,00	0,00	0,00	0,00
14.08.2025 15:07:29	0,01	0,00	0,04	0,03	0,00	0,00	0,00	0,00	0,00	0,00	0,00	0,00	0,00	0,00	0,00
14.08.2025 15:07:35	0,02	0,04	0,01	0,03	0,00	0,00	0,00	0,00	0,00	0,00	0,00	45,60	0,00	0,00	0,00
14.08.2025 15:07:41	0,02	0,01	0,01	0,05	0,00	0,00	0,00	0,00	0,00	0,00	16,62	0,00	0,00	0,00	0,00
14.08.2025 15:07:47	0,01	0,01	0,05	0,03	0,00	0,15	0,00	0,00	0,00	0,00	0,00	0,00	0,00	0,00	0,00
14.08.2025 15:07:53	0,01	0,02	0,05	0,03	0,05	0,00	0,00	0,00	0,00	0,00	0,00	0,00	0,00	0,00	0,00
14.08.2025 15:07:59	0,02	0,01	0,03	0,03	0,00	0,00	0,00	0,00	0,00	0,00	16,62	0,00	0,00	0,00	0,00
14.08.2025 15:08:05	0,00	0,02	0,03	0,03	0,00	0,00	0,00	0,00	0,00	0,00	0,00	0,00	0,00	0,00	0,00
14.08.2025 15:08:11	0,02	0,03	0,06	0,10	0,05	0,15	0,00	0,00	0,00	0,00	0,00	0,00	0,00	0,00	0,00
14.08.2025 15:08:17	0,00	0,02	0,03	0,00	0,05	0,00	0,00	0,00	0,00	6,20	0,00	0,00	0,00	0,00	0,00
14.08.2025 15:08:23	0,02	0,02	0,05	0,03	0,00	0,00	0,40	0,00	0,00	0,00	0,00	0,00	0,00	0,00	0,00
14.08.2025 15:08:29	0,02	0,01	0,08	0,03	0,05	0,00	0,00	0,00	0,00	0,00	16,62	0,00	0,00	0,00	0,00
14.08.2025 15:08:35	0,01	0,03	0,01	0,08	0,05	0,30	0,00	0,00	0,00	0,00	0,00	0,00	0,00	0,00	0,00
14.08.2025 15:08:41	0,01	0,01	0,04	0,00	0,00	0,00	0,00	1,06	0,00	0,00	0,00	0,00	0,00	0,00	0,00
14.08.2025 15:08:47	0,02	0,01	0,04	0,08	0,00	0,00	0,00	2,13	2,92	0,00	0,00	0,00	0,00	0,00	0,00
14.08.2025 15:08:53	0,02	0,02	0,09	0,05	0,10	0,15	0,00	0,00	0,00	0,00	0,00	0,00	132,95	218,88	425,42
14.08.2025 15:08:59	0,01	0,01	0,08	0,00	0,10	0,00	0,00	0,00	0,00	0,00	0,00	0,00	0,00	0,00	0,00
14.08.2025 15:09:05	0,01	0,03	0,00	0,05	0,00	0,00	0,79	0,00	0,00	0,00	0,00	0,00	0,00	0,00	0,00
14.08.2025 15:09:11	0,01	0,03	0,00	0,08	0,10	0,00	0,00	0,00	0,00	0,00	0,00	0,00	0,00	0,00	0,00
14.08.2025 15:09:17	0,01	0,01	0,01	0,03	0,05	0,00	0,00	0,00	0,00	0,00	0,00	0,00	0,00	0,00	0,00
14.08.2025 15:09:23	0,01	0,01	0,04	0,00	0,00	0,00	0,40	0,00	0,00	0,00	0,00	0,00	0,00	0,00	0,00
14.08.2025 15:09:29	0,02	0,02	0,00	0,10	0,00	0,00	0,00	0,00	0,00	0,00	0,00	0,00	0,00	0,00	0,00
14.08.2025 15:09:35	0,01	0,02	0,03	0,05	0,00	0,00	0,00	0,00	0,00	0,00	0,00	0,00	0,00	0,00	0,00
14.08.2025 15:09:41	0,01	0,02	0,06	0,00	0,00	0,00	0,00	0,00	0,00	0,00	0,00	0,00	0,00	0,00	0,00
14.08.2025 15:09:47	0,01	0,01	0,01	0,08	0,00	0,00	0,00	0,00	0,00	0,00	0,00	0,00	0,00	0,00	0,00
14.08.2025 15:09:53	0,01	0,01	0,04	0,03	0,00	0,15	0,00	0,00	0,00	0,00	0,00	0,00	0,00	0,00	0,00
14.08.2025 15:09:59	0,02	0,02	0,04	0,03	0,05	0,00	0,00	0,00	0,00	0,00	0,00	0,00	0,00	0,00	0,00
14.08.2025 15:10:05	0,00	0,04	0,03	0,03	0,05	0,00	0,00	0,00	0,00	0,00	0,00	0,00	0,00	0,00	0,00
14.08.2025 15:10:11	0,01	0,04	0,06	0,08	0,00	0,00	0,00	0,00	0,00	0,00	0,00	0,00	0,00	218,88	425,42
14.08.2025 15:10:17	0,02	0,02	0,01	0,03	0,05	0,15	0,00	0,00	0,00	0,00	0,00	0,00	0,00	0,00	0,00
14.08.2025 15:10:23	0,01	0,02	0,04	0,03	0,00	0,00	0,00	0,00	0,00	0,00	0,00	0,00	0,00	0,00	0,00
14.08.2025 15:10:29	0,01	0,01	0,03	0,10	0,05	0,00	0,00	0,00	2,92	0,00	0,00	0,00	0,00	0,00	0,00
14.08.2025 15:10:35	0,02	0,01	0,03	0,08	0,15	0,00	0,00	0,00	0,00	0,00	0,00	0,00	0,00	218,88	425,42
14.08.2025 15:10:41	0,02	0,03	0,03	0,03	0,00	0,15	0,00	0,00	0,00	0,00	0,00	0,00	0,00	364,80	0,00
14.08.2025 15:10:47	0,02	0,03	0,05	0,10	0,00	0,00	0,40	0,00	0,00	0,00	0,00	0,00	0,00	0,00	0,00
14.08.2025 15:10:53	0,00	0,05	0,04	0,03	0,05	0,00	0,00	0,00	0,00	0,00	0,00	0,00	0,00	0,00	0,00
14.08.2025 15:10:59	0,02	0,02	0,04	0,08	0,00	0,00	0,00	0,00	0,00	0,00	0,00	0,00	0,00	218,88	425,42
14.08.2025 15:11:05	0,01	0,02	0,00	0,05	0,00	0,15	0,40	0,00	0,00	0,00	0,00	0,00	0,00	0,00	0,00
14.08.2025 15:11:11	0,01	0,01	0,04	0,05	0,05	0,00	0,00	0,00	0,00	0,00	0,00	0,00	0,00	0,00	0,00
14.08.2025 15:11:17	0,01	0,01	0,03	0,00	0,00	0,00	0,00	0,00	0,00	0,00	0,00	0,00	0,00	0,00	0,00
14.08.2025 15:11:23	0,01	0,03	0,01	0,00	0,00	0,00	0,00	1,06	0,00	0,00	0,00	0,00	0,00	0,00	0,00
14.08.2025 15:11:29	0,01	0,02	0,00	0,00	0,00	0,00	0,00	1,06	0,00	0,00	0,00	0,00	0,00	0,00	0,00
14.08.2025 15:11:35	0,01	0,01	0,08	0,03	0,00	0,00	0,00	0,00	0,00	0,00	0,00	0,00	0,00	0,00	0,00
14.08.2025 15:11:41	0,02	0,01	0,04	0,05	0,00	0,00	0,00	0,00	0,00	0,00	0,00	0,00	0,00	145,92	638,14
14.08.2025 15:11:47	0,01	0,00	0,01	0,03	0,00	0,00	0,00	0,00	0,00	0,00	0,00	0,00	0,00	0,00	0,00
14.08.2025 15:11:53	0,01	0,02	0,01	0,05	0,00	0,00	0,00	1,06	0,00	6,20	16,62	0,00	0,00	0,00	0,00
14.08.2025 15:11:59	0,01	0,02	0,04	0,03	0,05	0,00	0,00	0,00	0,00	0,00	0,00	0,00	0,00	0,00	0,00
14.08.2025 15:12:05	0,00	0,04	0,01	0,08	0,00	0,00	0,00	0,00	0,00	0,00	16,62	45,60	0,00	0,00	0,00
14.08.2025 15:12:11	0,04	0,01	0,08	0,05	0,10	0,00	0,00	1,06	0,00	0,00	0,00	0,00	0,00	72,96	850,85
14.08.2025 15:12:17	0,02	0,01	0,03	0,03	0,00	0,00	0,79	1,06	0,00	0,00	16,62	0,00	0,00	0,00	0,00
14.08.2025 15:12:23	0,02	0,02	0,01	0,05	0,00	0,00	0,00	0,00	0,00	0,00	0,00	45,60	0,00	0,00	0,00
14.08.2025 15:12:29	0,02	0,01	0,03	0,00	0,05	0,00	0,00	0,00	0,00	0,00	0,00	0,00	132,95	0,00	0,00
14.08.2025 15:12:35	0,02	0,02	0,06	0,08	0,00	0,00	0,40	0,00	0,00	0,00	0,00	0,00	0,00	72,96	850,85
14.08.2025 15:12:41	0,01	0,03	0,01	0,05	0,00	0,15	0,40	1,06	0,00	0,00	0,00	0,00	0,00	0,00	0,00
14.08.2025 15:12:47	0,02	0,03	0,00	0,03	0,00	0,00	0,40	0,00	0,00	0,00	0,00	0,00	0,00	0,00	0,00
14.08.2025 15:12:53	0,01	0,01	0,00	0,05	0,05	0,15	0,00	0,00	0,00	0,00	0,00	0,00	0,00	0,00	0,00
14.08.2025 15:12:59	0,02	0,02	0,01	0,03	0,00	0,00	0,00	0,00	2,92	0,00	0,00	0,00	0,00	364,80	1063,56
14.08.2025 15:13:05	0,02	0,01	0,04	0,13	0,05	0,00	0,40	0,00	2,92	6,20	0,00	91,20	0,00	0,00	0,00
14.08.2025 15:13:11	0,01	0,02	0,01	0,03	0,00	0,00	0,00	0,00	2,92	0,00	0,00	45,60	0,00	0,00	0,00
14.08.2025 15:13:17	0,03	0,04	0,01	0,05	0,00	0,00	0,40	2,13	0,00	0,00	0,00	0,00	0,00	364,80	1063,56
14.08.2025 15:13:23	0,03	0,05	0,05	0,08	0,15	0,00	0,40	0,00	0,00	0,00	0,00	0,00	0,00	583,68	1488,98
14.08.2025 15:13:29	0,01	0,00	0,01	0,00	0,00	0,00	0,79	0,00	0,00	0,00	0,00	0,00	0,00	291,84	212,71
14.08.2025 15:13:35	0,02	0,04	0,04	0,08	0,10	0,45	0,40	0,00	0,00	0,00	0,00	0,00	132,95	145,92	638,14
14.08.2025 15:13:41	0,02	0,02	0,03	0,05	0,00	0,00	0,00	0,00	0,00	0,00	0,00	0,00	0,00	364,80	0,00
14.08.2025 15:13:47	0,03	0,02	0,03	0,03	0,05	0,00	0,40	0,00	0,00	0,00	0,00	0,00	0,00	291,84	1276,27
14.08.2025 15:13:53	0,01	0,01	0,03	0,05	0,05	0,15	0,00	0,00	0,00	0,00	0,00	0,00	0,00	0,00	0,00
14.08.2025 15:13:59	0,02	0,02	0,05	0,05	0,00	0,00	0,00	0,00	0,00	6,20	0,00	0,00	0,00	0,00	0,00
14.08.2025 15:14:05	0,01	0,00	0,06	0,08	0,15	0,00	0,40	0,00	0,00	0,00	0,00	0,00	0,00	0,00	0,00
14.08.2025 15:14:11	0,02	0,03	0,01	0,03	0,00	0,00	0,00	0,00	0,00	0,00	0,00	0,00	0,00	0,00	0,00
14.08.2025 15:14:17	0,02	0,02	0,04	0,05	0,00	0,00	0,00	0,00	0,00	6,20	0,00	0,00	132,95	0,00	0,00
14.08.2025 15:14:23	0,01	0,01	0,03	0,00	0,10	0,00	0,00	0,00	0,00	0,00	16,62	0,00	0,00	0,00	0,00
14.08.2025 15:14:29	0,02	0,03	0,04	0,03	0,10	0,00	0,00	1,06	0,00	0,00	0,00	0,00	132,95	0,00	0,00
14.08.2025 15:14:35	0,00	0,02	0,04	0,00	0,00	0,00	0,00	0,00	0,00	0,00	0,00	0,00	0,00	0,00	0,00
14.08.2025 15:14:41	0,03	0,04	0,05	0,08	0,05	0,00	0,00	0,00	0,00	0,00	0,00	0,00	0,00	72,96	850,85
14.08.2025 15:14:47	0,02	0,03	0,03	0,03	0,00	0,00	0,40	0,00	0,00	0,00	0,00	0,00	0,00	0,00	0,00
14.08.2025 15:14:53	0,01	0,03	0,01	0,03	0,00	0,00	0,00	0,00	0,00	0,00	0,00	0,00	0,00	364,80	0,00
14.08.2025 15:14:59	0,03	0,02	0,05	0,00	0,00	0,15	0,00	1,06	0,00	0,00	0,00	0,00	0,00	145,92	638,14
14.08.2025 15:15:05	0,02	0,02	0,03	0,03	0,00	0,15	0,40	0,00	0,00	0,00	0,00	0,00	0,00	0,00	0,00
14.08.2025 15:15:11	0,01	0,02	0,04	0,08	0,00	0,00	0,00	1,06	0,00	0,00	0,00	0,00	0,00	0,00	0,00
14.08.2025 15:15:17	0,01	0,03	0,03	0,00	0,05	0,15	0,40	0,00	0,00	0,00	0,00	0,00	0,00	0,00	0,00
14.08.2025 15:15:23	0,01	0,02	0,04	0,05	0,00	0,00	0,00	1,06	0,00	0,00	0,00	0,00	0,00	0,00	0,00
14.08.2025 15:15:29	0,01	0,03	0,04	0,08	0,05	0,00	0,00	0,00	0,00	0,00	0,00	0,00	0,00	0,00	0,00
14.08.2025 15:15:35	0,03	0,05	0,05	0,00	0,05	0,00	0,00	1,06	0,00	0,00	0,00	0,00	0,00	145,92	638,14
14.08.2025 15:15:41	0,01	0,01	0,01	0,05	0,00	0,00	0,00	0,00	0,00	0,00	0,00	0,00	0,00	0,00	0,00
14.08.2025 15:15:47	0,01	0,03	0,00	0,00	0,00	0,00	0,40	0,00	0,00	0,00	0,00	0,00	132,95	0,00	0,00
14.08.2025 15:15:53	0,02	0,04	0,01	0,03	0,00	0,00	0,40	1,06	0,00	0,00	0,00	0,00	0,00	0,00	0,00
14.08.2025 15:15:59	0,01	0,04	0,01	0,03	0,00	0,00	0,00	0,00	0,00	0,00	0,00	45,60	0,00	0,00	0,00
14.08.2025 15:16:05	0,01	0,02	0,04	0,05	0,00	0,00	0,40	0,00	0,00	0,00	0,00	0,00	0,00	0,00	0,00
14.08.2025 15:16:11	0,01	0,01	0,04	0,03	0,00	0,30	0,00	0,00	0,00	0,00	0,00	0,00	0,00	0,00	0,00
14.08.2025 15:16:17	0,00	0,01	0,03	0,03	0,00	0,00	0,00	0,00	0,00	0,00	0,00	0,00	0,00	0,00	0,00
14.08.2025 15:16:23	0,01	0,02	0,01	0,00	0,00	0,00	0,00	0,00	0,00	0,00	0,00	0,00	0,00	0,00	0,00
14.08.2025 15:16:29	0,01	0,02	0,03	0,03	0,00	0,00	0,00	0,00	0,00	0,00	0,00	0,00	0,00	0,00	0,00
14.08.2025 15:16:35	0,01	0,02	0,01	0,00	0,15	0,00	0,00	0,00	0,00	0,00	0,00	45,60	0,00	0,00	0,00
14.08.2025 15:16:41	0,00	0,02	0,01	0,05	0,00	0,00	0,00	0,00	0,00	0,00	0,00	0,00	0,00	0,00	0,00
14.08.2025 15:16:47	0,01	0,02	0,01	0,10	0,00	0,00	0,00	0,00	0,00	0,00	0,00	0,00	0,00	0,00	0,00
14.08.2025 15:16:53	0,01	0,02	0,03	0,05	0,10	0,00	0,00	1,06	0,00	0,00	0,00	0,00	0,00	0,00	0,00
14.08.2025 15:16:59	0,03	0,02	0,05	0,03	0,00	0,00	0,00	0,00	0,00	0,00	0,00	0,00	0,00	291,84	1276,27
14.08.2025 15:17:05	0,00	0,04	0,05	0,03	0,00	0,15	0,00	0,00	0,00	0,00	0,00	0,00	0,00	0,00	0,00
14.08.2025 15:17:11	0,01	0,01	0,03	0,03	0,00	0,00	0,40	0,00	0,00	0,00	16,62	0,00	0,00	0,00	0,00
14.08.2025 15:17:17	0,02	0,02	0,01	0,05	0,00	0,00	0,00	1,06	5,84	0,00	16,62	0,00	0,00	0,00	0,00
14.08.2025 15:17:23	0,02	0,01	0,04	0,03	0,00	0,00	0,00	0,00	0,00	0,00	0,00	0,00	0,00	0,00	0,00
14.08.2025 15:17:29	0,01	0,02	0,00	0,00	0,00	0,00	0,00	0,00	0,00	0,00	0,00	0,00	0,00	364,80	1063,56
14.08.2025 15:17:35	0,01	0,01	0,00	0,03	0,00	0,15	0,00	1,06	0,00	0,00	0,00	0,00	0,00	0,00	0,00
14.08.2025 15:17:41	0,01	0,02	0,00	0,00	0,00	0,00	0,00	0,00	0,00	0,00	16,62	0,00	0,00	0,00	0,00
14.08.2025 15:17:47	0,02	0,04	0,01	0,05	0,05	0,00	0,00	1,06	0,00	0,00	0,00	0,00	0,00	145,92	638,14
14.08.2025 15:17:53	0,02	0,01	0,03	0,10	0,00	0,00	0,00	1,06	0,00	0,00	0,00	0,00	0,00	0,00	0,00
14.08.2025 15:17:59	0,02	0,02	0,03	0,00	0,00	0,00	0,00	1,06	2,92	6,20	0,00	0,00	0,00	0,00	0,00
14.08.2025 15:18:05	0,02	0,02	0,01	0,03	0,00	0,00	0,00	0,00	0,00	0,00	16,62	0,00	0,00	145,92	638,14
14.08.2025 15:18:11	0,02	0,04	0,09	0,05	0,00	0,00	0,40	0,00	2,92	6,20	0,00	0,00	132,95	145,92	638,14
14.08.2025 15:18:17	0,01	0,00	0,04	0,03	0,15	0,00	0,00	1,06	0,00	0,00	0,00	0,00	132,95	0,00	0,00
14.08.2025 15:18:23	0,02	0,04	0,04	0,00	0,00	0,00	0,40	1,06	0,00	6,20	0,00	0,00	132,95	0,00	0,00
14.08.2025 15:18:29	0,01	0,01	0,01	0,00	0,00	0,00	0,40	0,00	0,00	0,00	0,00	0,00	0,00	0,00	0,00
14.08.2025 15:18:35	0,02	0,01	0,03	0,10	0,05	0,15	0,00	0,00	0,00	0,00	0,00	0,00	0,00	0,00	0,00
14.08.2025 15:18:41	0,01	0,02	0,05	0,03	0,10	0,00	0,00	0,00	0,00	0,00	0,00	0,00	0,00	0,00	0,00
14.08.2025 15:18:47	0,02	0,01	0,04	0,05	0,00	0,00	0,00	0,00	0,00	0,00	0,00	0,00	0,00	0,00	0,00
14.08.2025 15:18:53	0,02	0,05	0,01	0,13	0,05	0,00	0,79	1,06	0,00	0,00	0,00	0,00	0,00	145,92	638,14
14.08.2025 15:18:59	0,02	0,03	0,00	0,08	0,05	0,15	0,00	1,06	0,00	0,00	0,00	0,00	0,00	0,00	0,00
14.08.2025 15:19:05	0,01	0,01	0,03	0,05	0,00	0,15	0,79	0,00	0,00	0,00	0,00	0,00	0,00	0,00	0,00
