<Header>
User name: 
Location: probe cabin
# of Location: 2
Model: 11-D
Serial No.: 11D20167
Firmware revision: 12.50E
Software revision: 1179-V2-10 (23-01-2023)
Unit: log data
C-factor: 1,00
location factor: 1,00
Comment: test room aerosol conditions
online data
K-line: 

<Data>
[d&t31.12.2035 11:50:55]	P	Year	Mon	Day	Hr	Min	Sec	Loc	GF	Err	Qbatt	Im	Temp	rH	Velo	Pres	Dir	Rain	Iv	P_Weight	P_Vol[l]	rH_i	Temp_i	Latitude	Longitude	Height	Flow[%]	SFlow
14.08.2025 14:27:22	P	25	8	14	14	27	22	2	0	0	NA	10	NA	NA	NA	1016,8	NA	NA	6	1127,9	36602,7	42,4	31,0	NA	NA	NA	102,9A	NA
14.08.2025 14:27:29	P	25	8	14	14	27	29	2	100	0	NA	26	NA	NA	NA	1017,2	NA	NA	6	1127,9	36602,8	42,9	31,0	NA	NA	NA	102,9A	NA
14.08.2025 14:27:35	P	25	8	14	14	27	35	2	100	0	NA	26	NA	NA	NA	1017,2	NA	NA	6	1127,9	36603,0	43,1	31,1	NA	NA	NA	102,9A	NA
14.08.2025 14:27:41	P	25	8	14	14	27	41	2	100	0	NA	26	NA	NA	NA	1017,2	NA	NA	6	1127,9	36603,1	43,2	31,0	NA	NA	NA	102,9A	NA
14.08.2025 14:27:47	P	25	8	14	14	27	47	2	100	0	NA	26	NA	NA	NA	1017,2	NA	NA	6	1128,0	36603,2	43,4	31,1	NA	NA	NA	102,9A	NA
14.08.2025 14:27:53	P	25	8	14	14	27	53	2	100	0	NA	26	NA	NA	NA	1017,2	NA	NA	6	1128,0	36603,3	43,4	31,0	NA	NA	NA	102,9A	NA
14.08.2025 14:27:59	P	25	8	14	14	27	59	2	100	0	NA	27	NA	NA	NA	1017,2	NA	NA	6	1128,0	36603,5	43,5	31,1	NA	NA	NA	102,9A	NA
14.08.2025 14:28:05	P	25	8	14	14	28	5	2	100	0	NA	27	NA	NA	NA	1016,8	NA	NA	6	1128,0	36603,6	43,4	31,0	NA	NA	NA	102,9A	NA
14.08.2025 14:28:11	P	25	8	14	14	28	11	2	100	0	NA	27	NA	NA	NA	1016,8	NA	NA	6	1128,0	36603,7	43,5	31,1	NA	NA	NA	102,9A	NA
14.08.2025 14:28:17	P	25	8	14	14	28	17	2	100	0	NA	27	NA	NA	NA	1016,8	NA	NA	6	1128,0	36603,8	43,5	31,1	NA	NA	NA	102,9A	NA
14.08.2025 14:28:23	P	25	8	14	14	28	23	2	100	0	NA	27	NA	NA	NA	1017,1	NA	NA	6	1128,0	36603,9	43,5	31,1	NA	NA	NA	102,9A	NA
14.08.2025 14:28:29	P	25	8	14	14	28	29	2	100	0	NA	27	NA	NA	NA	1017,2	NA	NA	6	1128,0	36604,1	43,6	31,1	NA	NA	NA	102,9A	NA
14.08.2025 14:28:35	P	25	8	14	14	28	35	2	100	0	NA	26	NA	NA	NA	1017,2	NA	NA	6	1128,0	36604,2	43,6	31,1	NA	NA	NA	102,9A	NA
14.08.2025 14:28:41	P	25	8	14	14	28	41	2	100	0	NA	27	NA	NA	NA	1017,2	NA	NA	6	1128,0	36604,3	43,5	31,1	NA	NA	NA	102,9A	NA
14.08.2025 14:28:47	P	25	8	14	14	28	47	2	100	0	NA	27	NA	NA	NA	1017,2	NA	NA	6	1128,0	36604,4	43,5	31,1	NA	NA	NA	102,9A	NA
14.08.2025 14:28:53	P	25	8	14	14	28	53	2	100	0	NA	27	NA	NA	NA	1017,2	NA	NA	6	1128,0	36604,5	43,5	31,1	NA	NA	NA	102,9A	NA
14.08.2025 14:28:59	P	25	8	14	14	28	59	2	100	0	NA	27	NA	NA	NA	1016,8	NA	NA	6	1128,0	36604,7	43,6	31,1	NA	NA	NA	102,9A	NA
14.08.2025 14:29:05	P	25	8	14	14	29	5	2	100	0	NA	26	NA	NA	NA	1017,2	NA	NA	6	1128,0	36604,8	43,7	31,1	NA	NA	NA	102,9A	NA
14.08.2025 14:29:11	P	25	8	14	14	29	11	2	100	0	NA	26	NA	NA	NA	1017,2	NA	NA	6	1128,0	36604,9	43,6	31,2	NA	NA	NA	102,9A	NA
14.08.2025 14:29:17	P	25	8	14	14	29	17	2	100	0	NA	27	NA	NA	NA	1016,8	NA	NA	6	1128,0	36605,0	43,6	31,1	NA	NA	NA	102,9A	NA
14.08.2025 14:29:23	P	25	8	14	14	29	23	2	100	0	NA	26	NA	NA	NA	1017,1	NA	NA	6	1128,0	36605,1	43,5	31,2	NA	NA	NA	102,9A	NA
14.08.2025 14:29:29	P	25	8	14	14	29	29	2	100	0	NA	26	NA	NA	NA	1016,8	NA	NA	6	1128,0	36605,3	43,6	31,1	NA	NA	NA	102,9A	NA
14.08.2025 14:29:35	P	25	8	14	14	29	35	2	100	0	NA	27	NA	NA	NA	1017,2	NA	NA	6	1128,0	36605,4	43,6	31,2	NA	NA	NA	102,9A	NA
14.08.2025 14:29:41	P	25	8	14	14	29	41	2	100	0	NA	26	NA	NA	NA	1016,8	NA	NA	6	1128,0	36605,5	43,4	31,2	NA	NA	NA	102,9A	NA
14.08.2025 14:29:47	P	25	8	14	14	29	47	2	100	0	NA	26	NA	NA	NA	1017,2	NA	NA	6	1128,1	36605,6	43,5	31,2	NA	NA	NA	102,9A	NA
14.08.2025 14:29:53	P	25	8	14	14	29	53	2	100	0	NA	26	NA	NA	NA	1016,8	NA	NA	6	1128,1	36605,8	43,5	31,2	NA	NA	NA	102,9A	NA
14.08.2025 14:29:59	P	25	8	14	14	29	59	2	100	0	NA	26	NA	NA	NA	1016,8	NA	NA	6	1128,1	36605,9	43,5	31,2	NA	NA	NA	102,9A	NA
14.08.2025 14:30:05	P	25	8	14	14	30	5	2	100	0	NA	26	NA	NA	NA	1017,2	NA	NA	6	1128,1	36606,0	43,6	31,2	NA	NA	NA	102,9A	NA
14.08.2025 14:30:11	P	25	8	14	14	30	11	2	100	0	NA	26	NA	NA	NA	1016,8	NA	NA	6	1128,1	36606,1	43,5	31,2	NA	NA	NA	102,9A	NA
14.08.2025 14:30:17	P	25	8	14	14	30	17	2	100	0	NA	26	NA	NA	NA	1017,2	NA	NA	6	1128,1	36606,2	43,5	31,2	NA	NA	NA	102,9A	NA
14.08.2025 14:30:23	P	25	8	14	14	30	23	2	100	0	NA	27	NA	NA	NA	1016,9	NA	NA	6	1128,1	36606,4	43,5	31,2	NA	NA	NA	102,9A	NA
14.08.2025 14:30:29	P	25	8	14	14	30	29	2	100	0	NA	27	NA	NA	NA	1017,2	NA	NA	6	1128,1	36606,5	43,5	31,3	NA	NA	NA	102,9A	NA
14.08.2025 14:30:35	P	25	8	14	14	30	35	2	100	0	NA	26	NA	NA	NA	1016,8	NA	NA	6	1128,1	36606,6	43,5	31,3	NA	NA	NA	102,9A	NA
14.08.2025 14:30:41	P	25	8	14	14	30	41	2	100	0	NA	27	NA	NA	NA	1016,8	NA	NA	6	1128,1	36606,7	43,5	31,3	NA	NA	NA	102,9A	NA
14.08.2025 14:30:47	P	25	8	14	14	30	47	2	100	0	NA	26	NA	NA	NA	1017,2	NA	NA	6	1128,1	36606,8	43,5	31,2	NA	NA	NA	102,9A	NA
14.08.2025 14:30:53	P	25	8	14	14	30	53	2	100	0	NA	26	NA	NA	NA	1016,8	NA	NA	6	1128,1	36607,0	43,4	31,3	NA	NA	NA	102,9A	NA
14.08.2025 14:30:59	P	25	8	14	14	30	59	2	100	0	NA	27	NA	NA	NA	1016,8	NA	NA	6	1128,1	36607,1	43,4	31,3	NA	NA	NA	102,9A	NA
14.08.2025 14:31:05	P	25	8	14	14	31	5	2	100	0	NA	26	NA	NA	NA	1016,8	NA	NA	6	1128,1	36607,2	43,4	31,3	NA	NA	NA	102,9A	NA
14.08.2025 14:31:11	P	25	8	14	14	31	11	2	100	0	NA	26	NA	NA	NA	1017,2	NA	NA	6	1128,1	36607,3	43,4	31,3	NA	NA	NA	102,9A	NA
14.08.2025 14:31:17	P	25	8	14	14	31	17	2	100	0	NA	26	NA	NA	NA	1016,8	NA	NA	6	1128,1	36607,4	43,3	31,3	NA	NA	NA	102,9A	NA
14.08.2025 14:31:23	P	25	8	14	14	31	23	2	100	0	NA	26	NA	NA	NA	1017,1	NA	NA	6	1128,1	36607,6	43,3	31,3	NA	NA	NA	102,9A	NA
14.08.2025 14:31:29	P	25	8	14	14	31	29	2	100	0	NA	26	NA	NA	NA	1016,8	NA	NA	6	1128,1	36607,7	43,3	31,3	NA	NA	NA	102,9A	NA
14.08.2025 14:31:35	P	25	8	14	14	31	35	2	100	0	NA	26	NA	NA	NA	1016,8	NA	NA	6	1128,1	36607,8	43,2	31,3	NA	NA	NA	102,9A	NA
14.08.2025 14:31:41	P	25	8	14	14	31	41	2	100	0	NA	26	NA	NA	NA	1017,2	NA	NA	6	1128,1	36607,9	43,3	31,3	NA	NA	NA	102,9A	NA
14.08.2025 14:31:47	P	25	8	14	14	31	47	2	100	0	NA	26	NA	NA	NA	1017,2	NA	NA	6	1128,1	36608,1	43,3	31,3	NA	NA	NA	102,9A	NA
14.08.2025 14:31:53	P	25	8	14	14	31	53	2	100	0	NA	26	NA	NA	NA	1017,2	NA	NA	6	1128,1	36608,2	43,3	31,4	NA	NA	NA	102,9A	NA
14.08.2025 14:31:59	P	25	8	14	14	31	59	2	100	0	NA	26	NA	NA	NA	1016,8	NA	NA	6	1128,1	36608,3	43,2	31,4	NA	NA	NA	102,9A	NA
14.08.2025 14:32:05	P	25	8	14	14	32	5	2	100	0	NA	26	NA	NA	NA	1017,2	NA	NA	6	1128,1	36608,4	43,2	31,4	NA	NA	NA	102,9A	NA
14.08.2025 14:32:11	P	25	8	14	14	32	11	2	100	0	NA	26	NA	NA	NA	1016,8	NA	NA	6	1128,2	36608,5	43,2	31,4	NA	NA	NA	102,9A	NA
14.08.2025 14:32:17	P	25	8	14	14	32	17	2	100	0	NA	26	NA	NA	NA	1017,2	NA	NA	6	1128,2	36608,7	43,2	31,4	NA	NA	NA	102,9A	NA
14.08.2025 14:32:23	P	25	8	14	14	32	23	2	100	0	NA	26	NA	NA	NA	1017,0	NA	NA	6	1128,2	36608,8	43,2	31,4	NA	NA	NA	102,9A	NA
14.08.2025 14:32:29	P	25	8	14	14	32	29	2	100	0	NA	26	NA	NA	NA	1017,2	NA	NA	6	1128,2	36608,9	43,1	31,5	NA	NA	NA	102,9A	NA
14.08.2025 14:32:35	P	25	8	14	14	32	35	2	100	0	NA	26	NA	NA	NA	1016,8	NA	NA	6	1128,2	36609,0	43,1	31,4	NA	NA	NA	102,9A	NA
14.08.2025 14:32:41	P	25	8	14	14	32	41	2	100	0	NA	26	NA	NA	NA	1016,8	NA	NA	6	1128,2	36609,1	43,1	31,4	NA	NA	NA	102,9A	NA
14.08.2025 14:32:47	P	25	8	14	14	32	47	2	100	0	NA	26	NA	NA	NA	1017,2	NA	NA	6	1128,2	36609,3	43,1	31,4	NA	NA	NA	102,9A	NA
14.08.2025 14:32:53	P	25	8	14	14	32	53	2	100	0	NA	26	NA	NA	NA	1017,2	NA	NA	6	1128,2	36609,4	43,0	31,4	NA	NA	NA	102,9A	NA
14.08.2025 14:32:59	P	25	8	14	14	32	59	2	100	0	NA	26	NA	NA	NA	1017,2	NA	NA	6	1128,2	36609,5	43,0	31,4	NA	NA	NA	102,9A	NA
14.08.2025 14:33:05	P	25	8	14	14	33	5	2	100	0	NA	26	NA	NA	NA	1016,8	NA	NA	6	1128,2	36609,6	43,1	31,5	NA	NA	NA	102,9A	NA
14.08.2025 14:33:11	P	25	8	14	14	33	11	2	100	0	NA	26	NA	NA	NA	1016,8	NA	NA	6	1128,2	36609,8	43,1	31,5	NA	NA	NA	102,9A	NA
14.08.2025 14:33:17	P	25	8	14	14	33	17	2	100	0	NA	26	NA	NA	NA	1017,2	NA	NA	6	1128,2	36609,9	43,1	31,5	NA	NA	NA	102,9A	NA
14.08.2025 14:33:23	P	25	8	14	14	33	23	2	100	0	NA	26	NA	NA	NA	1017,1	NA	NA	6	1128,2	36610,0	43,1	31,5	NA	NA	NA	102,9A	NA
14.08.2025 14:33:29	P	25	8	14	14	33	29	2	100	0	NA	26	NA	NA	NA	1017,2	NA	NA	6	1128,2	36610,1	42,9	31,5	NA	NA	NA	102,9A	NA
14.08.2025 14:33:35	P	25	8	14	14	33	35	2	100	0	NA	27	NA	NA	NA	1016,8	NA	NA	6	1128,2	36610,2	43,0	31,5	NA	NA	NA	102,9A	NA
14.08.2025 14:33:41	P	25	8	14	14	33	41	2	100	0	NA	26	NA	NA	NA	1016,8	NA	NA	6	1128,2	36610,4	42,9	31,5	NA	NA	NA	102,9A	NA
14.08.2025 14:33:47	P	25	8	14	14	33	47	2	100	0	NA	26	NA	NA	NA	1016,8	NA	NA	6	1128,2	36610,5	42,9	31,5	NA	NA	NA	102,9A	NA
14.08.2025 14:33:53	P	25	8	14	14	33	53	2	100	0	NA	26	NA	NA	NA	1016,8	NA	NA	6	1128,2	36610,6	42,9	31,5	NA	NA	NA	102,9A	NA
14.08.2025 14:33:59	P	25	8	14	14	33	59	2	100	0	NA	26	NA	NA	NA	1017,2	NA	NA	6	1128,2	36610,7	42,9	31,5	NA	NA	NA	102,9A	NA
14.08.2025 14:34:05	P	25	8	14	14	34	5	2	100	0	NA	26	NA	NA	NA	1017,2	NA	NA	6	1128,2	36610,8	42,9	31,6	NA	NA	NA	102,9A	NA
14.08.2025 14:34:11	P	25	8	14	14	34	11	2	100	0	NA	26	NA	NA	NA	1016,8	NA	NA	6	1128,2	36611,0	42,8	31,6	NA	NA	NA	102,9A	NA
14.08.2025 14:34:17	P	25	8	14	14	34	17	2	100	0	NA	26	NA	NA	NA	1017,2	NA	NA	6	1128,2	36611,1	42,9	31,5	NA	NA	NA	102,9A	NA
14.08.2025 14:34:23	P	25	8	14	14	34	23	2	100	0	NA	26	NA	NA	NA	1017,1	NA	NA	6	1128,2	36611,2	42,9	31,6	NA	NA	NA	102,9A	NA
14.08.2025 14:34:29	P	25	8	14	14	34	29	2	100	0	NA	26	NA	NA	NA	1017,2	NA	NA	6	1128,2	36611,3	42,8	31,5	NA	NA	NA	102,9A	NA
14.08.2025 14:34:35	P	25	8	14	14	34	35	2	100	0	NA	26	NA	NA	NA	1017,2	NA	NA	6	1128,2	36611,4	42,9	31,6	NA	NA	NA	102,9A	NA
14.08.2025 14:34:41	P	25	8	14	14	34	41	2	100	0	NA	26	NA	NA	NA	1016,8	NA	NA	6	1128,2	36611,6	42,8	31,6	NA	NA	NA	102,9A	NA
14.08.2025 14:34:47	P	25	8	14	14	34	47	2	100	0	NA	26	NA	NA	NA	1016,8	NA	NA	6	1128,2	36611,7	42,8	31,6	NA	NA	NA	102,9A	NA
14.08.2025 14:34:53	P	25	8	14	14	34	53	2	100	0	NA	26	NA	NA	NA	1016,8	NA	NA	6	1128,2	36611,8	42,8	31,6	NA	NA	NA	102,9A	NA
14.08.2025 14:34:59	P	25	8	14	14	34	59	2	100	0	NA	26	NA	NA	NA	1017,2	NA	NA	6	1128,2	36611,9	42,8	31,6	NA	NA	NA	102,9A	NA
14.08.2025 14:35:05	P	25	8	14	14	35	5	2	100	0	NA	26	NA	NA	NA	1017,2	NA	NA	6	1128,2	36612,1	42,8	31,6	NA	NA	NA	102,9A	NA
14.08.2025 14:35:11	P	25	8	14	14	35	11	2	100	0	NA	26	NA	NA	NA	1017,2	NA	NA	6	1128,2	36612,2	42,7	31,6	NA	NA	NA	102,9A	NA
14.08.2025 14:35:17	P	25	8	14	14	35	17	2	100	0	NA	26	NA	NA	NA	1016,8	NA	NA	6	1128,2	36612,3	42,7	31,6	NA	NA	NA	102,9A	NA
14.08.2025 14:35:23	P	25	8	14	14	35	23	2	100	0	NA	26	NA	NA	NA	1017,1	NA	NA	6	1128,2	36612,4	42,7	31,7	NA	NA	NA	102,9A	NA
14.08.2025 14:35:29	P	25	8	14	14	35	29	2	100	0	NA	26	NA	NA	NA	1017,2	NA	NA	6	1128,2	36612,5	42,7	31,6	NA	NA	NA	102,9A	NA
14.08.2025 14:35:35	P	25	8	14	14	35	35	2	100	0	NA	26	NA	NA	NA	1017,2	NA	NA	6	1128,2	36612,7	42,7	31,6	NA	NA	NA	102,9A	NA
14.08.2025 14:35:41	P	25	8	14	14	35	41	2	100	0	NA	26	NA	NA	NA	1017,2	NA	NA	6	1128,2	36612,8	42,7	31,7	NA	NA	NA	102,9A	NA
14.08.2025 14:35:47	P	25	8	14	14	35	47	2	100	0	NA	26	NA	NA	NA	1016,8	NA	NA	6	1128,2	36612,9	42,6	31,6	NA	NA	NA	102,9A	NA
14.08.2025 14:35:53	P	25	8	14	14	35	53	2	100	0	NA	26	NA	NA	NA	1017,2	NA	NA	6	1128,2	36613,0	42,6	31,7	NA	NA	NA	102,9A	NA
14.08.2025 14:35:59	P	25	8	14	14	35	59	2	100	0	NA	26	NA	NA	NA	1017,2	NA	NA	6	1128,2	36613,1	42,6	31,7	NA	NA	NA	102,9A	NA
14.08.2025 14:36:05	P	25	8	14	14	36	5	2	100	0	NA	26	NA	NA	NA	1017,2	NA	NA	6	1128,2	36613,3	42,6	31,7	NA	NA	NA	102,9A	NA
14.08.2025 14:36:11	P	25	8	14	14	36	11	2	100	0	NA	26	NA	NA	NA	1017,2	NA	NA	6	1128,2	36613,4	42,6	31,7	NA	NA	NA	102,9A	NA
14.08.2025 14:36:17	P	25	8	14	14	36	17	2	100	0	NA	26	NA	NA	NA	1016,8	NA	NA	6	1128,3	36613,5	42,6	31,7	NA	NA	NA	102,9A	NA
14.08.2025 14:36:23	P	25	8	14	14	36	23	2	100	0	NA	26	NA	NA	NA	1017,0	NA	NA	6	1128,3	36613,6	42,6	31,7	NA	NA	NA	102,9A	NA
14.08.2025 14:36:29	P	25	8	14	14	36	29	2	100	0	NA	26	NA	NA	NA	1017,2	NA	NA	6	1128,3	36613,7	42,6	31,7	NA	NA	NA	102,9A	NA
14.08.2025 14:36:35	P	25	8	14	14	36	35	2	100	0	NA	26	NA	NA	NA	1016,8	NA	NA	6	1128,3	36613,9	42,5	31,7	NA	NA	NA	102,9A	NA
14.08.2025 14:36:41	P	25	8	14	14	36	41	2	100	0	NA	26	NA	NA	NA	1016,8	NA	NA	6	1128,3	36614,0	42,5	31,7	NA	NA	NA	102,9A	NA
14.08.2025 14:36:47	P	25	8	14	14	36	47	2	100	0	NA	26	NA	NA	NA	1017,2	NA	NA	6	1128,3	36614,1	42,5	31,7	NA	NA	NA	102,9A	NA
14.08.2025 14:36:53	P	25	8	14	14	36	53	2	100	0	NA	26	NA	NA	NA	1016,8	NA	NA	6	1128,3	36614,2	42,5	31,7	NA	NA	NA	102,9A	NA
14.08.2025 14:36:59	P	25	8	14	14	36	59	2	100	0	NA	26	NA	NA	NA	1017,2	NA	NA	6	1128,3	36614,4	42,5	31,8	NA	NA	NA	102,9A	NA
14.08.2025 14:37:05	P	25	8	14	14	37	5	2	100	0	NA	27	NA	NA	NA	1017,2	NA	NA	6	1128,3	36614,5	42,5	31,8	NA	NA	NA	102,9A	NA
14.08.2025 14:37:11	P	25	8	14	14	37	11	2	100	0	NA	26	NA	NA	NA	1017,2	NA	NA	6	1128,3	36614,6	42,5	31,7	NA	NA	NA	102,9A	NA
14.08.2025 14:37:17	P	25	8	14	14	37	17	2	100	0	NA	26	NA	NA	NA	1016,8	NA	NA	6	1128,3	36614,7	42,5	31,7	NA	NA	NA	102,9A	NA
14.08.2025 14:37:23	P	25	8	14	14	37	23	2	100	0	NA	27	NA	NA	NA	1017,1	NA	NA	6	1128,3	36614,8	42,4	31,8	NA	NA	NA	102,9A	NA
14.08.2025 14:37:29	P	25	8	14	14	37	29	2	100	0	NA	26	NA	NA	NA	1016,8	NA	NA	6	1128,3	36615,0	42,4	31,7	NA	NA	NA	102,9A	NA
14.08.2025 14:37:35	P	25	8	14	14	37	35	2	100	0	NA	26	NA	NA	NA	1016,8	NA	NA	6	1128,3	36615,1	42,4	31,8	NA	NA	NA	102,9A	NA
14.08.2025 14:37:41	P	25	8	14	14	37	41	2	100	0	NA	26	NA	NA	NA	1017,2	NA	NA	6	1128,3	36615,2	42,4	31,8	NA	NA	NA	102,9A	NA
14.08.2025 14:37:47	P	25	8	14	14	37	47	2	100	0	NA	26	NA	NA	NA	1017,2	NA	NA	6	1128,3	36615,3	42,4	31,8	NA	NA	NA	102,9A	NA
14.08.2025 14:37:53	P	25	8	14	14	37	53	2	100	0	NA	26	NA	NA	NA	1017,2	NA	NA	6	1128,3	36615,4	42,4	31,8	NA	NA	NA	102,9A	NA
14.08.2025 14:37:59	P	25	8	14	14	37	59	2	100	0	NA	26	NA	NA	NA	1017,2	NA	NA	6	1128,3	36615,6	42,4	31,8	NA	NA	NA	102,9A	NA
14.08.2025 14:38:05	P	25	8	14	14	38	5	2	100	0	NA	26	NA	NA	NA	1017,2	NA	NA	6	1128,3	36615,7	42,4	31,8	NA	NA	NA	102,9A	NA
14.08.2025 14:38:11	P	25	8	14	14	38	11	2	100	0	NA	26	NA	NA	NA	1017,2	NA	NA	6	1128,3	36615,8	42,3	31,8	NA	NA	NA	102,9A	NA
14.08.2025 14:38:17	P	25	8	14	14	38	17	2	100	0	NA	26	NA	NA	NA	1017,2	NA	NA	6	1128,3	36615,9	42,3	31,8	NA	NA	NA	102,9A	NA
14.08.2025 14:38:23	P	25	8	14	14	38	23	2	100	0	NA	26	NA	NA	NA	1017,2	NA	NA	6	1128,3	36616,0	42,4	31,8	NA	NA	NA	102,9A	NA
14.08.2025 14:38:29	P	25	8	14	14	38	29	2	100	0	NA	26	NA	NA	NA	1017,2	NA	NA	6	1128,3	36616,2	42,4	31,8	NA	NA	NA	102,9A	NA
14.08.2025 14:38:35	P	25	8	14	14	38	35	2	100	0	NA	26	NA	NA	NA	1017,2	NA	NA	6	1128,3	36616,3	42,3	31,8	NA	NA	NA	102,9A	NA
14.08.2025 14:38:41	P	25	8	14	14	38	41	2	100	0	NA	26	NA	NA	NA	1017,2	NA	NA	6	1128,3	36616,4	42,2	31,8	NA	NA	NA	102,9A	NA
14.08.2025 14:38:47	P	25	8	14	14	38	47	2	100	0	NA	26	NA	NA	NA	1017,2	NA	NA	6	1128,3	36616,5	42,3	31,8	NA	NA	NA	102,9A	NA
14.08.2025 14:38:53	P	25	8	14	14	38	53	2	100	0	NA	26	NA	NA	NA	1017,2	NA	NA	6	1128,3	36616,7	42,2	31,8	NA	NA	NA	102,9A	NA
14.08.2025 14:38:59	P	25	8	14	14	38	59	2	100	0	NA	26	NA	NA	NA	1017,2	NA	NA	6	1128,3	36616,8	42,3	31,9	NA	NA	NA	102,9A	NA
14.08.2025 14:39:05	P	25	8	14	14	39	5	2	100	0	NA	26	NA	NA	NA	1017,2	NA	NA	6	1128,3	36616,9	42,2	31,8	NA	NA	NA	102,9A	NA
14.08.2025 14:39:11	P	25	8	14	14	39	11	2	100	0	NA	26	NA	NA	NA	1016,8	NA	NA	6	1128,3	36617,0	42,3	31,9	NA	NA	NA	102,9A	NA
14.08.2025 14:39:17	P	25	8	14	14	39	17	2	100	0	NA	26	NA	NA	NA	1016,8	NA	NA	6	1128,3	36617,1	42,2	31,9	NA	NA	NA	102,9A	NA
14.08.2025 14:39:23	P	25	8	14	14	39	23	2	100	0	NA	26	NA	NA	NA	1017,1	NA	NA	6	1128,3	36617,3	42,1	31,9	NA	NA	NA	102,9A	NA
14.08.2025 14:39:29	P	25	8	14	14	39	29	2	100	0	NA	26	NA	NA	NA	1017,2	NA	NA	6	1128,3	36617,4	42,2	31,9	NA	NA	NA	102,9A	NA
14.08.2025 14:39:35	P	25	8	14	14	39	35	2	100	0	NA	26	NA	NA	NA	1017,2	NA	NA	6	1128,3	36617,5	42,2	31,9	NA	NA	NA	102,9A	NA
14.08.2025 14:39:41	P	25	8	14	14	39	41	2	100	0	NA	26	NA	NA	NA	1017,2	NA	NA	6	1128,3	36617,6	42,1	31,9	NA	NA	NA	102,9A	NA
14.08.2025 14:39:47	P	25	8	14	14	39	47	2	100	0	NA	26	NA	NA	NA	1017,2	NA	NA	6	1128,3	36617,7	42,1	31,9	NA	NA	NA	102,9A	NA
14.08.2025 14:39:53	P	25	8	14	14	39	53	2	100	0	NA	26	NA	NA	NA	1016,8	NA	NA	6	1128,3	36617,9	42,2	31,9	NA	NA	NA	102,9A	NA
14.08.2025 14:39:59	P	25	8	14	14	39	59	2	100	0	NA	26	NA	NA	NA	1016,8	NA	NA	6	1128,3	36618,0	42,1	31,9	NA	NA	NA	102,9A	NA
14.08.2025 14:40:05	P	25	8	14	14	40	5	2	100	0	NA	26	NA	NA	NA	1016,8	NA	NA	6	1128,3	36618,1	42,1	31,9	NA	NA	NA	102,9A	NA
14.08.2025 14:40:11	P	25	8	14	14	40	11	2	100	0	NA	26	NA	NA	NA	1016,8	NA	NA	6	1128,3	36618,2	42,2	31,9	NA	NA	NA	102,9A	NA
14.08.2025 14:40:17	P	25	8	14	14	40	17	2	100	0	NA	26	NA	NA	NA	1017,2	NA	NA	6	1128,3	36618,3	42,0	31,9	NA	NA	NA	102,9A	NA
14.08.2025 14:40:23	P	25	8	14	14	40	23	2	100	0	NA	26	NA	NA	NA	1017,1	NA	NA	6	1128,3	36618,5	42,1	32,0	NA	NA	NA	102,9A	NA
14.08.2025 14:40:29	P	25	8	14	14	40	29	2	100	0	NA	26	NA	NA	NA	1016,8	NA	NA	6	1128,3	36618,6	42,1	31,9	NA	NA	NA	102,9A	NA
14.08.2025 14:40:35	P	25	8	14	14	40	35	2	100	0	NA	26	NA	NA	NA	1017,2	NA	NA	6	1128,3	36618,7	42,1	31,9	NA	NA	NA	102,9A	NA
14.08.2025 14:40:41	P	25	8	14	14	40	41	2	100	0	NA	26	NA	NA	NA	1017,2	NA	NA	6	1128,4	36618,8	42,1	32,0	NA	NA	NA	102,9A	NA
14.08.2025 14:40:47	P	25	8	14	14	40	47	2	100	0	NA	26	NA	NA	NA	1017,2	NA	NA	6	1128,4	36619,0	42,3	32,0	NA	NA	NA	102,9A	NA
14.08.2025 14:40:53	P	25	8	14	14	40	53	2	100	0	NA	26	NA	NA	NA	1017,2	NA	NA	6	1128,4	36619,1	42,5	32,0	NA	NA	NA	102,9A	NA
14.08.2025 14:40:59	P	25	8	14	14	40	59	2	100	0	NA	26	NA	NA	NA	1017,2	NA	NA	6	1128,4	36619,2	42,3	31,9	NA	NA	NA	102,9A	NA
14.08.2025 14:41:05	P	25	8	14	14	41	5	2	100	0	NA	26	NA	NA	NA	1017,2	NA	NA	6	1128,4	36619,3	42,2	32,0	NA	NA	NA	102,9A	NA
14.08.2025 14:41:11	P	25	8	14	14	41	11	2	100	0	NA	26	NA	NA	NA	1017,2	NA	NA	6	1128,4	36619,4	42,2	32,0	NA	NA	NA	102,9A	NA
14.08.2025 14:41:17	P	25	8	14	14	41	17	2	100	0	NA	26	NA	NA	NA	1017,2	NA	NA	6	1128,4	36619,6	42,2	31,9	NA	NA	NA	102,9A	NA
14.08.2025 14:41:23	P	25	8	14	14	41	23	2	100	0	NA	26	NA	NA	NA	1017,2	NA	NA	6	1128,4	36619,7	42,2	32,0	NA	NA	NA	102,9A	NA
14.08.2025 14:41:29	P	25	8	14	14	41	29	2	100	0	NA	26	NA	NA	NA	1017,2	NA	NA	6	1128,4	36619,8	42,2	32,0	NA	NA	NA	102,9A	NA
14.08.2025 14:41:35	P	25	8	14	14	41	35	2	100	0	NA	26	NA	NA	NA	1017,2	NA	NA	6	1128,4	36619,9	42,2	32,0	NA	NA	NA	102,9A	NA
14.08.2025 14:41:41	P	25	8	14	14	41	41	2	100	0	NA	26	NA	NA	NA	1016,8	NA	NA	6	1128,4	36620,0	42,1	32,0	NA	NA	NA	102,9A	NA
14.08.2025 14:41:47	P	25	8	14	14	41	47	2	100	0	NA	26	NA	NA	NA	1017,2	NA	NA	6	1128,4	36620,2	42,1	32,0	NA	NA	NA	102,9A	NA
14.08.2025 14:41:53	P	25	8	14	14	41	53	2	100	0	NA	26	NA	NA	NA	1016,8	NA	NA	6	1128,4	36620,3	42,2	32,0	NA	NA	NA	102,9A	NA
14.08.2025 14:41:59	P	25	8	14	14	41	59	2	100	0	NA	26	NA	NA	NA	1017,2	NA	NA	6	1128,4	36620,4	42,1	32,0	NA	NA	NA	102,9A	NA
14.08.2025 14:42:05	P	25	8	14	14	42	5	2	100	0	NA	26	NA	NA	NA	1017,2	NA	NA	6	1128,4	36620,5	42,1	32,0	NA	NA	NA	102,9A	NA
14.08.2025 14:42:11	P	25	8	14	14	42	11	2	100	0	NA	26	NA	NA	NA	1017,2	NA	NA	6	1128,4	36620,6	42,0	32,0	NA	NA	NA	102,9A	NA
14.08.2025 14:42:17	P	25	8	14	14	42	17	2	100	0	NA	26	NA	NA	NA	1017,2	NA	NA	6	1128,4	36620,8	42,1	32,0	NA	NA	NA	102,9A	NA
14.08.2025 14:42:23	P	25	8	14	14	42	23	2	100	0	NA	26	NA	NA	NA	1017,1	NA	NA	6	1128,4	36620,9	42,1	32,0	NA	NA	NA	102,9A	NA
14.08.2025 14:42:29	P	25	8	14	14	42	29	2	100	0	NA	26	NA	NA	NA	1017,2	NA	NA	6	1128,4	36621,0	42,0	32,0	NA	NA	NA	102,9A	NA
14.08.2025 14:42:35	P	25	8	14	14	42	35	2	100	0	NA	26	NA	NA	NA	1017,2	NA	NA	6	1128,4	36621,1	42,0	32,0	NA	NA	NA	102,9A	NA
14.08.2025 14:42:41	P	25	8	14	14	42	41	2	100	0	NA	26	NA	NA	NA	1017,2	NA	NA	6	1128,4	36621,3	42,0	32,0	NA	NA	NA	102,9A	NA
14.08.2025 14:42:47	P	25	8	14	14	42	47	2	100	0	NA	26	NA	NA	NA	1016,8	NA	NA	6	1128,4	36621,4	42,0	32,0	NA	NA	NA	102,9A	NA
14.08.2025 14:42:53	P	25	8	14	14	42	53	2	100	0	NA	26	NA	NA	NA	1017,2	NA	NA	6	1128,4	36621,5	42,0	32,0	NA	NA	NA	102,9A	NA
14.08.2025 14:42:59	P	25	8	14	14	42	59	2	100	0	NA	26	NA	NA	NA	1017,2	NA	NA	6	1128,4	36621,6	42,0	32,0	NA	NA	NA	102,9A	NA
14.08.2025 14:43:05	P	25	8	14	14	43	5	2	100	0	NA	26	NA	NA	NA	1016,8	NA	NA	6	1128,4	36621,7	42,0	32,0	NA	NA	NA	102,9A	NA
14.08.2025 14:43:11	P	25	8	14	14	43	11	2	100	0	NA	26	NA	NA	NA	1017,2	NA	NA	6	1128,4	36621,9	41,9	32,1	NA	NA	NA	102,9A	NA
14.08.2025 14:43:17	P	25	8	14	14	43	17	2	100	0	NA	26	NA	NA	NA	1017,2	NA	NA	6	1128,4	36622,0	42,0	32,1	NA	NA	NA	102,9A	NA
14.08.2025 14:43:23	P	25	8	14	14	43	23	2	100	0	NA	26	NA	NA	NA	1017,1	NA	NA	6	1128,4	36622,1	41,9	32,0	NA	NA	NA	102,9A	NA
14.08.2025 14:43:29	P	25	8	14	14	43	29	2	100	0	NA	27	NA	NA	NA	1017,2	NA	NA	6	1128,4	36622,2	41,9	32,0	NA	NA	NA	102,9A	NA
14.08.2025 14:43:35	P	25	8	14	14	43	35	2	100	0	NA	26	NA	NA	NA	1017,2	NA	NA	6	1128,4	36622,3	42,0	32,1	NA	NA	NA	102,9A	NA
14.08.2025 14:43:41	P	25	8	14	14	43	41	2	100	0	NA	26	NA	NA	NA	1017,2	NA	NA	6	1128,4	36622,5	41,8	32,1	NA	NA	NA	102,9A	NA
14.08.2025 14:43:47	P	25	8	14	14	43	47	2	100	0	NA	26	NA	NA	NA	1017,2	NA	NA	6	1128,4	36622,6	41,9	32,1	NA	NA	NA	102,9A	NA
14.08.2025 14:43:53	P	25	8	14	14	43	53	2	100	0	NA	26	NA	NA	NA	1017,2	NA	NA	6	1128,4	36622,7	41,9	32,0	NA	NA	NA	102,9A	NA
14.08.2025 14:43:59	P	25	8	14	14	43	59	2	100	0	NA	26	NA	NA	NA	1016,8	NA	NA	6	1128,4	36622,8	41,9	32,1	NA	NA	NA	102,9A	NA
14.08.2025 14:44:05	P	25	8	14	14	44	5	2	100	0	NA	26	NA	NA	NA	1017,2	NA	NA	6	1128,4	36622,9	41,8	32,1	NA	NA	NA	102,9A	NA
14.08.2025 14:44:11	P	25	8	14	14	44	11	2	100	0	NA	26	NA	NA	NA	1017,2	NA	NA	6	1128,4	36623,1	41,9	32,1	NA	NA	NA	102,9A	NA
14.08.2025 14:44:17	P	25	8	14	14	44	17	2	100	0	NA	26	NA	NA	NA	1017,2	NA	NA	6	1128,4	36623,2	41,8	32,1	NA	NA	NA	102,9A	NA
14.08.2025 14:44:23	P	25	8	14	14	44	23	2	100	0	NA	26	NA	NA	NA	1017,2	NA	NA	6	1128,4	36623,3	41,8	32,1	NA	NA	NA	102,9A	NA
14.08.2025 14:44:29	P	25	8	14	14	44	29	2	100	0	NA	26	NA	NA	NA	1017,2	NA	NA	6	1128,4	36623,4	41,9	32,1	NA	NA	NA	102,9A	NA
14.08.2025 14:44:35	P	25	8	14	14	44	35	2	100	0	NA	26	NA	NA	NA	1017,2	NA	NA	6	1128,4	36623,6	41,8	32,1	NA	NA	NA	102,9A	NA
14.08.2025 14:44:41	P	25	8	14	14	44	41	2	100	0	NA	26	NA	NA	NA	1017,2	NA	NA	6	1128,4	36623,7	41,8	32,1	NA	NA	NA	102,9A	NA
14.08.2025 14:44:47	P	25	8	14	14	44	47	2	100	0	NA	26	NA	NA	NA	1017,2	NA	NA	6	1128,4	36623,8	41,8	32,1	NA	NA	NA	102,9A	NA
14.08.2025 14:44:53	P	25	8	14	14	44	53	2	100	0	NA	26	NA	NA	NA	1017,2	NA	NA	6	1128,4	36623,9	41,9	32,1	NA	NA	NA	102,9A	NA
14.08.2025 14:44:59	P	25	8	14	14	44	59	2	100	0	NA	26	NA	NA	NA	1016,8	NA	NA	6	1128,4	36624,0	41,8	32,1	NA	NA	NA	102,9A	NA
14.08.2025 14:45:05	P	25	8	14	14	45	5	2	100	0	NA	26	NA	NA	NA	1017,2	NA	NA	6	1128,4	36624,2	41,7	32,1	NA	NA	NA	102,9A	NA
14.08.2025 14:45:11	P	25	8	14	14	45	11	2	100	0	NA	26	NA	NA	NA	1017,2	NA	NA	6	1128,4	36624,3	41,7	32,1	NA	NA	NA	102,9A	NA
14.08.2025 14:45:17	P	25	8	14	14	45	17	2	100	0	NA	26	NA	NA	NA	1017,2	NA	NA	6	1128,4	36624,4	41,8	32,1	NA	NA	NA	102,9A	NA
14.08.2025 14:45:23	P	25	8	14	14	45	23	2	100	0	NA	26	NA	NA	NA	1017,3	NA	NA	6	1128,4	36624,5	41,8	32,1	NA	NA	NA	102,9A	NA
14.08.2025 14:45:29	P	25	8	14	14	45	29	2	100	0	NA	26	NA	NA	NA	1017,2	NA	NA	6	1128,4	36624,6	41,8	32,1	NA	NA	NA	102,9A	NA
14.08.2025 14:45:35	P	25	8	14	14	45	35	2	100	0	NA	26	NA	NA	NA	1017,2	NA	NA	6	1128,4	36624,8	41,8	32,2	NA	NA	NA	102,9A	NA
14.08.2025 14:45:41	P	25	8	14	14	45	41	2	100	0	NA	26	NA	NA	NA	1017,2	NA	NA	6	1128,4	36624,9	41,8	32,2	NA	NA	NA	102,9A	NA
14.08.2025 14:45:47	P	25	8	14	14	45	47	2	100	0	NA	26	NA	NA	NA	1017,2	NA	NA	6	1128,4	36625,0	41,7	32,1	NA	NA	NA	102,9A	NA
14.08.2025 14:45:53	P	25	8	14	14	45	53	2	100	0	NA	26	NA	NA	NA	1016,8	NA	NA	6	1128,4	36625,1	41,7	32,1	NA	NA	NA	102,9A	NA
14.08.2025 14:45:59	P	25	8	14	14	45	59	2	100	0	NA	26	NA	NA	NA	1017,2	NA	NA	6	1128,4	36625,3	41,7	32,1	NA	NA	NA	102,9A	NA
14.08.2025 14:46:05	P	25	8	14	14	46	5	2	100	0	NA	26	NA	NA	NA	1017,2	NA	NA	6	1128,4	36625,4	41,7	32,2	NA	NA	NA	102,9A	NA
14.08.2025 14:46:11	P	25	8	14	14	46	11	2	100	0	NA	26	NA	NA	NA	1017,2	NA	NA	6	1128,4	36625,5	41,7	32,2	NA	NA	NA	102,9A	NA
14.08.2025 14:46:17	P	25	8	14	14	46	17	2	100	0	NA	26	NA	NA	NA	1017,2	NA	NA	6	1128,4	36625,6	41,7	32,1	NA	NA	NA	102,9A	NA
14.08.2025 14:46:23	P	25	8	14	14	46	23	2	100	0	NA	26	NA	NA	NA	1017,1	NA	NA	6	1128,4	36625,7	41,6	32,2	NA	NA	NA	102,9A	NA
14.08.2025 14:46:29	P	25	8	14	14	46	29	2	100	0	NA	26	NA	NA	NA	1017,2	NA	NA	6	1128,4	36625,9	41,7	32,2	NA	NA	NA	102,9A	NA
14.08.2025 14:46:35	P	25	8	14	14	46	35	2	100	0	NA	26	NA	NA	NA	1017,2	NA	NA	6	1128,4	36626,0	41,7	32,2	NA	NA	NA	102,9A	NA
14.08.2025 14:46:41	P	25	8	14	14	46	41	2	100	0	NA	27	NA	NA	NA	1017,2	NA	NA	6	1128,4	36626,1	41,7	32,2	NA	NA	NA	102,9A	NA
14.08.2025 14:46:47	P	25	8	14	14	46	47	2	100	0	NA	26	NA	NA	NA	1016,8	NA	NA	6	1128,4	36626,2	41,6	32,1	NA	NA	NA	102,9A	NA
14.08.2025 14:46:53	P	25	8	14	14	46	53	2	100	0	NA	26	NA	NA	NA	1017,2	NA	NA	6	1128,4	36626,3	41,7	32,1	NA	NA	NA	102,9A	NA
14.08.2025 14:46:59	P	25	8	14	14	46	59	2	100	0	NA	27	NA	NA	NA	1016,8	NA	NA	6	1128,4	36626,5	41,7	32,2	NA	NA	NA	102,9A	NA
14.08.2025 14:47:05	P	25	8	14	14	47	5	2	100	0	NA	26	NA	NA	NA	1017,2	NA	NA	6	1128,4	36626,6	41,8	32,1	NA	NA	NA	102,9A	NA
14.08.2025 14:47:11	P	25	8	14	14	47	11	2	100	0	NA	26	NA	NA	NA	1017,2	NA	NA	6	1128,4	36626,7	41,7	32,2	NA	NA	NA	102,9A	NA
14.08.2025 14:47:17	P	25	8	14	14	47	17	2	100	0	NA	26	NA	NA	NA	1017,2	NA	NA	6	1128,4	36626,8	41,7	32,2	NA	NA	NA	102,9A	NA
14.08.2025 14:47:23	P	25	8	14	14	47	23	2	100	0	NA	26	NA	NA	NA	1017,2	NA	NA	6	1128,4	36626,9	41,6	32,2	NA	NA	NA	102,9A	NA
14.08.2025 14:47:29	P	25	8	14	14	47	29	2	100	0	NA	26	NA	NA	NA	1016,8	NA	NA	6	1128,4	36627,1	41,6	32,2	NA	NA	NA	102,9A	NA
14.08.2025 14:47:35	P	25	8	14	14	47	35	2	100	0	NA	26	NA	NA	NA	1017,2	NA	NA	6	1128,4	36627,2	41,7	32,2	NA	NA	NA	102,9A	NA
14.08.2025 14:47:41	P	25	8	14	14	47	41	2	100	0	NA	26	NA	NA	NA	1017,2	NA	NA	6	1128,4	36627,3	41,6	32,2	NA	NA	NA	102,9A	NA
14.08.2025 14:47:47	P	25	8	14	14	47	47	2	100	0	NA	26	NA	NA	NA	1017,2	NA	NA	6	1128,4	36627,4	41,7	32,2	NA	NA	NA	102,9A	NA
14.08.2025 14:47:53	P	25	8	14	14	47	53	2	100	0	NA	26	NA	NA	NA	1017,2	NA	NA	6	1128,4	36627,6	41,7	32,2	NA	NA	NA	102,9A	NA
14.08.2025 14:47:59	P	25	8	14	14	47	59	2	100	0	NA	26	NA	NA	NA	1017,2	NA	NA	6	1128,4	36627,7	41,7	32,2	NA	NA	NA	102,9A	NA
14.08.2025 14:48:05	P	25	8	14	14	48	5	2	100	0	NA	26	NA	NA	NA	1016,8	NA	NA	6	1128,4	36627,8	41,6	32,2	NA	NA	NA	102,9A	NA
14.08.2025 14:48:11	P	25	8	14	14	48	11	2	100	0	NA	26	NA	NA	NA	1017,2	NA	NA	6	1128,4	36627,9	41,6	32,2	NA	NA	NA	102,9A	NA
14.08.2025 14:48:17	P	25	8	14	14	48	17	2	100	0	NA	26	NA	NA	NA	1016,8	NA	NA	6	1128,4	36628,0	41,6	32,2	NA	NA	NA	102,9A	NA
14.08.2025 14:48:23	P	25	8	14	14	48	23	2	100	0	NA	26	NA	NA	NA	1017,1	NA	NA	6	1128,4	36628,2	41,7	32,2	NA	NA	NA	102,9A	NA
14.08.2025 14:48:29	P	25	8	14	14	48	29	2	100	0	NA	26	NA	NA	NA	1017,2	NA	NA	6	1128,4	36628,3	41,5	32,2	NA	NA	NA	102,9A	NA
14.08.2025 14:48:35	P	25	8	14	14	48	35	2	100	0	NA	26	NA	NA	NA	1016,8	NA	NA	6	1128,4	36628,4	41,6	32,2	NA	NA	NA	102,9A	NA
14.08.2025 14:48:41	P	25	8	14	14	48	41	2	100	0	NA	26	NA	NA	NA	1017,2	NA	NA	6	1128,4	36628,5	41,6	32,2	NA	NA	NA	102,9A	NA
14.08.2025 14:48:47	P	25	8	14	14	48	47	2	100	0	NA	26	NA	NA	NA	1017,2	NA	NA	6	1128,4	36628,6	41,6	32,3	NA	NA	NA	102,9A	NA
14.08.2025 14:48:53	P	25	8	14	14	48	53	2	100	0	NA	26	NA	NA	NA	1016,8	NA	NA	6	1128,4	36628,8	41,7	32,2	NA	NA	NA	102,9A	NA
14.08.2025 14:48:59	P	25	8	14	14	48	59	2	100	0	NA	26	NA	NA	NA	1017,2	NA	NA	6	1128,4	36628,9	41,6	32,2	NA	NA	NA	102,9A	NA
14.08.2025 14:49:05	P	25	8	14	14	49	5	2	100	0	NA	26	NA	NA	NA	1017,2	NA	NA	6	1128,4	36629,0	41,7	32,2	NA	NA	NA	102,9A	NA
14.08.2025 14:49:11	P	25	8	14	14	49	11	2	100	0	NA	26	NA	NA	NA	1016,8	NA	NA	6	1128,4	36629,1	41,6	32,2	NA	NA	NA	102,9A	NA
14.08.2025 14:49:17	P	25	8	14	14	49	17	2	100	0	NA	26	NA	NA	NA	1016,8	NA	NA	6	1128,4	36629,2	41,6	32,2	NA	NA	NA	102,9A	NA
14.08.2025 14:49:23	P	25	8	14	14	49	23	2	100	0	NA	26	NA	NA	NA	1017,2	NA	NA	6	1128,4	36629,4	41,6	32,3	NA	NA	NA	102,9A	NA
14.08.2025 14:49:29	P	25	8	14	14	49	29	2	100	0	NA	26	NA	NA	NA	1016,8	NA	NA	6	1128,4	36629,5	41,6	32,2	NA	NA	NA	102,9A	NA
14.08.2025 14:49:35	P	25	8	14	14	49	35	2	100	0	NA	26	NA	NA	NA	1017,2	NA	NA	6	1128,4	36629,6	41,5	32,2	NA	NA	NA	102,9A	NA
14.08.2025 14:49:41	P	25	8	14	14	49	41	2	100	0	NA	26	NA	NA	NA	1017,2	NA	NA	6	1128,4	36629,7	41,6	32,2	NA	NA	NA	102,9A	NA
14.08.2025 14:49:47	P	25	8	14	14	49	47	2	100	0	NA	26	NA	NA	NA	1017,2	NA	NA	6	1128,4	36629,9	41,6	32,2	NA	NA	NA	102,9A	NA
14.08.2025 14:49:53	P	25	8	14	14	49	53	2	100	0	NA	26	NA	NA	NA	1016,8	NA	NA	6	1128,4	36630,0	41,6	32,2	NA	NA	NA	102,9A	NA
14.08.2025 14:49:59	P	25	8	14	14	49	59	2	100	0	NA	26	NA	NA	NA	1017,2	NA	NA	6	1128,4	36630,1	41,5	32,3	NA	NA	NA	102,9A	NA
14.08.2025 14:50:05	P	25	8	14	14	50	5	2	100	0	NA	26	NA	NA	NA	1016,8	NA	NA	6	1128,4	36630,2	41,5	32,2	NA	NA	NA	102,9A	NA
14.08.2025 14:50:11	P	25	8	14	14	50	11	2	100	0	NA	26	NA	NA	NA	1016,8	NA	NA	6	1128,4	36630,3	41,5	32,2	NA	NA	NA	102,9A	NA
14.08.2025 14:50:17	P	25	8	14	14	50	17	2	100	0	NA	26	NA	NA	NA	1017,2	NA	NA	6	1128,4	36630,5	41,5	32,2	NA	NA	NA	102,9A	NA
14.08.2025 14:50:23	P	25	8	14	14	50	23	2	100	0	NA	26	NA	NA	NA	1017,1	NA	NA	6	1128,4	36630,6	41,5	32,3	NA	NA	NA	102,9A	NA
14.08.2025 14:50:29	P	25	8	14	14	50	29	2	100	0	NA	26	NA	NA	NA	1017,2	NA	NA	6	1128,4	36630,7	41,5	32,3	NA	NA	NA	102,9A	NA
14.08.2025 14:50:35	P	25	8	14	14	50	35	2	100	0	NA	26	NA	NA	NA	1016,8	NA	NA	6	1128,4	36630,8	41,6	32,2	NA	NA	NA	102,9A	NA
14.08.2025 14:50:41	P	25	8	14	14	50	41	2	100	0	NA	26	NA	NA	NA	1017,2	NA	NA	6	1128,4	36630,9	41,5	32,3	NA	NA	NA	102,9A	NA
14.08.2025 14:50:47	P	25	8	14	14	50	47	2	100	0	NA	26	NA	NA	NA	1017,2	NA	NA	6	1128,4	36631,1	41,5	32,3	NA	NA	NA	102,9A	NA
14.08.2025 14:50:53	P	25	8	14	14	50	53	2	100	0	NA	26	NA	NA	NA	1016,8	NA	NA	6	1128,4	36631,2	41,5	32,2	NA	NA	NA	102,9A	NA
14.08.2025 14:50:59	P	25	8	14	14	50	59	2	100	0	NA	26	NA	NA	NA	1017,2	NA	NA	6	1128,4	36631,3	41,6	32,3	NA	NA	NA	102,9A	NA
14.08.2025 14:51:05	P	25	8	14	14	51	5	2	100	0	NA	26	NA	NA	NA	1017,2	NA	NA	6	1128,4	36631,4	41,5	32,3	NA	NA	NA	102,9A	NA
14.08.2025 14:51:11	P	25	8	14	14	51	11	2	100	0	NA	26	NA	NA	NA	1016,8	NA	NA	6	1128,4	36631,5	41,5	32,3	NA	NA	NA	102,9A	NA
14.08.2025 14:51:17	P	25	8	14	14	51	17	2	100	0	NA	26	NA	NA	NA	1017,2	NA	NA	6	1128,4	36631,7	41,5	32,3	NA	NA	NA	102,9A	NA
14.08.2025 14:51:23	P	25	8	14	14	51	23	2	100	0	NA	26	NA	NA	NA	1017,1	NA	NA	6	1128,4	36631,8	41,4	32,3	NA	NA	NA	102,9A	NA
14.08.2025 14:51:29	P	25	8	14	14	51	29	2	100	0	NA	26	NA	NA	NA	1016,8	NA	NA	6	1128,4	36631,9	41,6	32,3	NA	NA	NA	102,9A	NA
14.08.2025 14:51:35	P	25	8	14	14	51	35	2	100	0	NA	26	NA	NA	NA	1017,2	NA	NA	6	1128,4	36632,0	41,5	32,3	NA	NA	NA	102,9A	NA
14.08.2025 14:51:41	P	25	8	14	14	51	41	2	100	0	NA	26	NA	NA	NA	1016,8	NA	NA	6	1128,4	36632,2	41,5	32,3	NA	NA	NA	102,9A	NA
14.08.2025 14:51:47	P	25	8	14	14	51	47	2	100	0	NA	26	NA	NA	NA	1017,2	NA	NA	6	1128,4	36632,3	41,5	32,3	NA	NA	NA	102,9A	NA
14.08.2025 14:51:53	P	25	8	14	14	51	53	2	100	0	NA	26	NA	NA	NA	1017,2	NA	NA	6	1128,4	36632,4	41,5	32,3	NA	NA	NA	102,9A	NA
14.08.2025 14:51:59	P	25	8	14	14	51	59	2	100	0	NA	26	NA	NA	NA	1017,2	NA	NA	6	1128,4	36632,5	41,5	32,3	NA	NA	NA	102,9A	NA
14.08.2025 14:52:05	P	25	8	14	14	52	5	2	100	0	NA	26	NA	NA	NA	1017,2	NA	NA	6	1128,4	36632,6	41,5	32,3	NA	NA	NA	102,9A	NA
14.08.2025 14:52:11	P	25	8	14	14	52	11	2	100	0	NA	26	NA	NA	NA	1017,2	NA	NA	6	1128,4	36632,8	41,5	32,3	NA	NA	NA	102,9A	NA
14.08.2025 14:52:17	P	25	8	14	14	52	17	2	100	0	NA	26	NA	NA	NA	1017,2	NA	NA	6	1128,4	36632,9	41,4	32,3	NA	NA	NA	102,9A	NA
14.08.2025 14:52:23	P	25	8	14	14	52	23	2	100	0	NA	26	NA	NA	NA	1017,1	NA	NA	6	1128,4	36633,0	41,5	32,3	NA	NA	NA	102,9A	NA
14.08.2025 14:52:29	P	25	8	14	14	52	29	2	100	0	NA	26	NA	NA	NA	1017,2	NA	NA	6	1128,4	36633,1	41,5	32,3	NA	NA	NA	102,9A	NA
14.08.2025 14:52:35	P	25	8	14	14	52	35	2	100	0	NA	26	NA	NA	NA	1017,2	NA	NA	6	1128,4	36633,2	41,4	32,3	NA	NA	NA	102,9A	NA
14.08.2025 14:52:41	P	25	8	14	14	52	41	2	100	0	NA	26	NA	NA	NA	1016,8	NA	NA	6	1128,4	36633,4	41,5	32,3	NA	NA	NA	102,9A	NA
14.08.2025 14:52:47	P	25	8	14	14	52	47	2	100	0	NA	26	NA	NA	NA	1017,2	NA	NA	6	1128,4	36633,5	41,5	32,3	NA	NA	NA	102,9A	NA
14.08.2025 14:52:53	P	25	8	14	14	52	53	2	100	0	NA	26	NA	NA	NA	1016,8	NA	NA	6	1128,4	36633,6	41,4	32,3	NA	NA	NA	102,9A	NA
14.08.2025 14:52:59	P	25	8	14	14	52	59	2	100	0	NA	26	NA	NA	NA	1017,2	NA	NA	6	1128,4	36633,7	41,5	32,3	NA	NA	NA	102,9A	NA
14.08.2025 14:53:05	P	25	8	14	14	53	5	2	100	0	NA	26	NA	NA	NA	1017,2	NA	NA	6	1128,4	36633,8	41,5	32,3	NA	NA	NA	102,9A	NA
14.08.2025 14:53:11	P	25	8	14	14	53	11	2	100	0	NA	26	NA	NA	NA	1017,2	NA	NA	6	1128,4	36634,0	41,5	32,3	NA	NA	NA	102,9A	NA
14.08.2025 14:53:17	P	25	8	14	14	53	17	2	100	0	NA	26	NA	NA	NA	1017,2	NA	NA	6	1128,4	36634,1	41,5	32,3	NA	NA	NA	102,9A	NA
14.08.2025 14:53:23	P	25	8	14	14	53	23	2	100	0	NA	26	NA	NA	NA	1017,2	NA	NA	6	1128,4	36634,2	41,4	32,3	NA	NA	NA	102,9A	NA
14.08.2025 14:53:29	P	25	8	14	14	53	29	2	100	0	NA	26	NA	NA	NA	1017,2	NA	NA	6	1128,4	36634,3	41,5	32,3	NA	NA	NA	102,9A	NA
14.08.2025 14:53:35	P	25	8	14	14	53	35	2	100	0	NA	26	NA	NA	NA	1016,8	NA	NA	6	1128,4	36634,5	41,4	32,4	NA	NA	NA	102,9A	NA
14.08.2025 14:53:41	P	25	8	14	14	53	41	2	100	0	NA	26	NA	NA	NA	1017,2	NA	NA	6	1128,4	36634,6	41,4	32,3	NA	NA	NA	102,9A	NA
14.08.2025 14:53:47	P	25	8	14	14	53	47	2	100	0	NA	26	NA	NA	NA	1017,2	NA	NA	6	1128,4	36634,7	41,5	32,3	NA	NA	NA	102,9A	NA
14.08.2025 14:53:53	P	25	8	14	14	53	53	2	100	0	NA	26	NA	NA	NA	1017,2	NA	NA	6	1128,4	36634,8	41,5	32,3	NA	NA	NA	102,9A	NA
14.08.2025 14:53:59	P	25	8	14	14	53	59	2	100	0	NA	26	NA	NA	NA	1017,2	NA	NA	6	1128,4	36634,9	41,4	32,3	NA	NA	NA	102,9A	NA
14.08.2025 14:54:05	P	25	8	14	14	54	5	2	100	0	NA	26	NA	NA	NA	1017,2	NA	NA	6	1128,4	36635,1	41,4	32,3	NA	NA	NA	102,9A	NA
14.08.2025 14:54:11	P	25	8	14	14	54	11	2	100	0	NA	26	NA	NA	NA	1016,8	NA	NA	6	1128,4	36635,2	41,4	32,3	NA	NA	NA	102,9A	NA
14.08.2025 14:54:17	P	25	8	14	14	54	17	2	100	0	NA	26	NA	NA	NA	1016,8	NA	NA	6	1128,4	36635,3	41,4	32,3	NA	NA	NA	102,9A	NA
14.08.2025 14:54:23	P	25	8	14	14	54	23	2	100	0	NA	26	NA	NA	NA	1016,9	NA	NA	6	1128,4	36635,4	41,4	32,3	NA	NA	NA	102,9A	NA
14.08.2025 14:54:29	P	25	8	14	14	54	29	2	100	0	NA	26	NA	NA	NA	1016,8	NA	NA	6	1128,4	36635,5	41,4	32,4	NA	NA	NA	102,9A	NA
14.08.2025 14:54:35	P	25	8	14	14	54	35	2	100	0	NA	26	NA	NA	NA	1017,2	NA	NA	6	1128,4	36635,7	41,5	32,3	NA	NA	NA	102,9A	NA
14.08.2025 14:54:41	P	25	8	14	14	54	41	2	100	0	NA	26	NA	NA	NA	1017,2	NA	NA	6	1128,4	36635,8	41,3	32,3	NA	NA	NA	102,9A	NA
14.08.2025 14:54:47	P	25	8	14	14	54	47	2	100	0	NA	26	NA	NA	NA	1017,2	NA	NA	6	1128,4	36635,9	41,4	32,4	NA	NA	NA	102,9A	NA
14.08.2025 14:54:53	P	25	8	14	14	54	53	2	100	0	NA	26	NA	NA	NA	1017,2	NA	NA	6	1128,4	36636,0	41,4	32,3	NA	NA	NA	102,9A	NA
14.08.2025 14:54:59	P	25	8	14	14	54	59	2	100	0	NA	26	NA	NA	NA	1016,8	NA	NA	6	1128,4	36636,1	41,4	32,3	NA	NA	NA	102,9A	NA
14.08.2025 14:55:05	P	25	8	14	14	55	5	2	100	0	NA	26	NA	NA	NA	1016,8	NA	NA	6	1128,4	36636,3	41,3	32,4	NA	NA	NA	102,9A	NA
14.08.2025 14:55:11	P	25	8	14	14	55	11	2	100	0	NA	26	NA	NA	NA	1017,2	NA	NA	6	1128,4	36636,4	41,4	32,4	NA	NA	NA	102,9A	NA
14.08.2025 14:55:17	P	25	8	14	14	55	17	2	100	0	NA	26	NA	NA	NA	1017,2	NA	NA	6	1128,4	36636,5	41,3	32,3	NA	NA	NA	102,9A	NA
14.08.2025 14:55:23	P	25	8	14	14	55	23	2	100	0	NA	26	NA	NA	NA	1017,2	NA	NA	6	1128,4	36636,6	41,3	32,4	NA	NA	NA	102,9A	NA
14.08.2025 14:55:29	P	25	8	14	14	55	29	2	100	0	NA	26	NA	NA	NA	1017,2	NA	NA	6	1128,4	36636,8	41,4	32,4	NA	NA	NA	102,9A	NA
14.08.2025 14:55:35	P	25	8	14	14	55	35	2	100	0	NA	26	NA	NA	NA	1017,2	NA	NA	6	1128,4	36636,9	41,4	32,4	NA	NA	NA	102,9A	NA
14.08.2025 14:55:41	P	25	8	14	14	55	41	2	100	0	NA	26	NA	NA	NA	1017,2	NA	NA	6	1128,4	36637,0	41,4	32,4	NA	NA	NA	102,9A	NA
14.08.2025 14:55:47	P	25	8	14	14	55	47	2	100	0	NA	26	NA	NA	NA	1017,6	NA	NA	6	1128,4	36637,1	41,3	32,3	NA	NA	NA	102,9A	NA
14.08.2025 14:55:53	P	25	8	14	14	55	53	2	100	0	NA	26	NA	NA	NA	1017,2	NA	NA	6	1128,4	36637,2	41,4	32,4	NA	NA	NA	102,9A	NA
14.08.2025 14:55:59	P	25	8	14	14	55	59	2	100	0	NA	26	NA	NA	NA	1017,6	NA	NA	6	1128,4	36637,4	41,3	32,4	NA	NA	NA	102,9A	NA
14.08.2025 14:56:05	P	25	8	14	14	56	5	2	100	0	NA	26	NA	NA	NA	1016,8	NA	NA	6	1128,4	36637,5	41,3	32,4	NA	NA	NA	102,9A	NA
14.08.2025 14:56:11	P	25	8	14	14	56	11	2	100	0	NA	26	NA	NA	NA	1017,2	NA	NA	6	1128,4	36637,6	41,3	32,4	NA	NA	NA	102,9A	NA
14.08.2025 14:56:17	P	25	8	14	14	56	17	2	100	0	NA	26	NA	NA	NA	1016,8	NA	NA	6	1128,4	36637,7	41,3	32,4	NA	NA	NA	102,9A	NA
14.08.2025 14:56:23	P	25	8	14	14	56	23	2	100	0	NA	26	NA	NA	NA	1017,2	NA	NA	6	1128,4	36637,8	41,3	32,4	NA	NA	NA	102,9A	NA
14.08.2025 14:56:29	P	25	8	14	14	56	29	2	100	0	NA	26	NA	NA	NA	1016,8	NA	NA	6	1128,4	36638,0	41,3	32,3	NA	NA	NA	102,9A	NA
14.08.2025 14:56:35	P	25	8	14	14	56	35	2	100	0	NA	26	NA	NA	NA	1017,2	NA	NA	6	1128,4	36638,1	41,3	32,4	NA	NA	NA	102,9A	NA
14.08.2025 14:56:41	P	25	8	14	14	56	41	2	100	0	NA	26	NA	NA	NA	1017,2	NA	NA	6	1128,4	36638,2	41,3	32,4	NA	NA	NA	102,9A	NA
14.08.2025 14:56:47	P	25	8	14	14	56	47	2	100	0	NA	26	NA	NA	NA	1017,2	NA	NA	6	1128,4	36638,3	41,3	32,4	NA	NA	NA	102,9A	NA
14.08.2025 14:56:53	P	25	8	14	14	56	53	2	100	0	NA	26	NA	NA	NA	1017,2	NA	NA	6	1128,4	36638,4	41,2	32,4	NA	NA	NA	102,9A	NA
14.08.2025 14:56:59	P	25	8	14	14	56	59	2	100	0	NA	26	NA	NA	NA	1016,8	NA	NA	6	1128,4	36638,6	41,3	32,4	NA	NA	NA	102,9A	NA
14.08.2025 14:57:05	P	25	8	14	14	57	5	2	100	0	NA	26	NA	NA	NA	1017,2	NA	NA	6	1128,4	36638,7	41,3	32,4	NA	NA	NA	102,9A	NA
14.08.2025 14:57:11	P	25	8	14	14	57	11	2	100	0	NA	26	NA	NA	NA	1017,2	NA	NA	6	1128,4	36638,8	41,3	32,4	NA	NA	NA	102,9A	NA
14.08.2025 14:57:17	P	25	8	14	14	57	17	2	100	0	NA	26	NA	NA	NA	1016,8	NA	NA	6	1128,4	36638,9	41,3	32,4	NA	NA	NA	102,9A	NA
14.08.2025 14:57:23	P	25	8	14	14	57	23	2	100	0	NA	26	NA	NA	NA	1017,2	NA	NA	6	1128,4	36639,1	41,3	32,4	NA	NA	NA	102,9A	NA
14.08.2025 14:57:29	P	25	8	14	14	57	29	2	100	0	NA	26	NA	NA	NA	1017,2	NA	NA	6	1128,4	36639,2	41,2	32,4	NA	NA	NA	102,9A	NA
14.08.2025 14:57:35	P	25	8	14	14	57	35	2	100	0	NA	26	NA	NA	NA	1017,2	NA	NA	6	1128,4	36639,3	41,3	32,5	NA	NA	NA	102,9A	NA
14.08.2025 14:57:41	P	25	8	14	14	57	41	2	100	0	NA	26	NA	NA	NA	1017,2	NA	NA	6	1128,4	36639,4	41,2	32,4	NA	NA	NA	102,9A	NA
14.08.2025 14:57:47	P	25	8	14	14	57	47	2	100	0	NA	26	NA	NA	NA	1017,2	NA	NA	6	1128,4	36639,5	41,2	32,4	NA	NA	NA	102,9A	NA
14.08.2025 14:57:53	P	25	8	14	14	57	53	2	100	0	NA	26	NA	NA	NA	1017,2	NA	NA	6	1128,4	36639,7	41,2	32,4	NA	NA	NA	102,9A	NA
14.08.2025 14:57:59	P	25	8	14	14	57	59	2	100	0	NA	26	NA	NA	NA	1017,2	NA	NA	6	1128,4	36639,8	41,1	32,4	NA	NA	NA	102,9A	NA
14.08.2025 14:58:05	P	25	8	14	14	58	5	2	100	0	NA	26	NA	NA	NA	1017,2	NA	NA	6	1128,4	36639,9	41,3	32,4	NA	NA	NA	102,9A	NA
14.08.2025 14:58:11	P	25	8	14	14	58	11	2	100	0	NA	26	NA	NA	NA	1017,2	NA	NA	6	1128,4	36640,0	41,2	32,4	NA	NA	NA	102,9A	NA
14.08.2025 14:58:17	P	25	8	14	14	58	17	2	100	0	NA	26	NA	NA	NA	1017,2	NA	NA	6	1128,4	36640,1	41,3	32,4	NA	NA	NA	102,9A	NA
14.08.2025 14:58:23	P	25	8	14	14	58	23	2	100	0	NA	26	NA	NA	NA	1017,2	NA	NA	6	1128,4	36640,3	41,1	32,4	NA	NA	NA	102,9A	NA
14.08.2025 14:58:29	P	25	8	14	14	58	29	2	100	0	NA	26	NA	NA	NA	1017,2	NA	NA	6	1128,4	36640,4	41,1	32,4	NA	NA	NA	102,9A	NA
14.08.2025 14:58:35	P	25	8	14	14	58	35	2	100	0	NA	26	NA	NA	NA	1017,2	NA	NA	6	1128,4	36640,5	41,1	32,4	NA	NA	NA	102,9A	NA
14.08.2025 14:58:41	P	25	8	14	14	58	41	2	100	0	NA	26	NA	NA	NA	1017,2	NA	NA	6	1128,4	36640,6	41,2	32,5	NA	NA	NA	102,9A	NA
14.08.2025 14:58:47	P	25	8	14	14	58	47	2	100	0	NA	26	NA	NA	NA	1016,8	NA	NA	6	1128,4	36640,7	41,1	32,4	NA	NA	NA	102,9A	NA
14.08.2025 14:58:53	P	25	8	14	14	58	53	2	100	0	NA	26	NA	NA	NA	1017,6	NA	NA	6	1128,4	36640,9	41,1	32,5	NA	NA	NA	102,9A	NA
14.08.2025 14:58:59	P	25	8	14	14	58	59	2	100	0	NA	26	NA	NA	NA	1016,8	NA	NA	6	1128,4	36641,0	41,2	32,5	NA	NA	NA	102,9A	NA
14.08.2025 14:59:05	P	25	8	14	14	59	5	2	100	0	NA	26	NA	NA	NA	1017,2	NA	NA	6	1128,4	36641,1	41,1	32,5	NA	NA	NA	102,9A	NA
14.08.2025 14:59:11	P	25	8	14	14	59	11	2	100	0	NA	26	NA	NA	NA	1017,2	NA	NA	6	1128,4	36641,2	41,2	32,5	NA	NA	NA	102,9A	NA
14.08.2025 14:59:17	P	25	8	14	14	59	17	2	100	0	NA	26	NA	NA	NA	1017,2	NA	NA	6	1128,4	36641,4	41,1	32,5	NA	NA	NA	102,9A	NA
14.08.2025 14:59:23	P	25	8	14	14	59	23	2	100	0	NA	26	NA	NA	NA	1017,1	NA	NA	6	1128,4	36641,5	41,1	32,5	NA	NA	NA	102,9A	NA
14.08.2025 14:59:29	P	25	8	14	14	59	29	2	100	0	NA	27	NA	NA	NA	1016,8	NA	NA	6	1128,4	36641,6	41,1	32,5	NA	NA	NA	102,9A	NA
14.08.2025 14:59:35	P	25	8	14	14	59	35	2	100	0	NA	26	NA	NA	NA	1017,2	NA	NA	6	1128,4	36641,7	41,2	32,5	NA	NA	NA	102,9A	NA
14.08.2025 14:59:41	P	25	8	14	14	59	41	2	100	0	NA	26	NA	NA	NA	1017,2	NA	NA	6	1128,4	36641,8	41,1	32,5	NA	NA	NA	102,9A	NA
14.08.2025 14:59:47	P	25	8	14	14	59	47	2	100	0	NA	26	NA	NA	NA	1017,2	NA	NA	6	1128,4	36642,0	41,0	32,5	NA	NA	NA	102,9A	NA
14.08.2025 14:59:53	P	25	8	14	14	59	53	2	100	0	NA	26	NA	NA	NA	1016,8	NA	NA	6	1128,4	36642,1	41,1	32,5	NA	NA	NA	102,9A	NA
14.08.2025 14:59:59	P	25	8	14	14	59	59	2	100	0	NA	26	NA	NA	NA	1016,8	NA	NA	6	1128,4	36642,2	41,0	32,5	NA	NA	NA	102,9A	NA
14.08.2025 15:00:05	P	25	8	14	15	0	5	2	100	0	NA	26	NA	NA	NA	1016,8	NA	NA	6	1128,4	36642,3	41,1	32,5	NA	NA	NA	102,9A	NA
14.08.2025 15:00:11	P	25	8	14	15	0	11	2	100	0	NA	26	NA	NA	NA	1016,8	NA	NA	6	1128,4	36642,4	41,1	32,5	NA	NA	NA	102,9A	NA
14.08.2025 15:00:17	P	25	8	14	15	0	17	2	100	0	NA	26	NA	NA	NA	1017,2	NA	NA	6	1128,4	36642,6	41,1	32,5	NA	NA	NA	102,9A	NA
14.08.2025 15:00:23	P	25	8	14	15	0	23	2	100	0	NA	26	NA	NA	NA	1017,1	NA	NA	6	1128,4	36642,7	41,1	32,5	NA	NA	NA	102,9A	NA
14.08.2025 15:00:29	P	25	8	14	15	0	29	2	100	0	NA	26	NA	NA	NA	1016,8	NA	NA	6	1128,4	36642,8	41,0	32,5	NA	NA	NA	102,9A	NA
14.08.2025 15:00:35	P	25	8	14	15	0	35	2	100	0	NA	26	NA	NA	NA	1016,8	NA	NA	6	1128,4	36642,9	41,0	32,5	NA	NA	NA	102,9A	NA
14.08.2025 15:00:41	P	25	8	14	15	0	41	2	100	0	NA	26	NA	NA	NA	1016,8	NA	NA	6	1128,4	36643,1	41,1	32,5	NA	NA	NA	102,9A	NA
14.08.2025 15:00:47	P	25	8	14	15	0	47	2	100	0	NA	26	NA	NA	NA	1017,2	NA	NA	6	1128,4	36643,2	41,0	32,5	NA	NA	NA	102,9A	NA
14.08.2025 15:00:53	P	25	8	14	15	0	53	2	100	0	NA	26	NA	NA	NA	1017,2	NA	NA	6	1128,4	36643,3	41,0	32,5	NA	NA	NA	102,9A	NA
14.08.2025 15:00:59	P	25	8	14	15	0	59	2	100	0	NA	26	NA	NA	NA	1017,2	NA	NA	6	1128,4	36643,4	41,1	32,5	NA	NA	NA	102,9A	NA
14.08.2025 15:01:05	P	25	8	14	15	1	5	2	100	0	NA	26	NA	NA	NA	1016,8	NA	NA	6	1128,4	36643,5	41,0	32,5	NA	NA	NA	102,9A	NA
14.08.2025 15:01:11	P	25	8	14	15	1	11	2	100	0	NA	26	NA	NA	NA	1017,2	NA	NA	6	1128,4	36643,7	41,0	32,6	NA	NA	NA	102,9A	NA
14.08.2025 15:01:17	P	25	8	14	15	1	17	2	100	0	NA	26	NA	NA	NA	1016,8	NA	NA	6	1128,4	36643,8	41,0	32,6	NA	NA	NA	102,9A	NA
14.08.2025 15:01:23	P	25	8	14	15	1	23	2	100	0	NA	26	NA	NA	NA	1017,1	NA	NA	6	1128,4	36643,9	41,0	32,5	NA	NA	NA	102,9A	NA
14.08.2025 15:01:29	P	25	8	14	15	1	29	2	100	0	NA	26	NA	NA	NA	1017,2	NA	NA	6	1128,4	36644,0	41,0	32,6	NA	NA	NA	102,9A	NA
14.08.2025 15:01:35	P	25	8	14	15	1	35	2	100	0	NA	26	NA	NA	NA	1016,8	NA	NA	6	1128,4	36644,1	40,9	32,5	NA	NA	NA	102,9A	NA
14.08.2025 15:01:41	P	25	8	14	15	1	41	2	100	0	NA	26	NA	NA	NA	1016,8	NA	NA	6	1128,4	36644,3	41,0	32,5	NA	NA	NA	102,9A	NA
14.08.2025 15:01:47	P	25	8	14	15	1	47	2	100	0	NA	26	NA	NA	NA	1017,2	NA	NA	6	1128,4	36644,4	41,0	32,5	NA	NA	NA	102,9A	NA
14.08.2025 15:01:53	P	25	8	14	15	1	53	2	100	0	NA	26	NA	NA	NA	1016,8	NA	NA	6	1128,4	36644,5	41,0	32,5	NA	NA	NA	102,9A	NA
14.08.2025 15:01:59	P	25	8	14	15	1	59	2	100	0	NA	26	NA	NA	NA	1017,2	NA	NA	6	1128,4	36644,6	41,1	32,6	NA	NA	NA	102,9A	NA
14.08.2025 15:02:05	P	25	8	14	15	2	5	2	100	0	NA	26	NA	NA	NA	1017,2	NA	NA	6	1128,4	36644,7	41,0	32,5	NA	NA	NA	102,9A	NA
14.08.2025 15:02:11	P	25	8	14	15	2	11	2	100	0	NA	26	NA	NA	NA	1017,2	NA	NA	6	1128,4	36644,9	40,9	32,6	NA	NA	NA	102,9A	NA
14.08.2025 15:02:17	P	25	8	14	15	2	17	2	100	0	NA	26	NA	NA	NA	1017,2	NA	NA	6	1128,4	36645,0	40,9	32,6	NA	NA	NA	102,9A	NA
14.08.2025 15:02:23	P	25	8	14	15	2	23	2	100	0	NA	26	NA	NA	NA	1017,1	NA	NA	6	1128,4	36645,1	41,0	32,6	NA	NA	NA	102,9A	NA
14.08.2025 15:02:29	P	25	8	14	15	2	29	2	100	0	NA	26	NA	NA	NA	1017,2	NA	NA	6	1128,4	36645,2	40,9	32,6	NA	NA	NA	102,9A	NA
14.08.2025 15:02:35	P	25	8	14	15	2	35	2	100	0	NA	26	NA	NA	NA	1017,2	NA	NA	6	1128,4	36645,4	40,9	32,6	NA	NA	NA	102,9A	NA
14.08.2025 15:02:41	P	25	8	14	15	2	41	2	100	0	NA	26	NA	NA	NA	1017,2	NA	NA	6	1128,4	36645,5	40,9	32,6	NA	NA	NA	102,9A	NA
14.08.2025 15:02:47	P	25	8	14	15	2	47	2	100	0	NA	26	NA	NA	NA	1017,2	NA	NA	6	1128,4	36645,6	40,9	32,6	NA	NA	NA	102,9A	NA
14.08.2025 15:02:53	P	25	8	14	15	2	53	2	100	0	NA	26	NA	NA	NA	1017,2	NA	NA	6	1128,4	36645,7	40,8	32,6	NA	NA	NA	102,9A	NA
14.08.2025 15:02:59	P	25	8	14	15	2	59	2	100	0	NA	26	NA	NA	NA	1016,8	NA	NA	6	1128,4	36645,8	41,0	32,6	NA	NA	NA	102,9A	NA
14.08.2025 15:03:05	P	25	8	14	15	3	5	2	100	0	NA	26	NA	NA	NA	1017,2	NA	NA	6	1128,4	36646,0	40,9	32,6	NA	NA	NA	102,9A	NA
14.08.2025 15:03:11	P	25	8	14	15	3	11	2	100	0	NA	26	NA	NA	NA	1017,2	NA	NA	6	1128,4	36646,1	41,0	32,5	NA	NA	NA	102,9A	NA
14.08.2025 15:03:17	P	25	8	14	15	3	17	2	100	0	NA	26	NA	NA	NA	1017,2	NA	NA	6	1128,4	36646,2	40,9	32,6	NA	NA	NA	102,9A	NA
14.08.2025 15:03:23	P	25	8	14	15	3	23	2	100	0	NA	26	NA	NA	NA	1017,2	NA	NA	6	1128,4	36646,3	40,9	32,6	NA	NA	NA	102,9A	NA
14.08.2025 15:03:29	P	25	8	14	15	3	29	2	100	0	NA	26	NA	NA	NA	1016,8	NA	NA	6	1128,4	36646,4	40,9	32,6	NA	NA	NA	102,9A	NA
14.08.2025 15:03:35	P	25	8	14	15	3	35	2	100	0	NA	26	NA	NA	NA	1016,8	NA	NA	6	1128,4	36646,6	40,8	32,6	NA	NA	NA	102,9A	NA
14.08.2025 15:03:41	P	25	8	14	15	3	41	2	100	0	NA	26	NA	NA	NA	1016,8	NA	NA	6	1128,4	36646,7	40,9	32,6	NA	NA	NA	102,9A	NA
14.08.2025 15:03:47	P	25	8	14	15	3	47	2	100	0	NA	26	NA	NA	NA	1017,2	NA	NA	6	1128,4	36646,8	40,8	32,6	NA	NA	NA	102,9A	NA
14.08.2025 15:03:53	P	25	8	14	15	3	53	2	100	0	NA	26	NA	NA	NA	1016,8	NA	NA	6	1128,4	36646,9	40,9	32,6	NA	NA	NA	102,9A	NA
14.08.2025 15:03:59	P	25	8	14	15	3	59	2	100	0	NA	26	NA	NA	NA	1016,8	NA	NA	6	1128,4	36647,0	40,9	32,6	NA	NA	NA	102,9A	NA
14.08.2025 15:04:05	P	25	8	14	15	4	5	2	100	0	NA	26	NA	NA	NA	1017,2	NA	NA	6	1128,4	36647,2	40,9	32,6	NA	NA	NA	102,9A	NA
14.08.2025 15:04:11	P	25	8	14	15	4	11	2	100	0	NA	26	NA	NA	NA	1016,8	NA	NA	6	1128,4	36647,3	40,9	32,6	NA	NA	NA	102,9A	NA
14.08.2025 15:04:17	P	25	8	14	15	4	17	2	100	0	NA	26	NA	NA	NA	1017,2	NA	NA	6	1128,4	36647,4	40,8	32,6	NA	NA	NA	102,9A	NA
14.08.2025 15:04:23	P	25	8	14	15	4	23	2	100	0	NA	26	NA	NA	NA	1017,2	NA	NA	6	1128,4	36647,5	40,8	32,6	NA	NA	NA	102,9A	NA
14.08.2025 15:04:29	P	25	8	14	15	4	29	2	100	0	NA	26	NA	NA	NA	1016,8	NA	NA	6	1128,4	36647,7	40,8	32,6	NA	NA	NA	102,9A	NA
14.08.2025 15:04:35	P	25	8	14	15	4	35	2	100	0	NA	26	NA	NA	NA	1017,2	NA	NA	6	1128,4	36647,8	40,8	32,6	NA	NA	NA	102,9A	NA
14.08.2025 15:04:41	P	25	8	14	15	4	41	2	100	0	NA	26	NA	NA	NA	1017,2	NA	NA	6	1128,4	36647,9	40,8	32,7	NA	NA	NA	102,9A	NA
14.08.2025 15:04:47	P	25	8	14	15	4	47	2	100	0	NA	26	NA	NA	NA	1017,2	NA	NA	6	1128,4	36648,0	40,8	32,7	NA	NA	NA	102,9A	NA
14.08.2025 15:04:53	P	25	8	14	15	4	53	2	100	0	NA	26	NA	NA	NA	1016,8	NA	NA	6	1128,4	36648,1	40,8	32,6	NA	NA	NA	102,9A	NA
14.08.2025 15:04:59	P	25	8	14	15	4	59	2	100	0	NA	26	NA	NA	NA	1017,2	NA	NA	6	1128,4	36648,3	40,8	32,6	NA	NA	NA	102,9A	NA
14.08.2025 15:05:05	P	25	8	14	15	5	5	2	100	0	NA	26	NA	NA	NA	1017,2	NA	NA	6	1128,4	36648,4	40,9	32,6	NA	NA	NA	102,9A	NA
14.08.2025 15:05:11	P	25	8	14	15	5	11	2	100	0	NA	26	NA	NA	NA	1017,2	NA	NA	6	1128,4	36648,5	40,8	32,6	NA	NA	NA	102,9A	NA
14.08.2025 15:05:17	P	25	8	14	15	5	17	2	100	0	NA	26	NA	NA	NA	1017,2	NA	NA	6	1128,4	36648,6	40,8	32,6	NA	NA	NA	102,9A	NA
14.08.2025 15:05:23	P	25	8	14	15	5	23	2	100	0	NA	26	NA	NA	NA	1017,2	NA	NA	6	1128,4	36648,7	40,8	32,6	NA	NA	NA	102,9A	NA
14.08.2025 15:05:29	P	25	8	14	15	5	29	2	100	0	NA	26	NA	NA	NA	1017,2	NA	NA	6	1128,4	36648,9	40,8	32,6	NA	NA	NA	102,9A	NA
14.08.2025 15:05:35	P	25	8	14	15	5	35	2	100	0	NA	26	NA	NA	NA	1016,8	NA	NA	6	1128,4	36649,0	40,8	32,7	NA	NA	NA	102,9A	NA
14.08.2025 15:05:41	P	25	8	14	15	5	41	2	100	0	NA	26	NA	NA	NA	1017,2	NA	NA	6	1128,4	36649,1	40,8	32,7	NA	NA	NA	102,9A	NA
14.08.2025 15:05:47	P	25	8	14	15	5	47	2	100	0	NA	26	NA	NA	NA	1016,8	NA	NA	6	1128,4	36649,2	40,8	32,6	NA	NA	NA	102,9A	NA
14.08.2025 15:05:53	P	25	8	14	15	5	53	2	100	0	NA	26	NA	NA	NA	1016,8	NA	NA	6	1128,4	36649,3	40,8	32,7	NA	NA	NA	102,9A	NA
14.08.2025 15:05:59	P	25	8	14	15	5	59	2	100	0	NA	26	NA	NA	NA	1016,8	NA	NA	6	1128,4	36649,5	40,8	32,7	NA	NA	NA	102,9A	NA
14.08.2025 15:06:05	P	25	8	14	15	6	5	2	100	0	NA	26	NA	NA	NA	1016,8	NA	NA	6	1128,4	36649,6	40,8	32,6	NA	NA	NA	102,9A	NA
14.08.2025 15:06:11	P	25	8	14	15	6	11	2	100	0	NA	26	NA	NA	NA	1017,2	NA	NA	6	1128,4	36649,7	40,8	32,6	NA	NA	NA	102,9A	NA
14.08.2025 15:06:17	P	25	8	14	15	6	17	2	100	0	NA	26	NA	NA	NA	1017,2	NA	NA	6	1128,4	36649,8	40,8	32,7	NA	NA	NA	102,9A	NA
14.08.2025 15:06:23	P	25	8	14	15	6	23	2	100	0	NA	26	NA	NA	NA	1017,1	NA	NA	6	1128,4	36650,0	40,7	32,7	NA	NA	NA	102,9A	NA
14.08.2025 15:06:29	P	25	8	14	15	6	29	2	100	0	NA	26	NA	NA	NA	1017,2	NA	NA	6	1128,4	36650,1	40,7	32,7	NA	NA	NA	102,9A	NA
14.08.2025 15:06:35	P	25	8	14	15	6	35	2	100	0	NA	26	NA	NA	NA	1017,2	NA	NA	6	1128,4	36650,2	40,8	32,7	NA	NA	NA	102,9A	NA
14.08.2025 15:06:41	P	25	8	14	15	6	41	2	100	0	NA	26	NA	NA	NA	1017,2	NA	NA	6	1128,4	36650,3	40,8	32,7	NA	NA	NA	102,9A	NA
14.08.2025 15:06:47	P	25	8	14	15	6	47	2	100	0	NA	26	NA	NA	NA	1016,8	NA	NA	6	1128,4	36650,4	40,7	32,7	NA	NA	NA	102,9A	NA
14.08.2025 15:06:53	P	25	8	14	15	6	53	2	100	0	NA	26	NA	NA	NA	1017,2	NA	NA	6	1128,4	36650,6	40,7	32,7	NA	NA	NA	102,9A	NA
14.08.2025 15:06:59	P	25	8	14	15	6	59	2	100	0	NA	26	NA	NA	NA	1017,2	NA	NA	6	1128,4	36650,7	40,6	32,6	NA	NA	NA	102,9A	NA
14.08.2025 15:07:05	P	25	8	14	15	7	5	2	100	0	NA	26	NA	NA	NA	1017,2	NA	NA	6	1128,4	36650,8	40,8	32,7	NA	NA	NA	102,9A	NA
14.08.2025 15:07:11	P	25	8	14	15	7	11	2	100	0	NA	26	NA	NA	NA	1017,2	NA	NA	6	1128,4	36650,9	40,7	32,7	NA	NA	NA	102,9A	NA
14.08.2025 15:07:17	P	25	8	14	15	7	17	2	100	0	NA	26	NA	NA	NA	1017,2	NA	NA	6	1128,4	36651,0	40,7	32,7	NA	NA	NA	102,9A	NA
14.08.2025 15:07:23	P	25	8	14	15	7	23	2	100	0	NA	26	NA	NA	NA	1017,2	NA	NA	6	1128,4	36651,2	40,7	32,7	NA	NA	NA	102,9A	NA
14.08.2025 15:07:29	P	25	8	14	15	7	29	2	100	0	NA	26	NA	NA	NA	1017,2	NA	NA	6	1128,4	36651,3	40,7	32,7	NA	NA	NA	102,9A	NA
14.08.2025 15:07:35	P	25	8	14	15	7	35	2	100	0	NA	26	NA	NA	NA	1016,8	NA	NA	6	1128,4	36651,4	40,7	32,7	NA	NA	NA	102,9A	NA
14.08.2025 15:07:41	P	25	8	14	15	7	41	2	100	0	NA	26	NA	NA	NA	1017,2	NA	NA	6	1128,4	36651,5	40,7	32,7	NA	NA	NA	102,9A	NA
14.08.2025 15:07:47	P	25	8	14	15	7	47	2	100	0	NA	26	NA	NA	NA	1017,2	NA	NA	6	1128,4	36651,6	40,7	32,7	NA	NA	NA	102,9A	NA
14.08.2025 15:07:53	P	25	8	14	15	7	53	2	100	0	NA	26	NA	NA	NA	1017,2	NA	NA	6	1128,4	36651,8	40,6	32,7	NA	NA	NA	102,9A	NA
14.08.2025 15:07:59	P	25	8	14	15	7	59	2	100	0	NA	26	NA	NA	NA	1017,2	NA	NA	6	1128,4	36651,9	40,7	32,7	NA	NA	NA	102,9A	NA
14.08.2025 15:08:05	P	25	8	14	15	8	5	2	100	0	NA	26	NA	NA	NA	1017,2	NA	NA	6	1128,4	36652,0	40,6	32,7	NA	NA	NA	102,9A	NA
14.08.2025 15:08:11	P	25	8	14	15	8	11	2	100	0	NA	26	NA	NA	NA	1017,2	NA	NA	6	1128,4	36652,1	40,6	32,7	NA	NA	NA	102,9A	NA
14.08.2025 15:08:17	P	25	8	14	15	8	17	2	100	0	NA	26	NA	NA	NA	1016,8	NA	NA	6	1128,4	36652,3	40,7	32,7	NA	NA	NA	102,9A	NA
14.08.2025 15:08:23	P	25	8	14	15	8	23	2	100	0	NA	26	NA	NA	NA	1017,1	NA	NA	6	1128,4	36652,4	40,7	32,7	NA	NA	NA	102,9A	NA
14.08.2025 15:08:29	P	25	8	14	15	8	29	2	100	0	NA	26	NA	NA	NA	1016,8	NA	NA	6	1128,4	36652,5	40,7	32,7	NA	NA	NA	102,9A	NA
14.08.2025 15:08:35	P	25	8	14	15	8	35	2	100	0	NA	26	NA	NA	NA	1016,8	NA	NA	6	1128,4	36652,6	40,7	32,7	NA	NA	NA	102,9A	NA
14.08.2025 15:08:41	P	25	8	14	15	8	41	2	100	0	NA	26	NA	NA	NA	1017,2	NA	NA	6	1128,4	36652,7	40,6	32,7	NA	NA	NA	102,9A	NA
14.08.2025 15:08:47	P	25	8	14	15	8	47	2	100	0	NA	26	NA	NA	NA	1016,8	NA	NA	6	1128,4	36652,9	40,6	32,7	NA	NA	NA	102,9A	NA
14.08.2025 15:08:53	P	25	8	14	15	8	53	2	100	0	NA	26	NA	NA	NA	1017,2	NA	NA	6	1128,4	36653,0	40,7	32,8	NA	NA	NA	102,9A	NA
14.08.2025 15:08:59	P	25	8	14	15	8	59	2	100	0	NA	26	NA	NA	NA	1017,2	NA	NA	6	1128,4	36653,1	40,5	32,8	NA	NA	NA	102,9A	NA
14.08.2025 15:09:05	P	25	8	14	15	9	5	2	100	0	NA	26	NA	NA	NA	1017,2	NA	NA	6	1128,4	36653,2	40,6	32,7	NA	NA	NA	102,9A	NA
14.08.2025 15:09:11	P	25	8	14	15	9	11	2	100	0	NA	26	NA	NA	NA	1016,8	NA	NA	6	1128,4	36653,3	40,6	32,7	NA	NA	NA	102,9A	NA
14.08.2025 15:09:17	P	25	8	14	15	9	17	2	100	0	NA	26	NA	NA	NA	1017,2	NA	NA	6	1128,4	36653,5	40,6	32,8	NA	NA	NA	102,9A	NA
14.08.2025 15:09:23	P	25	8	14	15	9	23	2	100	0	NA	26	NA	NA	NA	1017,2	NA	NA	6	1128,4	36653,6	40,6	32,7	NA	NA	NA	102,9A	NA
14.08.2025 15:09:29	P	25	8	14	15	9	29	2	100	0	NA	26	NA	NA	NA	1017,2	NA	NA	6	1128,4	36653,7	40,6	32,8	NA	NA	NA	102,9A	NA
14.08.2025 15:09:35	P	25	8	14	15	9	35	2	100	0	NA	26	NA	NA	NA	1017,2	NA	NA	6	1128,4	36653,8	40,6	32,8	NA	NA	NA	102,9A	NA
14.08.2025 15:09:41	P	25	8	14	15	9	41	2	100	0	NA	26	NA	NA	NA	1017,2	NA	NA	6	1128,4	36653,9	40,5	32,7	NA	NA	NA	102,9A	NA
14.08.2025 15:09:47	P	25	8	14	15	9	47	2	100	0	NA	26	NA	NA	NA	1017,2	NA	NA	6	1128,4	36654,1	40,6	32,7	NA	NA	NA	102,9A	NA
14.08.2025 15:09:53	P	25	8	14	15	9	53	2	100	0	NA	26	NA	NA	NA	1017,2	NA	NA	6	1128,4	36654,2	40,7	32,7	NA	NA	NA	102,9A	NA
14.08.2025 15:09:59	P	25	8	14	15	9	59	2	100	0	NA	26	NA	NA	NA	1016,8	NA	NA	6	1128,4	36654,3	40,5	32,8	NA	NA	NA	102,9A	NA
14.08.2025 15:10:05	P	25	8	14	15	10	5	2	100	0	NA	26	NA	NA	NA	1016,8	NA	NA	6	1128,4	36654,4	40,5	32,8	NA	NA	NA	102,9A	NA
14.08.2025 15:10:11	P	25	8	14	15	10	11	2	100	0	NA	26	NA	NA	NA	1016,8	NA	NA	6	1128,4	36654,6	40,6	32,8	NA	NA	NA	102,9A	NA
14.08.2025 15:10:17	P	25	8	14	15	10	17	2	100	0	NA	26	NA	NA	NA	1017,2	NA	NA	6	1128,4	36654,7	40,6	32,8	NA	NA	NA	102,9A	NA
14.08.2025 15:10:23	P	25	8	14	15	10	23	2	100	0	NA	26	NA	NA	NA	1017,1	NA	NA	6	1128,4	36654,8	40,6	32,7	NA	NA	NA	102,9A	NA
14.08.2025 15:10:29	P	25	8	14	15	10	29	2	100	0	NA	26	NA	NA	NA	1016,8	NA	NA	6	1128,4	36654,9	40,6	32,7	NA	NA	NA	102,9A	NA
14.08.2025 15:10:35	P	25	8	14	15	10	35	2	100	0	NA	26	NA	NA	NA	1017,2	NA	NA	6	1128,4	36655,0	40,6	32,7	NA	NA	NA	102,9A	NA
14.08.2025 15:10:41	P	25	8	14	15	10	41	2	100	0	NA	26	NA	NA	NA	1017,2	NA	NA	6	1128,4	36655,2	40,6	32,8	NA	NA	NA	102,9A	NA
14.08.2025 15:10:47	P	25	8	14	15	10	47	2	100	0	NA	26	NA	NA	NA	1017,2	NA	NA	6	1128,4	36655,3	40,5	32,8	NA	NA	NA	102,9A	NA
14.08.2025 15:10:53	P	25	8	14	15	10	53	2	100	0	NA	26	NA	NA	NA	1016,8	NA	NA	6	1128,4	36655,4	40,5	32,8	NA	NA	NA	102,9A	NA
14.08.2025 15:10:59	P	25	8	14	15	10	59	2	100	0	NA	26	NA	NA	NA	1017,2	NA	NA	6	1128,4	36655,5	40,5	32,8	NA	NA	NA	102,9A	NA
14.08.2025 15:11:05	P	25	8	14	15	11	5	2	100	0	NA	26	NA	NA	NA	1016,8	NA	NA	6	1128,4	36655,6	40,5	32,8	NA	NA	NA	102,9A	NA
14.08.2025 15:11:11	P	25	8	14	15	11	11	2	100	0	NA	26	NA	NA	NA	1017,2	NA	NA	6	1128,4	36655,8	40,5	32,8	NA	NA	NA	102,9A	NA
14.08.2025 15:11:17	P	25	8	14	15	11	17	2	100	0	NA	26	NA	NA	NA	1017,2	NA	NA	6	1128,4	36655,9	40,5	32,8	NA	NA	NA	102,9A	NA
14.08.2025 15:11:23	P	25	8	14	15	11	23	2	100	0	NA	26	NA	NA	NA	1017,2	NA	NA	6	1128,4	36656,0	40,6	32,8	NA	NA	NA	102,9A	NA
14.08.2025 15:11:29	P	25	8	14	15	11	29	2	100	0	NA	26	NA	NA	NA	1016,8	NA	NA	6	1128,4	36656,1	40,6	32,8	NA	NA	NA	102,9A	NA
14.08.2025 15:11:35	P	25	8	14	15	11	35	2	100	0	NA	26	NA	NA	NA	1017,2	NA	NA	6	1128,4	36656,3	40,6	32,8	NA	NA	NA	102,9A	NA
14.08.2025 15:11:41	P	25	8	14	15	11	41	2	100	0	NA	26	NA	NA	NA	1017,2	NA	NA	6	1128,4	36656,4	40,4	32,8	NA	NA	NA	102,9A	NA
14.08.2025 15:11:47	P	25	8	14	15	11	47	2	100	0	NA	26	NA	NA	NA	1016,8	NA	NA	6	1128,4	36656,5	40,5	32,8	NA	NA	NA	102,9A	NA
14.08.2025 15:11:53	P	25	8	14	15	11	53	2	100	0	NA	26	NA	NA	NA	1016,8	NA	NA	6	1128,4	36656,6	40,5	32,8	NA	NA	NA	102,9A	NA
14.08.2025 15:11:59	P	25	8	14	15	11	59	2	100	0	NA	26	NA	NA	NA	1017,2	NA	NA	6	1128,4	36656,7	40,5	32,8	NA	NA	NA	102,9A	NA
14.08.2025 15:12:05	P	25	8	14	15	12	5	2	100	0	NA	26	NA	NA	NA	1016,8	NA	NA	6	1128,4	36656,9	40,4	32,8	NA	NA	NA	102,9A	NA
14.08.2025 15:12:11	P	25	8	14	15	12	11	2	100	0	NA	26	NA	NA	NA	1017,2	NA	NA	6	1128,4	36657,0	40,5	32,8	NA	NA	NA	102,9A	NA
14.08.2025 15:12:17	P	25	8	14	15	12	17	2	100	0	NA	26	NA	NA	NA	1017,2	NA	NA	6	1128,4	36657,1	40,4	32,8	NA	NA	NA	102,9A	NA
14.08.2025 15:12:23	P	25	8	14	15	12	23	2	100	0	NA	26	NA	NA	NA	1017,1	NA	NA	6	1128,4	36657,2	40,4	32,8	NA	NA	NA	102,9A	NA
14.08.2025 15:12:29	P	25	8	14	15	12	29	2	100	0	NA	26	NA	NA	NA	1017,2	NA	NA	6	1128,4	36657,3	40,5	32,8	NA	NA	NA	102,9A	NA
14.08.2025 15:12:35	P	25	8	14	15	12	35	2	100	0	NA	26	NA	NA	NA	1017,2	NA	NA	6	1128,4	36657,5	40,5	32,8	NA	NA	NA	102,9A	NA
14.08.2025 15:12:41	P	25	8	14	15	12	41	2	100	0	NA	26	NA	NA	NA	1017,2	NA	NA	6	1128,4	36657,6	40,4	32,8	NA	NA	NA	102,9A	NA
14.08.2025 15:12:47	P	25	8	14	15	12	47	2	100	0	NA	26	NA	NA	NA	1016,8	NA	NA	6	1128,4	36657,7	40,4	32,8	NA	NA	NA	102,9A	NA
14.08.2025 15:12:53	P	25	8	14	15	12	53	2	100	0	NA	26	NA	NA	NA	1017,2	NA	NA	6	1128,4	36657,8	40,5	32,8	NA	NA	NA	102,9A	NA
14.08.2025 15:12:59	P	25	8	14	15	12	59	2	100	0	NA	26	NA	NA	NA	1016,8	NA	NA	6	1128,4	36657,9	40,4	32,8	NA	NA	NA	102,9A	NA
14.08.2025 15:13:05	P	25	8	14	15	13	5	2	100	0	NA	26	NA	NA	NA	1016,8	NA	NA	6	1128,4	36658,1	40,5	32,8	NA	NA	NA	102,9A	NA
14.08.2025 15:13:11	P	25	8	14	15	13	11	2	100	0	NA	26	NA	NA	NA	1017,2	NA	NA	6	1128,4	36658,2	40,5	32,8	NA	NA	NA	102,9A	NA
14.08.2025 15:13:17	P	25	8	14	15	13	17	2	100	0	NA	26	NA	NA	NA	1017,2	NA	NA	6	1128,4	36658,3	40,4	32,8	NA	NA	NA	102,9A	NA
14.08.2025 15:13:23	P	25	8	14	15	13	23	2	100	0	NA	26	NA	NA	NA	1017,1	NA	NA	6	1128,4	36658,4	40,4	32,8	NA	NA	NA	102,9A	NA
14.08.2025 15:13:29	P	25	8	14	15	13	29	2	100	0	NA	26	NA	NA	NA	1017,2	NA	NA	6	1128,4	36658,6	40,4	32,8	NA	NA	NA	102,9A	NA
14.08.2025 15:13:35	P	25	8	14	15	13	35	2	100	0	NA	26	NA	NA	NA	1016,8	NA	NA	6	1128,4	36658,7	40,5	32,9	NA	NA	NA	102,9A	NA
14.08.2025 15:13:41	P	25	8	14	15	13	41	2	100	0	NA	26	NA	NA	NA	1016,8	NA	NA	6	1128,4	36658,8	40,3	32,9	NA	NA	NA	102,9A	NA
14.08.2025 15:13:47	P	25	8	14	15	13	47	2	100	0	NA	26	NA	NA	NA	1017,2	NA	NA	6	1128,4	36658,9	40,4	32,8	NA	NA	NA	102,9A	NA
14.08.2025 15:13:53	P	25	8	14	15	13	53	2	100	0	NA	26	NA	NA	NA	1016,8	NA	NA	6	1128,4	36659,0	40,4	32,8	NA	NA	NA	102,9A	NA
14.08.2025 15:13:59	P	25	8	14	15	13	59	2	100	0	NA	26	NA	NA	NA	1016,8	NA	NA	6	1128,4	36659,2	40,4	32,8	NA	NA	NA	102,9A	NA
14.08.2025 15:14:05	P	25	8	14	15	14	5	2	100	0	NA	26	NA	NA	NA	1016,8	NA	NA	6	1128,4	36659,3	40,5	32,9	NA	NA	NA	102,9A	NA
14.08.2025 15:14:11	P	25	8	14	15	14	11	2	100	0	NA	26	NA	NA	NA	1016,8	NA	NA	6	1128,4	36659,4	40,4	32,8	NA	NA	NA	102,9A	NA
14.08.2025 15:14:17	P	25	8	14	15	14	17	2	100	0	NA	26	NA	NA	NA	1016,8	NA	NA	6	1128,4	36659,5	40,4	32,9	NA	NA	NA	102,9A	NA
14.08.2025 15:14:23	P	25	8	14	15	14	23	2	100	0	NA	26	NA	NA	NA	1017,0	NA	NA	6	1128,4	36659,6	40,4	32,9	NA	NA	NA	102,9A	NA
14.08.2025 15:14:29	P	25	8	14	15	14	29	2	100	0	NA	26	NA	NA	NA	1016,8	NA	NA	6	1128,4	36659,8	40,4	32,8	NA	NA	NA	102,9A	NA
14.08.2025 15:14:35	P	25	8	14	15	14	35	2	100	0	NA	26	NA	NA	NA	1017,2	NA	NA	6	1128,4	36659,9	40,4	32,9	NA	NA	NA	102,9A	NA
14.08.2025 15:14:41	P	25	8	14	15	14	41	2	100	0	NA	26	NA	NA	NA	1016,8	NA	NA	6	1128,4	36660,0	40,4	32,8	NA	NA	NA	102,9A	NA
14.08.2025 15:14:47	P	25	8	14	15	14	47	2	100	0	NA	26	NA	NA	NA	1017,2	NA	NA	6	1128,4	36660,1	40,3	32,8	NA	NA	NA	102,9A	NA
14.08.2025 15:14:53	P	25	8	14	15	14	53	2	100	0	NA	26	NA	NA	NA	1016,8	NA	NA	6	1128,4	36660,2	40,4	32,9	NA	NA	NA	102,9A	NA
14.08.2025 15:14:59	P	25	8	14	15	14	59	2	100	0	NA	26	NA	NA	NA	1016,8	NA	NA	6	1128,4	36660,4	40,5	32,9	NA	NA	NA	102,9A	NA
14.08.2025 15:15:05	P	25	8	14	15	15	5	2	100	0	NA	26	NA	NA	NA	1016,8	NA	NA	6	1128,4	36660,5	40,3	32,9	NA	NA	NA	102,9A	NA
14.08.2025 15:15:11	P	25	8	14	15	15	11	2	100	0	NA	26	NA	NA	NA	1017,2	NA	NA	6	1128,4	36660,6	40,3	32,8	NA	NA	NA	102,9A	NA
14.08.2025 15:15:17	P	25	8	14	15	15	17	2	100	0	NA	26	NA	NA	NA	1016,8	NA	NA	6	1128,4	36660,7	40,3	32,8	NA	NA	NA	102,9A	NA
14.08.2025 15:15:23	P	25	8	14	15	15	23	2	100	0	NA	26	NA	NA	NA	1016,9	NA	NA	6	1128,4	36660,9	40,3	32,9	NA	NA	NA	102,9A	NA
14.08.2025 15:15:29	P	25	8	14	15	15	29	2	100	0	NA	26	NA	NA	NA	1016,8	NA	NA	6	1128,4	36661,0	40,4	32,9	NA	NA	NA	102,9A	NA
14.08.2025 15:15:35	P	25	8	14	15	15	35	2	100	0	NA	26	NA	NA	NA	1016,8	NA	NA	6	1128,4	36661,1	40,3	32,9	NA	NA	NA	102,9A	NA
14.08.2025 15:15:41	P	25	8	14	15	15	41	2	100	0	NA	26	NA	NA	NA	1016,8	NA	NA	6	1128,4	36661,2	40,4	32,9	NA	NA	NA	102,9A	NA
14.08.2025 15:15:47	P	25	8	14	15	15	47	2	100	0	NA	26	NA	NA	NA	1016,8	NA	NA	6	1128,4	36661,3	40,3	32,9	NA	NA	NA	102,9A	NA
14.08.2025 15:15:53	P	25	8	14	15	15	53	2	100	0	NA	26	NA	NA	NA	1016,8	NA	NA	6	1128,4	36661,5	40,3	32,9	NA	NA	NA	102,9A	NA
14.08.2025 15:15:59	P	25	8	14	15	15	59	2	100	0	NA	26	NA	NA	NA	1016,8	NA	NA	6	1128,4	36661,6	40,4	32,9	NA	NA	NA	102,9A	NA
14.08.2025 15:16:05	P	25	8	14	15	16	5	2	100	0	NA	26	NA	NA	NA	1017,2	NA	NA	6	1128,4	36661,7	40,3	32,9	NA	NA	NA	102,9A	NA
14.08.2025 15:16:11	P	25	8	14	15	16	11	2	100	0	NA	26	NA	NA	NA	1016,8	NA	NA	6	1128,4	36661,8	40,3	32,9	NA	NA	NA	102,9A	NA
14.08.2025 15:16:17	P	25	8	14	15	16	17	2	100	0	NA	26	NA	NA	NA	1016,8	NA	NA	6	1128,4	36661,9	40,3	32,9	NA	NA	NA	102,9A	NA
14.08.2025 15:16:23	P	25	8	14	15	16	23	2	100	0	NA	26	NA	NA	NA	1016,9	NA	NA	6	1128,4	36662,1	40,3	32,9	NA	NA	NA	102,9A	NA
14.08.2025 15:16:29	P	25	8	14	15	16	29	2	100	0	NA	26	NA	NA	NA	1016,8	NA	NA	6	1128,4	36662,2	40,3	32,9	NA	NA	NA	102,9A	NA
14.08.2025 15:16:35	P	25	8	14	15	16	35	2	100	0	NA	26	NA	NA	NA	1016,8	NA	NA	6	1128,4	36662,3	40,3	32,9	NA	NA	NA	102,9A	NA
14.08.2025 15:16:41	P	25	8	14	15	16	41	2	100	0	NA	26	NA	NA	NA	1016,8	NA	NA	6	1128,4	36662,4	40,3	33,0	NA	NA	NA	102,9A	NA
14.08.2025 15:16:47	P	25	8	14	15	16	47	2	100	0	NA	26	NA	NA	NA	1016,8	NA	NA	6	1128,4	36662,5	40,2	32,9	NA	NA	NA	102,9A	NA
14.08.2025 15:16:53	P	25	8	14	15	16	53	2	100	0	NA	26	NA	NA	NA	1017,2	NA	NA	6	1128,4	36662,7	40,3	32,9	NA	NA	NA	102,9A	NA
14.08.2025 15:16:59	P	25	8	14	15	16	59	2	100	0	NA	26	NA	NA	NA	1016,8	NA	NA	6	1128,4	36662,8	40,2	32,9	NA	NA	NA	102,9A	NA
14.08.2025 15:17:05	P	25	8	14	15	17	5	2	100	0	NA	26	NA	NA	NA	1016,8	NA	NA	6	1128,4	36662,9	40,3	32,9	NA	NA	NA	102,9A	NA
14.08.2025 15:17:11	P	25	8	14	15	17	11	2	100	0	NA	26	NA	NA	NA	1016,8	NA	NA	6	1128,4	36663,0	40,3	32,9	NA	NA	NA	102,9A	NA
14.08.2025 15:17:17	P	25	8	14	15	17	17	2	100	0	NA	26	NA	NA	NA	1016,8	NA	NA	6	1128,4	36663,2	40,3	32,9	NA	NA	NA	102,9A	NA
14.08.2025 15:17:23	P	25	8	14	15	17	23	2	100	0	NA	26	NA	NA	NA	1016,8	NA	NA	6	1128,4	36663,3	40,3	32,9	NA	NA	NA	102,9A	NA
14.08.2025 15:17:29	P	25	8	14	15	17	29	2	100	0	NA	26	NA	NA	NA	1017,2	NA	NA	6	1128,4	36663,4	40,3	32,9	NA	NA	NA	102,9A	NA
14.08.2025 15:17:35	P	25	8	14	15	17	35	2	100	0	NA	26	NA	NA	NA	1016,8	NA	NA	6	1128,4	36663,5	40,3	33,0	NA	NA	NA	102,9A	NA
14.08.2025 15:17:41	P	25	8	14	15	17	41	2	100	0	NA	26	NA	NA	NA	1016,8	NA	NA	6	1128,4	36663,6	40,3	32,9	NA	NA	NA	102,9A	NA
14.08.2025 15:17:47	P	25	8	14	15	17	47	2	100	0	NA	26	NA	NA	NA	1016,8	NA	NA	6	1128,4	36663,8	40,3	32,9	NA	NA	NA	102,9A	NA
14.08.2025 15:17:53	P	25	8	14	15	17	53	2	100	0	NA	26	NA	NA	NA	1016,8	NA	NA	6	1128,4	36663,9	40,3	32,9	NA	NA	NA	102,9A	NA
