<Header>
User name: CF
Location: laboratory
# of Location: 1
Model: 1.109
Serial No.: 9G050007
Firmware revision: 12.30E
Software revision: 7-1 Rev XII (27-02-2019)
Unit: counts/liter (differential)
C-factor: 1,00
Comment: test room aerosol conditions
online data
<Data>
[d&t31.12.2035 11:50:55]	0,30 um	0,40 um	0,50 um	0,65 um	0,80 um	1,00 um	1,60 um	2,00 um	3,00 um	4,00 um	5,00 um	7,50 um	10,00 um	15,00 um	20,00 um
14.08.2025 14:29:23	15150,0	12150,0	5400,0	4100,0	1550,0	450,0	550,0	250,0	150,0	50,0	0,0	50,0	0,0	160,0	140,0
14.08.2025 14:29:29	15050,0	13050,0	6350,0	4300,0	1800,0	450,0	500,0	200,0	250,0	50,0	100,0	0,0	50,0	40,0	60,0
14.08.2025 14:29:35	16000,0	12750,0	6600,0	3550,0	1250,0	600,0	700,0	300,0	100,0	0,0	50,0	100,0	50,0	0,0	50,0
14.08.2025 14:29:41	15250,0	12300,0	6950,0	3600,0	1700,0	400,0	250,0	350,0	200,0	100,0	50,0	50,0	100,0	100,0	150,0
14.08.2025 14:29:47	15650,0	13300,0	6600,0	3200,0	1500,0	550,0	250,0	350,0	100,0	100,0	100,0	0,0	50,0	20,0	80,0
14.08.2025 14:29:53	14300,0	11600,0	6000,0	3200,0	1250,0	550,0	200,0	350,0	50,0	200,0	150,0	0,0	0,0	20,0	80,0
14.08.2025 14:29:59	16800,0	13000,0	6700,0	3850,0	1750,0	550,0	450,0	150,0	100,0	0,0	150,0	50,0	0,0	80,0	120,0
14.08.2025 14:30:05	15100,0	12650,0	6850,0	4150,0	1800,0	700,0	600,0	200,0	250,0	50,0	100,0	100,0	100,0	130,0	170,0
14.08.2025 14:30:11	14350,0	11900,0	6350,0	3150,0	1350,0	600,0	500,0	150,0	200,0	100,0	0,0	100,0	0,0	80,0	70,0
14.08.2025 14:30:17	13950,0	13500,0	7050,0	4550,0	1050,0	350,0	600,0	450,0	150,0	0,0	250,0	0,0	100,0	220,0	230,0
14.08.2025 14:30:23	16800,0	12200,0	6250,0	4750,0	1350,0	600,0	350,0	400,0	250,0	100,0	300,0	50,0	150,0	50,0	100,0
14.08.2025 14:30:29	15300,0	11400,0	5750,0	3550,0	1300,0	650,0	450,0	200,0	100,0	150,0	50,0	0,0	0,0	90,0	160,0
14.08.2025 14:30:35	15550,0	11450,0	6150,0	3750,0	1200,0	450,0	550,0	400,0	200,0	100,0	100,0	0,0	100,0	210,0	240,0
14.08.2025 14:30:41	15150,0	11500,0	6150,0	3450,0	1400,0	450,0	550,0	400,0	150,0	50,0	0,0	0,0	0,0	130,0	170,0
14.08.2025 14:30:47	15550,0	11750,0	5800,0	4150,0	1950,0	550,0	450,0	300,0	200,0	50,0	0,0	50,0	50,0	90,0	110,0
14.08.2025 14:30:53	14550,0	10350,0	6150,0	3100,0	1650,0	750,0	500,0	100,0	0,0	150,0	100,0	250,0	50,0	70,0	80,0
14.08.2025 14:30:59	15900,0	11600,0	5000,0	3550,0	1200,0	600,0	300,0	450,0	100,0	200,0	150,0	0,0	0,0	340,0	110,0
14.08.2025 14:31:05	14000,0	12050,0	6450,0	4250,0	1300,0	350,0	750,0	200,0	100,0	0,0	50,0	50,0	50,0	40,0	110,0
14.08.2025 14:31:11	14950,0	12000,0	6400,0	4650,0	1900,0	650,0	350,0	300,0	0,0	50,0	150,0	0,0	100,0	0,0	100,0
14.08.2025 14:31:17	14700,0	11950,0	6400,0	4400,0	1600,0	450,0	300,0	550,0	150,0	300,0	50,0	0,0	0,0	140,0	110,0
14.08.2025 14:31:23	15100,0	11450,0	6900,0	3600,0	1950,0	450,0	350,0	250,0	250,0	50,0	100,0	100,0	0,0	0,0	100,0
14.08.2025 14:31:29	15000,0	13750,0	6600,0	3850,0	1900,0	300,0	500,0	300,0	100,0	100,0	100,0	0,0	0,0	0,0	150,0
14.08.2025 14:31:35	15650,0	9850,0	5750,0	3850,0	1550,0	700,0	700,0	100,0	50,0	50,0	50,0	50,0	100,0	20,0	80,0
14.08.2025 14:31:41	13750,0	10900,0	5750,0	3600,0	1500,0	650,0	300,0	150,0	100,0	200,0	0,0	0,0	0,0	60,0	140,0
14.08.2025 14:31:47	14600,0	10150,0	5400,0	3300,0	1300,0	450,0	500,0	200,0	400,0	0,0	100,0	50,0	100,0	0,0	50,0
14.08.2025 14:31:53	14200,0	11650,0	4650,0	3500,0	1400,0	450,0	600,0	350,0	100,0	0,0	0,0	0,0	0,0	20,0	130,0
14.08.2025 14:31:59	15250,0	11950,0	6650,0	3800,0	1900,0	550,0	400,0	250,0	200,0	150,0	50,0	50,0	150,0	0,0	100,0
14.08.2025 14:32:05	11150,0	9650,0	5350,0	3350,0	900,0	450,0	450,0	250,0	200,0	250,0	100,0	0,0	0,0	50,0	150,0
14.08.2025 14:32:11	14400,0	8850,0	5900,0	3850,0	950,0	300,0	500,0	400,0	150,0	100,0	100,0	200,0	50,0	50,0	200,0
14.08.2025 14:32:17	12800,0	10600,0	5850,0	3250,0	1300,0	650,0	500,0	600,0	100,0	100,0	0,0	0,0	50,0	130,0	170,0
14.08.2025 14:32:23	11550,0	8150,0	5850,0	2350,0	1250,0	500,0	150,0	200,0	150,0	0,0	100,0	0,0	100,0	50,0	50,0
14.08.2025 14:32:29	13200,0	8600,0	5300,0	3450,0	1600,0	250,0	350,0	250,0	100,0	0,0	250,0	0,0	0,0	10,0	90,0
14.08.2025 14:32:35	13550,0	9900,0	6000,0	3100,0	1300,0	350,0	700,0	450,0	50,0	50,0	50,0	0,0	50,0	210,0	240,0
14.08.2025 14:32:41	11450,0	9650,0	5300,0	3050,0	1800,0	400,0	350,0	350,0	100,0	50,0	100,0	100,0	100,0	10,0	90,0
14.08.2025 14:32:47	12850,0	9300,0	5700,0	2950,0	900,0	450,0	350,0	200,0	100,0	200,0	50,0	150,0	0,0	60,0	140,0
14.08.2025 14:32:53	10550,0	9350,0	4800,0	2100,0	1000,0	250,0	400,0	200,0	100,0	100,0	0,0	50,0	0,0	0,0	50,0
14.08.2025 14:32:59	10650,0	8000,0	3850,0	2750,0	1050,0	350,0	200,0	350,0	100,0	200,0	50,0	100,0	0,0	0,0	100,0
14.08.2025 14:33:05	10400,0	7300,0	4550,0	2900,0	1350,0	500,0	450,0	100,0	100,0	150,0	50,0	0,0	0,0	0,0	50,0
14.08.2025 14:33:11	9400,0	7400,0	3200,0	2950,0	950,0	350,0	400,0	150,0	250,0	0,0	50,0	0,0	50,0	0,0	50,0
14.08.2025 14:33:17	9900,0	7000,0	4400,0	2500,0	1050,0	300,0	200,0	200,0	50,0	0,0	0,0	100,0	0,0	50,0	100,0
14.08.2025 14:33:23	10350,0	6900,0	3700,0	2300,0	650,0	600,0	450,0	100,0	150,0	200,0	0,0	0,0	0,0	60,0	140,0
14.08.2025 14:33:29	9550,0	6850,0	4500,0	2250,0	1650,0	600,0	250,0	150,0	50,0	0,0	50,0	50,0	50,0	40,0	110,0
14.08.2025 14:33:35	10350,0	8000,0	4100,0	2600,0	1100,0	250,0	450,0	350,0	250,0	100,0	200,0	0,0	50,0	130,0	120,0
14.08.2025 14:33:41	8650,0	6900,0	3800,0	2700,0	1250,0	500,0	400,0	150,0	100,0	100,0	100,0	50,0	100,0	80,0	70,0
14.08.2025 14:33:47	8850,0	6450,0	3850,0	1750,0	850,0	450,0	500,0	400,0	50,0	0,0	50,0	100,0	0,0	0,0	100,0
14.08.2025 14:33:53	9650,0	5350,0	3700,0	1950,0	1300,0	400,0	250,0	200,0	0,0	0,0	100,0	50,0	50,0	110,0	190,0
14.08.2025 14:33:59	9200,0	5350,0	4000,0	2100,0	750,0	500,0	200,0	200,0	50,0	50,0	0,0	100,0	50,0	120,0	130,0
14.08.2025 14:34:05	8150,0	5900,0	3600,0	1750,0	800,0	450,0	350,0	100,0	100,0	0,0	0,0	0,0	0,0	30,0	20,0
14.08.2025 14:34:11	7850,0	5300,0	3750,0	1900,0	700,0	200,0	450,0	250,0	100,0	100,0	50,0	0,0	0,0	60,0	90,0
14.08.2025 14:34:17	8700,0	5750,0	2950,0	3000,0	1150,0	400,0	150,0	100,0	50,0	50,0	150,0	50,0	0,0	60,0	90,0
14.08.2025 14:34:23	8350,0	5950,0	2550,0	2300,0	550,0	400,0	250,0	100,0	50,0	0,0	50,0	50,0	0,0	20,0	80,0
14.08.2025 14:34:29	6800,0	5700,0	3200,0	1550,0	900,0	150,0	250,0	50,0	0,0	0,0	100,0	0,0	50,0	10,0	40,0
14.08.2025 14:34:35	7850,0	4900,0	2850,0	1800,0	850,0	200,0	550,0	300,0	50,0	0,0	50,0	0,0	50,0	0,0	50,0
14.08.2025 14:34:41	6500,0	4900,0	3000,0	1550,0	500,0	350,0	300,0	200,0	50,0	0,0	150,0	0,0	50,0	0,0	0,0
14.08.2025 14:34:47	6400,0	5300,0	2300,0	1800,0	450,0	150,0	250,0	150,0	100,0	50,0	0,0	0,0	0,0	80,0	20,0
14.08.2025 14:34:53	6800,0	4800,0	1800,0	1450,0	550,0	300,0	200,0	150,0	0,0	0,0	50,0	0,0	0,0	0,0	50,0
14.08.2025 14:34:59	6500,0	4300,0	2850,0	1700,0	500,0	250,0	200,0	0,0	50,0	50,0	100,0	0,0	0,0	0,0	0,0
14.08.2025 14:35:05	5600,0	4050,0	2450,0	1850,0	700,0	250,0	200,0	200,0	50,0	50,0	0,0	0,0	0,0	0,0	0,0
14.08.2025 14:35:11	5650,0	4850,0	2750,0	1900,0	700,0	150,0	150,0	200,0	50,0	50,0	150,0	0,0	100,0	30,0	20,0
14.08.2025 14:35:17	5400,0	4400,0	2350,0	1650,0	350,0	200,0	100,0	250,0	100,0	0,0	0,0	0,0	0,0	0,0	0,0
14.08.2025 14:35:23	5850,0	4450,0	3050,0	1150,0	700,0	250,0	150,0	0,0	100,0	0,0	50,0	0,0	50,0	0,0	50,0
14.08.2025 14:35:29	6950,0	5400,0	2850,0	1400,0	950,0	200,0	100,0	0,0	50,0	0,0	0,0	0,0	0,0	10,0	40,0
14.08.2025 14:35:35	6100,0	3800,0	2350,0	1300,0	800,0	250,0	150,0	150,0	100,0	200,0	0,0	0,0	0,0	0,0	50,0
14.08.2025 14:35:41	6400,0	3850,0	2300,0	1500,0	1050,0	250,0	200,0	50,0	0,0	0,0	0,0	0,0	0,0	60,0	40,0
14.08.2025 14:35:47	6350,0	4100,0	2150,0	1500,0	500,0	250,0	400,0	150,0	0,0	50,0	50,0	0,0	0,0	80,0	70,0
14.08.2025 14:35:53	6600,0	4550,0	2300,0	1200,0	450,0	500,0	300,0	50,0	100,0	0,0	100,0	0,0	0,0	0,0	0,0
14.08.2025 14:35:59	6450,0	4150,0	3050,0	1450,0	700,0	250,0	150,0	0,0	100,0	50,0	50,0	0,0	50,0	0,0	0,0
14.08.2025 14:36:05	5100,0	4050,0	1850,0	1100,0	550,0	150,0	100,0	0,0	0,0	0,0	0,0	0,0	50,0	0,0	50,0
14.08.2025 14:36:11	4950,0	3350,0	2150,0	850,0	500,0	250,0	150,0	50,0	50,0	50,0	0,0	0,0	50,0	0,0	0,0
14.08.2025 14:36:17	5400,0	3950,0	2500,0	1300,0	600,0	300,0	200,0	150,0	0,0	0,0	50,0	0,0	0,0	60,0	40,0
14.08.2025 14:36:23	5550,0	3900,0	2150,0	1300,0	550,0	300,0	150,0	150,0	50,0	0,0	0,0	50,0	0,0	0,0	0,0
14.08.2025 14:36:29	4650,0	3400,0	1650,0	1550,0	400,0	50,0	150,0	100,0	100,0	0,0	0,0	100,0	0,0	0,0	0,0
14.08.2025 14:36:35	4750,0	3250,0	2000,0	1250,0	550,0	100,0	200,0	150,0	150,0	100,0	50,0	0,0	50,0	0,0	50,0
14.08.2025 14:36:41	5450,0	3250,0	1600,0	1300,0	550,0	100,0	150,0	50,0	0,0	50,0	50,0	0,0	0,0	30,0	70,0
14.08.2025 14:36:47	4950,0	3700,0	2350,0	1350,0	600,0	400,0	150,0	200,0	50,0	0,0	0,0	0,0	0,0	30,0	20,0
14.08.2025 14:36:53	4750,0	2850,0	1750,0	900,0	50,0	150,0	150,0	100,0	0,0	0,0	0,0	0,0	50,0	0,0	0,0
14.08.2025 14:36:59	4150,0	2650,0	1950,0	1350,0	250,0	250,0	50,0	0,0	50,0	50,0	50,0	0,0	50,0	40,0	60,0
14.08.2025 14:37:05	4950,0	3450,0	1650,0	850,0	550,0	50,0	100,0	50,0	150,0	0,0	50,0	0,0	0,0	60,0	40,0
14.08.2025 14:37:11	4700,0	3650,0	1800,0	950,0	250,0	100,0	100,0	250,0	0,0	0,0	50,0	50,0	50,0	10,0	40,0
14.08.2025 14:37:17	5100,0	3050,0	1400,0	800,0	450,0	100,0	150,0	50,0	50,0	0,0	0,0	50,0	0,0	40,0	10,0
14.08.2025 14:37:23	3900,0	2700,0	1950,0	1000,0	300,0	250,0	200,0	200,0	0,0	0,0	0,0	0,0	0,0	0,0	0,0
14.08.2025 14:37:29	3950,0	3050,0	1850,0	950,0	550,0	350,0	50,0	0,0	50,0	0,0	100,0	0,0	0,0	10,0	40,0
14.08.2025 14:37:35	4650,0	2700,0	1700,0	1050,0	350,0	50,0	0,0	100,0	100,0	100,0	0,0	0,0	0,0	70,0	80,0
14.08.2025 14:37:41	4250,0	2350,0	1800,0	500,0	400,0	150,0	150,0	50,0	50,0	0,0	50,0	0,0	0,0	20,0	30,0
14.08.2025 14:37:47	3700,0	2550,0	1500,0	1050,0	400,0	100,0	50,0	100,0	50,0	0,0	50,0	0,0	0,0	70,0	30,0
14.08.2025 14:37:53	4550,0	2350,0	1250,0	950,0	400,0	100,0	50,0	100,0	0,0	0,0	50,0	0,0	0,0	0,0	0,0
14.08.2025 14:37:59	3050,0	1700,0	2000,0	750,0	400,0	100,0	250,0	150,0	50,0	0,0	0,0	0,0	0,0	50,0	50,0
14.08.2025 14:38:05	3600,0	2250,0	1100,0	1050,0	350,0	200,0	0,0	150,0	0,0	0,0	0,0	0,0	50,0	40,0	10,0
14.08.2025 14:38:11	3650,0	2650,0	900,0	1000,0	300,0	200,0	200,0	100,0	0,0	0,0	0,0	0,0	0,0	0,0	0,0
14.08.2025 14:38:17	3050,0	2050,0	1400,0	800,0	250,0	50,0	200,0	100,0	100,0	0,0	50,0	0,0	50,0	0,0	0,0
14.08.2025 14:38:23	3600,0	2900,0	1350,0	700,0	100,0	100,0	150,0	50,0	0,0	100,0	0,0	0,0	0,0	0,0	0,0
14.08.2025 14:38:29	3700,0	1750,0	1050,0	900,0	300,0	50,0	50,0	50,0	0,0	0,0	0,0	0,0	0,0	0,0	0,0
14.08.2025 14:38:35	3350,0	1850,0	1200,0	350,0	100,0	0,0	50,0	150,0	50,0	0,0	100,0	0,0	0,0	0,0	0,0
14.08.2025 14:38:41	3500,0	1950,0	1600,0	650,0	300,0	100,0	100,0	100,0	0,0	0,0	0,0	0,0	0,0	0,0	0,0
14.08.2025 14:38:47	2650,0	2650,0	1800,0	450,0	150,0	100,0	50,0	100,0	50,0	0,0	0,0	0,0	0,0	70,0	30,0
14.08.2025 14:38:53	3400,0	1750,0	900,0	500,0	400,0	200,0	50,0	100,0	0,0	0,0	0,0	0,0	0,0	10,0	40,0
14.08.2025 14:38:59	2900,0	2050,0	1100,0	400,0	400,0	150,0	100,0	50,0	0,0	0,0	0,0	0,0	0,0	10,0	40,0
14.08.2025 14:39:05	2450,0	2000,0	1300,0	700,0	50,0	100,0	50,0	50,0	0,0	0,0	50,0	0,0	50,0	0,0	0,0
14.08.2025 14:39:11	3150,0	1750,0	1400,0	800,0	300,0	300,0	50,0	150,0	0,0	0,0	0,0	0,0	0,0	80,0	20,0
14.08.2025 14:39:17	2800,0	1650,0	1000,0	900,0	300,0	100,0	0,0	100,0	0,0	0,0	0,0	0,0	0,0	0,0	0,0
14.08.2025 14:39:23	2050,0	1450,0	850,0	650,0	300,0	100,0	100,0	50,0	0,0	0,0	0,0	0,0	0,0	0,0	0,0
14.08.2025 14:39:29	2500,0	1350,0	1150,0	750,0	150,0	0,0	250,0	50,0	0,0	0,0	0,0	0,0	0,0	30,0	20,0
14.08.2025 14:39:35	2250,0	1500,0	1500,0	350,0	150,0	50,0	150,0	0,0	0,0	0,0	50,0	0,0	0,0	60,0	40,0
14.08.2025 14:39:41	2300,0	1600,0	1250,0	750,0	0,0	100,0	50,0	50,0	0,0	0,0	0,0	0,0	0,0	0,0	0,0
14.08.2025 14:39:47	2500,0	1550,0	850,0	500,0	150,0	50,0	100,0	50,0	0,0	100,0	0,0	0,0	0,0	0,0	0,0
14.08.2025 14:39:53	2100,0	1300,0	900,0	700,0	200,0	50,0	50,0	0,0	100,0	0,0	0,0	0,0	100,0	0,0	0,0
14.08.2025 14:39:59	2200,0	2000,0	850,0	650,0	100,0	100,0	0,0	0,0	0,0	0,0	0,0	0,0	0,0	0,0	0,0
14.08.2025 14:40:05	2300,0	1350,0	950,0	450,0	200,0	100,0	50,0	300,0	0,0	0,0	50,0	0,0	50,0	100,0	50,0
14.08.2025 14:40:11	1900,0	1350,0	900,0	800,0	350,0	150,0	100,0	0,0	50,0	0,0	0,0	0,0	0,0	0,0	0,0
14.08.2025 14:40:17	2700,0	1650,0	1100,0	700,0	150,0	50,0	0,0	50,0	0,0	0,0	0,0	0,0	0,0	50,0	50,0
14.08.2025 14:40:23	1450,0	1250,0	850,0	300,0	50,0	100,0	50,0	0,0	0,0	50,0	0,0	0,0	0,0	0,0	0,0
14.08.2025 14:40:29	2200,0	2000,0	1150,0	300,0	450,0	50,0	50,0	50,0	0,0	0,0	0,0	0,0	0,0	0,0	0,0
14.08.2025 14:40:35	2300,0	1050,0	750,0	350,0	100,0	50,0	100,0	50,0	0,0	0,0	0,0	0,0	0,0	40,0	10,0
14.08.2025 14:40:41	2550,0	1650,0	1150,0	500,0	200,0	0,0	50,0	50,0	0,0	100,0	0,0	0,0	0,0	0,0	0,0
14.08.2025 14:40:47	1950,0	1400,0	850,0	300,0	100,0	0,0	0,0	50,0	0,0	0,0	0,0	0,0	0,0	0,0	0,0
14.08.2025 14:40:53	2300,0	900,0	650,0	200,0	200,0	0,0	100,0	0,0	0,0	0,0	0,0	0,0	0,0	40,0	60,0
14.08.2025 14:40:59	1700,0	1350,0	1000,0	350,0	50,0	250,0	150,0	0,0	0,0	0,0	0,0	0,0	0,0	0,0	0,0
14.08.2025 14:41:05	1600,0	1800,0	850,0	500,0	50,0	0,0	0,0	0,0	0,0	0,0	0,0	0,0	100,0	0,0	0,0
14.08.2025 14:41:11	1400,0	700,0	900,0	650,0	100,0	100,0	100,0	0,0	0,0	0,0	50,0	50,0	100,0	0,0	0,0
14.08.2025 14:41:17	2250,0	1250,0	500,0	500,0	200,0	0,0	100,0	0,0	0,0	0,0	0,0	0,0	0,0	20,0	30,0
14.08.2025 14:41:23	2050,0	1100,0	850,0	550,0	250,0	50,0	50,0	50,0	50,0	50,0	0,0	0,0	0,0	30,0	20,0
14.08.2025 14:41:29	2300,0	1300,0	1200,0	450,0	200,0	100,0	50,0	50,0	0,0	0,0	0,0	0,0	50,0	0,0	0,0
14.08.2025 14:41:35	2400,0	1850,0	950,0	550,0	200,0	50,0	50,0	0,0	50,0	0,0	0,0	0,0	0,0	0,0	0,0
14.08.2025 14:41:41	2000,0	1500,0	900,0	350,0	100,0	0,0	50,0	0,0	0,0	0,0	0,0	0,0	0,0	0,0	0,0
14.08.2025 14:41:47	2200,0	1600,0	750,0	450,0	50,0	100,0	50,0	100,0	0,0	0,0	0,0	0,0	0,0	0,0	0,0
14.08.2025 14:41:53	2600,0	1050,0	1050,0	500,0	200,0	0,0	50,0	150,0	0,0	0,0	50,0	0,0	0,0	20,0	30,0
14.08.2025 14:41:59	3250,0	2050,0	850,0	650,0	200,0	150,0	0,0	50,0	0,0	0,0	0,0	0,0	0,0	40,0	60,0
14.08.2025 14:42:05	3100,0	1650,0	1250,0	850,0	200,0	50,0	150,0	150,0	50,0	0,0	0,0	0,0	0,0	0,0	0,0
14.08.2025 14:42:11	2350,0	1350,0	1400,0	500,0	200,0	50,0	100,0	50,0	50,0	0,0	0,0	0,0	0,0	0,0	0,0
14.08.2025 14:42:17	2600,0	1600,0	1050,0	700,0	150,0	150,0	100,0	50,0	0,0	0,0	0,0	0,0	0,0	30,0	20,0
14.08.2025 14:42:23	3050,0	1750,0	1300,0	900,0	100,0	50,0	100,0	0,0	0,0	0,0	50,0	0,0	0,0	0,0	0,0
14.08.2025 14:42:29	2650,0	1550,0	950,0	500,0	300,0	0,0	100,0	50,0	50,0	50,0	0,0	0,0	0,0	10,0	40,0
14.08.2025 14:42:35	2700,0	1300,0	1000,0	400,0	300,0	100,0	250,0	0,0	50,0	0,0	50,0	0,0	0,0	0,0	0,0
14.08.2025 14:42:41	3050,0	1350,0	900,0	400,0	250,0	150,0	100,0	0,0	0,0	0,0	0,0	0,0	0,0	40,0	60,0
14.08.2025 14:42:47	2450,0	1800,0	400,0	600,0	450,0	0,0	150,0	100,0	0,0	0,0	0,0	50,0	0,0	20,0	30,0
14.08.2025 14:42:53	1900,0	1600,0	650,0	400,0	350,0	0,0	100,0	0,0	100,0	0,0	50,0	0,0	0,0	20,0	30,0
14.08.2025 14:42:59	2350,0	1800,0	950,0	700,0	400,0	0,0	50,0	200,0	0,0	0,0	0,0	0,0	0,0	50,0	50,0
14.08.2025 14:43:05	2000,0	1750,0	1050,0	500,0	200,0	50,0	0,0	100,0	50,0	0,0	50,0	0,0	0,0	20,0	30,0
14.08.2025 14:43:11	2000,0	1300,0	350,0	700,0	200,0	100,0	150,0	50,0	0,0	50,0	0,0	0,0	0,0	0,0	0,0
14.08.2025 14:43:17	2350,0	1450,0	750,0	100,0	150,0	250,0	0,0	150,0	0,0	0,0	0,0	0,0	0,0	20,0	30,0
14.08.2025 14:43:23	2500,0	1600,0	750,0	700,0	200,0	0,0	50,0	50,0	50,0	0,0	0,0	0,0	0,0	10,0	40,0
14.08.2025 14:43:29	2550,0	1600,0	750,0	400,0	100,0	100,0	50,0	100,0	0,0	50,0	0,0	0,0	0,0	0,0	0,0
14.08.2025 14:43:35	1950,0	1300,0	750,0	300,0	150,0	100,0	0,0	150,0	0,0	0,0	50,0	0,0	0,0	0,0	0,0
14.08.2025 14:43:41	1750,0	1150,0	950,0	450,0	0,0	0,0	50,0	100,0	0,0	0,0	50,0	0,0	0,0	50,0	0,0
14.08.2025 14:43:47	2450,0	1050,0	1000,0	400,0	150,0	0,0	50,0	100,0	0,0	0,0	0,0	0,0	50,0	10,0	40,0
14.08.2025 14:43:53	1700,0	1450,0	600,0	150,0	350,0	100,0	100,0	0,0	100,0	0,0	0,0	0,0	0,0	0,0	0,0
14.08.2025 14:43:59	1400,0	1100,0	850,0	450,0	0,0	150,0	50,0	0,0	0,0	0,0	0,0	0,0	0,0	0,0	0,0
14.08.2025 14:44:05	2250,0	1350,0	750,0	250,0	150,0	0,0	150,0	0,0	0,0	50,0	0,0	0,0	0,0	0,0	0,0
14.08.2025 14:44:11	2300,0	1050,0	700,0	650,0	300,0	50,0	50,0	0,0	0,0	0,0	50,0	0,0	0,0	40,0	60,0
14.08.2025 14:44:17	1650,0	1100,0	900,0	400,0	250,0	100,0	100,0	0,0	0,0	0,0	0,0	0,0	0,0	0,0	0,0
14.08.2025 14:44:23	1700,0	1050,0	550,0	450,0	50,0	0,0	0,0	0,0	0,0	100,0	50,0	0,0	0,0	0,0	0,0
14.08.2025 14:44:29	1500,0	1200,0	500,0	600,0	350,0	50,0	50,0	50,0	0,0	0,0	0,0	0,0	50,0	0,0	0,0
14.08.2025 14:44:35	1650,0	1100,0	450,0	650,0	250,0	0,0	0,0	50,0	50,0	0,0	0,0	0,0	0,0	0,0	0,0
14.08.2025 14:44:41	1850,0	1200,0	400,0	300,0	150,0	100,0	100,0	0,0	0,0	50,0	0,0	0,0	0,0	0,0	0,0
14.08.2025 14:44:47	1750,0	750,0	800,0	450,0	300,0	50,0	0,0	50,0	0,0	0,0	50,0	0,0	50,0	20,0	30,0
14.08.2025 14:44:53	1100,0	1000,0	850,0	550,0	150,0	100,0	0,0	100,0	100,0	100,0	0,0	0,0	50,0	0,0	0,0
14.08.2025 14:44:59	1750,0	1400,0	850,0	400,0	150,0	50,0	50,0	100,0	50,0	0,0	0,0	0,0	0,0	0,0	0,0
14.08.2025 14:45:05	1050,0	1000,0	300,0	450,0	0,0	50,0	0,0	0,0	0,0	0,0	0,0	0,0	0,0	0,0	0,0
14.08.2025 14:45:11	1300,0	900,0	700,0	400,0	50,0	100,0	50,0	0,0	0,0	0,0	50,0	0,0	50,0	0,0	0,0
14.08.2025 14:45:17	1750,0	800,0	600,0	100,0	200,0	0,0	50,0	50,0	0,0	0,0	0,0	0,0	0,0	70,0	30,0
14.08.2025 14:45:23	950,0	950,0	800,0	250,0	100,0	50,0	0,0	0,0	0,0	50,0	0,0	0,0	0,0	0,0	0,0
14.08.2025 14:45:29	1100,0	950,0	650,0	400,0	200,0	100,0	50,0	0,0	0,0	0,0	0,0	0,0	0,0	0,0	0,0
14.08.2025 14:45:35	1200,0	1250,0	100,0	200,0	200,0	0,0	100,0	50,0	0,0	0,0	0,0	0,0	0,0	0,0	0,0
14.08.2025 14:45:41	1300,0	850,0	500,0	400,0	50,0	150,0	0,0	50,0	0,0	50,0	0,0	0,0	0,0	50,0	0,0
14.08.2025 14:45:47	1300,0	750,0	450,0	250,0	100,0	100,0	50,0	0,0	50,0	0,0	0,0	100,0	0,0	20,0	30,0
14.08.2025 14:45:53	1300,0	550,0	900,0	500,0	150,0	0,0	50,0	0,0	0,0	0,0	0,0	50,0	0,0	60,0	40,0
14.08.2025 14:45:59	1800,0	950,0	650,0	500,0	0,0	50,0	100,0	0,0	0,0	0,0	0,0	0,0	50,0	20,0	30,0
14.08.2025 14:46:05	1900,0	700,0	700,0	350,0	50,0	50,0	0,0	0,0	0,0	50,0	0,0	0,0	50,0	0,0	0,0
14.08.2025 14:46:11	950,0	1200,0	450,0	250,0	0,0	50,0	50,0	0,0	50,0	50,0	50,0	0,0	0,0	0,0	0,0
14.08.2025 14:46:17	1000,0	500,0	450,0	400,0	150,0	100,0	0,0	0,0	0,0	0,0	0,0	0,0	0,0	0,0	0,0
14.08.2025 14:46:23	1350,0	550,0	400,0	150,0	0,0	100,0	0,0	0,0	0,0	0,0	100,0	0,0	0,0	20,0	30,0
14.08.2025 14:46:29	850,0	350,0	250,0	300,0	0,0	0,0	50,0	0,0	0,0	0,0	0,0	0,0	0,0	10,0	40,0
14.08.2025 14:46:35	1200,0	1050,0	450,0	250,0	50,0	100,0	100,0	50,0	0,0	150,0	0,0	0,0	0,0	50,0	50,0
14.08.2025 14:46:41	1250,0	650,0	550,0	250,0	50,0	50,0	0,0	0,0	50,0	0,0	0,0	0,0	50,0	0,0	0,0
14.08.2025 14:46:47	1200,0	750,0	650,0	100,0	150,0	0,0	0,0	0,0	0,0	0,0	50,0	0,0	50,0	40,0	10,0
14.08.2025 14:46:53	950,0	750,0	500,0	250,0	0,0	100,0	100,0	50,0	0,0	50,0	0,0	0,0	0,0	0,0	0,0
14.08.2025 14:46:59	750,0	450,0	350,0	250,0	100,0	0,0	100,0	50,0	0,0	0,0	0,0	0,0	50,0	0,0	0,0
14.08.2025 14:47:05	1100,0	550,0	400,0	300,0	150,0	100,0	0,0	50,0	0,0	0,0	100,0	0,0	0,0	10,0	40,0
14.08.2025 14:47:11	1000,0	700,0	250,0	200,0	50,0	0,0	50,0	0,0	0,0	0,0	0,0	0,0	0,0	50,0	0,0
14.08.2025 14:47:17	700,0	500,0	550,0	200,0	150,0	100,0	0,0	50,0	100,0	0,0	0,0	0,0	0,0	20,0	30,0
14.08.2025 14:47:23	700,0	500,0	300,0	250,0	50,0	50,0	100,0	0,0	0,0	0,0	100,0	0,0	0,0	0,0	0,0
14.08.2025 14:47:29	1350,0	550,0	400,0	200,0	50,0	0,0	50,0	0,0	0,0	0,0	0,0	0,0	0,0	0,0	0,0
14.08.2025 14:47:35	650,0	550,0	400,0	150,0	150,0	0,0	0,0	0,0	0,0	0,0	0,0	0,0	0,0	50,0	0,0
14.08.2025 14:47:41	1000,0	450,0	550,0	150,0	50,0	0,0	100,0	200,0	0,0	50,0	0,0	0,0	0,0	20,0	30,0
14.08.2025 14:47:47	950,0	750,0	200,0	250,0	50,0	50,0	50,0	100,0	0,0	50,0	0,0	0,0	0,0	10,0	40,0
14.08.2025 14:47:53	1250,0	300,0	300,0	250,0	50,0	100,0	0,0	50,0	0,0	50,0	0,0	0,0	50,0	0,0	0,0
14.08.2025 14:47:59	1300,0	1250,0	1250,0	100,0	150,0	0,0	50,0	50,0	0,0	0,0	0,0	0,0	0,0	60,0	90,0
14.08.2025 14:48:05	550,0	450,0	300,0	400,0	100,0	50,0	50,0	100,0	0,0	0,0	50,0	0,0	0,0	40,0	60,0
14.08.2025 14:48:11	750,0	650,0	550,0	150,0	100,0	50,0	100,0	0,0	0,0	0,0	0,0	0,0	50,0	0,0	0,0
14.08.2025 14:48:17	1100,0	500,0	150,0	100,0	150,0	0,0	0,0	0,0	0,0	0,0	0,0	0,0	0,0	0,0	0,0
14.08.2025 14:48:23	850,0	400,0	150,0	50,0	50,0	50,0	100,0	100,0	50,0	0,0	0,0	0,0	50,0	0,0	0,0
14.08.2025 14:48:29	1000,0	450,0	300,0	250,0	0,0	50,0	0,0	50,0	0,0	0,0	50,0	50,0	50,0	10,0	40,0
14.08.2025 14:48:35	900,0	400,0	400,0	400,0	100,0	50,0	250,0	50,0	50,0	0,0	0,0	0,0	50,0	70,0	80,0
14.08.2025 14:48:41	850,0	400,0	350,0	250,0	50,0	0,0	0,0	0,0	0,0	0,0	0,0	0,0	0,0	0,0	0,0
14.08.2025 14:48:47	450,0	650,0	150,0	350,0	50,0	50,0	50,0	0,0	0,0	0,0	0,0	50,0	0,0	0,0	0,0
14.08.2025 14:48:53	1050,0	400,0	250,0	100,0	200,0	0,0	50,0	50,0	50,0	0,0	50,0	0,0	0,0	0,0	0,0
14.08.2025 14:48:59	1200,0	400,0	350,0	150,0	200,0	0,0	50,0	0,0	0,0	0,0	0,0	0,0	100,0	0,0	50,0
14.08.2025 14:49:05	750,0	600,0	350,0	150,0	50,0	50,0	50,0	0,0	0,0	0,0	50,0	0,0	0,0	0,0	50,0
14.08.2025 14:49:11	500,0	250,0	550,0	400,0	150,0	150,0	0,0	50,0	50,0	0,0	0,0	0,0	0,0	0,0	0,0
14.08.2025 14:49:17	600,0	450,0	100,0	100,0	200,0	50,0	0,0	0,0	0,0	0,0	50,0	0,0	0,0	0,0	0,0
14.08.2025 14:49:23	850,0	300,0	150,0	300,0	50,0	0,0	0,0	0,0	0,0	50,0	0,0	0,0	0,0	0,0	0,0
14.08.2025 14:49:29	450,0	400,0	250,0	200,0	150,0	50,0	0,0	50,0	0,0	50,0	0,0	0,0	0,0	0,0	0,0
14.08.2025 14:49:35	600,0	850,0	350,0	250,0	50,0	50,0	50,0	50,0	0,0	0,0	50,0	50,0	0,0	30,0	20,0
14.08.2025 14:49:41	850,0	350,0	200,0	100,0	0,0	0,0	50,0	0,0	0,0	0,0	0,0	0,0	0,0	10,0	40,0
14.08.2025 14:49:47	800,0	500,0	350,0	150,0	100,0	50,0	0,0	50,0	0,0	0,0	0,0	0,0	0,0	10,0	40,0
14.08.2025 14:49:53	500,0	500,0	350,0	250,0	100,0	100,0	0,0	0,0	0,0	0,0	0,0	0,0	0,0	10,0	40,0
14.08.2025 14:49:59	450,0	250,0	250,0	0,0	50,0	0,0	0,0	0,0	0,0	0,0	0,0	0,0	0,0	0,0	0,0
14.08.2025 14:50:05	400,0	350,0	250,0	100,0	50,0	0,0	0,0	0,0	0,0	0,0	0,0	0,0	0,0	0,0	0,0
14.08.2025 14:50:11	750,0	600,0	150,0	150,0	100,0	0,0	100,0	0,0	0,0	0,0	0,0	0,0	0,0	30,0	20,0
14.08.2025 14:50:17	450,0	250,0	200,0	250,0	50,0	50,0	50,0	0,0	50,0	0,0	0,0	0,0	0,0	20,0	30,0
14.08.2025 14:50:23	350,0	500,0	150,0	50,0	50,0	0,0	50,0	0,0	0,0	0,0	0,0	0,0	0,0	0,0	0,0
14.08.2025 14:50:29	450,0	250,0	350,0	200,0	0,0	100,0	0,0	50,0	100,0	50,0	0,0	0,0	0,0	60,0	90,0
14.08.2025 14:50:35	600,0	250,0	200,0	100,0	50,0	50,0	0,0	50,0	0,0	0,0	0,0	0,0	0,0	0,0	0,0
14.08.2025 14:50:41	750,0	600,0	400,0	200,0	0,0	50,0	50,0	0,0	0,0	50,0	0,0	0,0	0,0	0,0	0,0
14.08.2025 14:50:47	400,0	750,0	200,0	50,0	0,0	0,0	0,0	0,0	0,0	0,0	0,0	0,0	50,0	0,0	0,0
14.08.2025 14:50:53	700,0	250,0	300,0	100,0	0,0	0,0	0,0	50,0	0,0	0,0	0,0	0,0	0,0	20,0	30,0
14.08.2025 14:50:59	550,0	450,0	100,0	200,0	50,0	100,0	50,0	50,0	0,0	0,0	100,0	0,0	0,0	10,0	40,0
14.08.2025 14:51:05	550,0	250,0	250,0	250,0	0,0	0,0	0,0	0,0	0,0	0,0	50,0	0,0	50,0	0,0	0,0
14.08.2025 14:51:11	450,0	350,0	250,0	200,0	50,0	0,0	50,0	0,0	0,0	0,0	0,0	0,0	0,0	0,0	0,0
14.08.2025 14:51:17	950,0	350,0	250,0	0,0	0,0	0,0	0,0	0,0	0,0	0,0	0,0	0,0	0,0	70,0	80,0
14.08.2025 14:51:23	600,0	200,0	150,0	200,0	100,0	0,0	50,0	50,0	0,0	0,0	0,0	0,0	0,0	0,0	0,0
14.08.2025 14:51:29	350,0	350,0	150,0	150,0	50,0	0,0	0,0	0,0	0,0	0,0	0,0	0,0	0,0	0,0	0,0
14.08.2025 14:51:35	650,0	250,0	300,0	100,0	0,0	0,0	0,0	0,0	100,0	50,0	0,0	0,0	0,0	0,0	0,0
14.08.2025 14:51:41	700,0	500,0	150,0	300,0	50,0	0,0	0,0	0,0	0,0	50,0	0,0	0,0	0,0	50,0	0,0
14.08.2025 14:51:47	700,0	450,0	200,0	150,0	0,0	150,0	0,0	0,0	0,0	0,0	0,0	0,0	50,0	0,0	0,0
14.08.2025 14:51:53	600,0	350,0	300,0	100,0	0,0	0,0	0,0	0,0	0,0	0,0	0,0	0,0	0,0	20,0	30,0
14.08.2025 14:51:59	550,0	550,0	100,0	100,0	50,0	0,0	0,0	0,0	0,0	0,0	0,0	0,0	0,0	0,0	0,0
14.08.2025 14:52:05	700,0	250,0	150,0	150,0	50,0	0,0	50,0	0,0	0,0	0,0	0,0	0,0	0,0	0,0	0,0
14.08.2025 14:52:11	500,0	450,0	300,0	50,0	150,0	0,0	100,0	0,0	0,0	0,0	0,0	0,0	0,0	0,0	0,0
14.08.2025 14:52:17	600,0	150,0	250,0	150,0	50,0	0,0	0,0	0,0	0,0	0,0	0,0	0,0	0,0	0,0	0,0
14.08.2025 14:52:23	650,0	250,0	50,0	100,0	50,0	0,0	0,0	0,0	50,0	0,0	0,0	0,0	0,0	0,0	0,0
14.08.2025 14:52:29	550,0	100,0	300,0	100,0	50,0	0,0	0,0	0,0	0,0	0,0	50,0	0,0	0,0	0,0	0,0
14.08.2025 14:52:35	550,0	200,0	250,0	100,0	100,0	0,0	0,0	0,0	0,0	0,0	0,0	0,0	0,0	0,0	0,0
14.08.2025 14:52:41	500,0	250,0	250,0	250,0	0,0	50,0	100,0	50,0	0,0	0,0	0,0	0,0	0,0	50,0	50,0
14.08.2025 14:52:47	650,0	300,0	250,0	300,0	0,0	50,0	50,0	0,0	0,0	0,0	0,0	0,0	0,0	20,0	30,0
14.08.2025 14:52:53	500,0	300,0	150,0	200,0	100,0	0,0	50,0	50,0	0,0	0,0	0,0	0,0	0,0	50,0	50,0
14.08.2025 14:52:59	1100,0	300,0	150,0	250,0	100,0	0,0	0,0	50,0	0,0	0,0	0,0	0,0	50,0	50,0	50,0
14.08.2025 14:53:05	500,0	150,0	150,0	100,0	50,0	0,0	0,0	0,0	0,0	0,0	0,0	0,0	0,0	0,0	0,0
14.08.2025 14:53:11	400,0	50,0	150,0	200,0	0,0	0,0	50,0	0,0	0,0	0,0	0,0	0,0	0,0	0,0	0,0
14.08.2025 14:53:17	400,0	300,0	150,0	200,0	0,0	0,0	0,0	0,0	0,0	0,0	0,0	0,0	0,0	20,0	30,0
14.08.2025 14:53:23	450,0	200,0	150,0	100,0	50,0	0,0	0,0	100,0	0,0	0,0	0,0	0,0	0,0	0,0	0,0
14.08.2025 14:53:29	650,0	500,0	200,0	100,0	0,0	0,0	50,0	0,0	0,0	0,0	0,0	0,0	0,0	0,0	0,0
14.08.2025 14:53:35	550,0	400,0	200,0	150,0	50,0	100,0	0,0	0,0	0,0	0,0	0,0	0,0	0,0	0,0	0,0
14.08.2025 14:53:41	500,0	250,0	200,0	100,0	100,0	0,0	50,0	0,0	0,0	0,0	0,0	0,0	0,0	0,0	0,0
14.08.2025 14:53:47	200,0	350,0	50,0	50,0	0,0	0,0	50,0	0,0	0,0	0,0	0,0	0,0	0,0	0,0	0,0
14.08.2025 14:53:53	700,0	300,0	50,0	100,0	0,0	0,0	50,0	0,0	0,0	0,0	0,0	0,0	50,0	30,0	20,0
14.08.2025 14:53:59	700,0	350,0	250,0	50,0	50,0	0,0	0,0	0,0	0,0	0,0	0,0	0,0	0,0	50,0	0,0
14.08.2025 14:54:05	400,0	200,0	250,0	50,0	0,0	0,0	0,0	0,0	0,0	0,0	0,0	0,0	0,0	0,0	0,0
14.08.2025 14:54:11	300,0	150,0	50,0	50,0	0,0	0,0	0,0	0,0	0,0	0,0	0,0	0,0	0,0	0,0	0,0
14.08.2025 14:54:17	650,0	500,0	200,0	100,0	0,0	50,0	0,0	0,0	0,0	0,0	0,0	0,0	0,0	0,0	0,0
14.08.2025 14:54:23	400,0	200,0	200,0	250,0	50,0	0,0	0,0	0,0	0,0	0,0	0,0	0,0	50,0	0,0	0,0
14.08.2025 14:54:29	350,0	100,0	250,0	50,0	50,0	0,0	50,0	100,0	0,0	50,0	0,0	0,0	0,0	0,0	0,0
14.08.2025 14:54:35	600,0	250,0	150,0	50,0	50,0	0,0	0,0	0,0	0,0	0,0	0,0	0,0	0,0	0,0	0,0
14.08.2025 14:54:41	450,0	250,0	150,0	100,0	0,0	0,0	0,0	0,0	0,0	0,0	0,0	0,0	0,0	0,0	0,0
14.08.2025 14:54:47	700,0	50,0	50,0	50,0	0,0	50,0	0,0	0,0	0,0	0,0	0,0	0,0	0,0	20,0	30,0
14.08.2025 14:54:53	200,0	150,0	100,0	150,0	0,0	0,0	0,0	0,0	0,0	0,0	0,0	0,0	0,0	0,0	0,0
14.08.2025 14:54:59	350,0	200,0	150,0	200,0	0,0	0,0	150,0	100,0	0,0	0,0	0,0	0,0	0,0	80,0	70,0
14.08.2025 14:55:05	250,0	200,0	200,0	50,0	50,0	100,0	50,0	0,0	0,0	0,0	0,0	0,0	50,0	0,0	0,0
14.08.2025 14:55:11	500,0	250,0	100,0	150,0	100,0	100,0	0,0	50,0	0,0	0,0	0,0	0,0	0,0	30,0	20,0
14.08.2025 14:55:17	300,0	200,0	250,0	150,0	50,0	50,0	0,0	0,0	0,0	0,0	0,0	0,0	0,0	0,0	0,0
14.08.2025 14:55:23	350,0	300,0	150,0	50,0	50,0	0,0	50,0	0,0	0,0	0,0	100,0	0,0	0,0	100,0	0,0
14.08.2025 14:55:29	350,0	0,0	100,0	100,0	0,0	0,0	0,0	0,0	50,0	0,0	0,0	0,0	0,0	0,0	0,0
14.08.2025 14:55:35	100,0	350,0	150,0	100,0	50,0	0,0	50,0	100,0	50,0	0,0	0,0	0,0	0,0	0,0	0,0
14.08.2025 14:55:41	300,0	100,0	100,0	300,0	50,0	0,0	50,0	0,0	0,0	0,0	0,0	0,0	0,0	0,0	0,0
14.08.2025 14:55:47	550,0	150,0	150,0	100,0	0,0	0,0	0,0	0,0	0,0	0,0	0,0	0,0	50,0	0,0	0,0
14.08.2025 14:55:53	400,0	50,0	150,0	100,0	0,0	0,0	0,0	50,0	0,0	0,0	0,0	0,0	0,0	40,0	10,0
14.08.2025 14:55:59	300,0	200,0	450,0	300,0	150,0	100,0	50,0	50,0	0,0	50,0	50,0	0,0	0,0	70,0	80,0
14.08.2025 14:56:05	300,0	300,0	50,0	250,0	0,0	0,0	0,0	0,0	0,0	100,0	0,0	0,0	0,0	0,0	0,0
14.08.2025 14:56:11	150,0	150,0	50,0	100,0	0,0	100,0	0,0	0,0	0,0	0,0	0,0	0,0	0,0	0,0	0,0
14.08.2025 14:56:17	200,0	250,0	100,0	50,0	0,0	0,0	100,0	0,0	0,0	0,0	0,0	0,0	0,0	90,0	60,0
14.08.2025 14:56:23	300,0	300,0	50,0	200,0	0,0	0,0	0,0	50,0	50,0	50,0	50,0	0,0	0,0	90,0	60,0
14.08.2025 14:56:29	400,0	300,0	0,0	100,0	50,0	0,0	0,0	50,0	0,0	0,0	0,0	0,0	0,0	40,0	10,0
14.08.2025 14:56:35	400,0	250,0	50,0	50,0	100,0	50,0	0,0	0,0	0,0	0,0	0,0	0,0	0,0	10,0	40,0
14.08.2025 14:56:41	450,0	100,0	200,0	100,0	50,0	0,0	0,0	0,0	100,0	0,0	0,0	0,0	0,0	10,0	40,0
14.08.2025 14:56:47	700,0	400,0	50,0	100,0	50,0	100,0	0,0	0,0	50,0	100,0	0,0	0,0	0,0	50,0	50,0
14.08.2025 14:56:53	1100,0	650,0	200,0	0,0	50,0	0,0	50,0	50,0	50,0	50,0	0,0	0,0	0,0	10,0	90,0
14.08.2025 14:56:59	300,0	350,0	0,0	0,0	50,0	0,0	0,0	50,0	0,0	0,0	0,0	0,0	0,0	0,0	50,0
14.08.2025 14:57:05	350,0	50,0	250,0	0,0	0,0	50,0	0,0	0,0	0,0	0,0	0,0	0,0	50,0	0,0	0,0
14.08.2025 14:57:11	200,0	100,0	50,0	100,0	0,0	0,0	50,0	0,0	0,0	0,0	50,0	0,0	0,0	0,0	0,0
14.08.2025 14:57:17	300,0	300,0	0,0	100,0	0,0	0,0	0,0	50,0	50,0	50,0	0,0	0,0	0,0	0,0	0,0
14.08.2025 14:57:23	900,0	650,0	350,0	150,0	200,0	100,0	50,0	200,0	0,0	0,0	0,0	0,0	50,0	170,0	130,0
14.08.2025 14:57:29	500,0	100,0	150,0	50,0	0,0	50,0	100,0	100,0	0,0	0,0	0,0	0,0	0,0	20,0	30,0
14.08.2025 14:57:35	450,0	250,0	150,0	50,0	0,0	0,0	0,0	50,0	50,0	0,0	50,0	0,0	0,0	30,0	20,0
14.08.2025 14:57:41	300,0	250,0	150,0	50,0	50,0	100,0	0,0	0,0	0,0	0,0	0,0	0,0	0,0	20,0	30,0
14.08.2025 14:57:47	50,0	500,0	150,0	100,0	200,0	0,0	100,0	0,0	0,0	0,0	0,0	0,0	0,0	10,0	40,0
14.08.2025 14:57:53	500,0	350,0	100,0	100,0	100,0	0,0	50,0	0,0	0,0	0,0	0,0	50,0	0,0	20,0	30,0
14.08.2025 14:57:59	550,0	450,0	150,0	0,0	50,0	0,0	100,0	0,0	0,0	100,0	0,0	0,0	0,0	0,0	0,0
14.08.2025 14:58:05	700,0	100,0	100,0	50,0	50,0	0,0	0,0	0,0	0,0	0,0	0,0	0,0	0,0	70,0	30,0
14.08.2025 14:58:11	250,0	100,0	0,0	50,0	0,0	0,0	100,0	50,0	0,0	0,0	0,0	0,0	0,0	0,0	0,0
14.08.2025 14:58:17	250,0	150,0	200,0	50,0	50,0	0,0	0,0	0,0	0,0	0,0	0,0	50,0	0,0	0,0	50,0
14.08.2025 14:58:23	450,0	150,0	250,0	0,0	0,0	0,0	100,0	0,0	50,0	0,0	0,0	0,0	0,0	0,0	0,0
14.08.2025 14:58:29	400,0	300,0	100,0	100,0	50,0	0,0	50,0	0,0	0,0	0,0	0,0	0,0	0,0	0,0	0,0
14.08.2025 14:58:35	100,0	300,0	100,0	200,0	0,0	50,0	0,0	0,0	0,0	0,0	0,0	0,0	0,0	0,0	0,0
14.08.2025 14:58:41	600,0	200,0	50,0	150,0	50,0	50,0	0,0	0,0	50,0	0,0	0,0	0,0	0,0	0,0	0,0
14.08.2025 14:58:47	500,0	200,0	150,0	0,0	0,0	0,0	0,0	0,0	0,0	0,0	0,0	0,0	0,0	40,0	10,0
14.08.2025 14:58:53	400,0	350,0	150,0	50,0	50,0	0,0	50,0	0,0	0,0	0,0	0,0	0,0	0,0	0,0	0,0
14.08.2025 14:58:59	550,0	250,0	50,0	100,0	0,0	0,0	0,0	0,0	50,0	0,0	50,0	0,0	0,0	80,0	20,0
14.08.2025 14:59:05	1000,0	200,0	100,0	50,0	0,0	0,0	50,0	0,0	0,0	0,0	0,0	0,0	0,0	20,0	30,0
14.08.2025 14:59:11	500,0	200,0	150,0	0,0	0,0	0,0	0,0	0,0	0,0	0,0	0,0	0,0	50,0	40,0	10,0
14.08.2025 14:59:17	150,0	250,0	150,0	50,0	50,0	0,0	0,0	0,0	0,0	0,0	50,0	0,0	0,0	0,0	0,0
14.08.2025 14:59:23	200,0	100,0	100,0	150,0	200,0	0,0	0,0	0,0	0,0	0,0	0,0	0,0	0,0	0,0	0,0
14.08.2025 14:59:29	100,0	300,0	150,0	0,0	0,0	0,0	0,0	0,0	0,0	0,0	0,0	0,0	0,0	0,0	0,0
14.08.2025 14:59:35	350,0	150,0	100,0	150,0	0,0	50,0	0,0	0,0	0,0	0,0	0,0	0,0	0,0	0,0	0,0
14.08.2025 14:59:41	400,0	150,0	100,0	100,0	0,0	100,0	0,0	0,0	0,0	0,0	0,0	0,0	50,0	0,0	0,0
14.08.2025 14:59:47	300,0	300,0	150,0	250,0	0,0	0,0	0,0	0,0	0,0	0,0	0,0	0,0	0,0	0,0	0,0
14.08.2025 14:59:53	250,0	150,0	100,0	50,0	0,0	0,0	0,0	0,0	0,0	0,0	0,0	0,0	50,0	0,0	0,0
14.08.2025 14:59:59	700,0	400,0	50,0	50,0	50,0	0,0	50,0	0,0	0,0	0,0	0,0	0,0	0,0	10,0	40,0
14.08.2025 15:00:05	450,0	250,0	150,0	0,0	50,0	0,0	50,0	0,0	50,0	0,0	0,0	0,0	0,0	0,0	0,0
14.08.2025 15:00:11	200,0	200,0	150,0	0,0	0,0	50,0	0,0	0,0	0,0	0,0	0,0	0,0	0,0	0,0	0,0
14.08.2025 15:00:17	500,0	250,0	150,0	100,0	50,0	50,0	0,0	0,0	0,0	0,0	0,0	0,0	0,0	0,0	0,0
14.08.2025 15:00:23	350,0	450,0	100,0	150,0	200,0	100,0	0,0	50,0	0,0	0,0	50,0	0,0	0,0	90,0	60,0
14.08.2025 15:00:29	250,0	200,0	0,0	100,0	50,0	0,0	0,0	0,0	0,0	0,0	0,0	0,0	0,0	0,0	0,0
14.08.2025 15:00:35	600,0	350,0	300,0	50,0	50,0	0,0	0,0	0,0	0,0	0,0	0,0	0,0	0,0	20,0	30,0
14.08.2025 15:00:41	100,0	150,0	150,0	0,0	200,0	0,0	0,0	0,0	100,0	0,0	0,0	0,0	0,0	40,0	10,0
14.08.2025 15:00:47	300,0	50,0	200,0	150,0	0,0	50,0	0,0	50,0	0,0	0,0	0,0	0,0	0,0	0,0	0,0
14.08.2025 15:00:53	350,0	50,0	50,0	0,0	0,0	0,0	0,0	0,0	0,0	0,0	0,0	0,0	0,0	0,0	0,0
14.08.2025 15:00:59	200,0	150,0	150,0	0,0	50,0	0,0	0,0	0,0	0,0	0,0	0,0	0,0	0,0	0,0	0,0
14.08.2025 15:01:05	150,0	250,0	150,0	50,0	0,0	0,0	0,0	0,0	0,0	0,0	0,0	0,0	0,0	0,0	0,0
14.08.2025 15:01:11	550,0	300,0	250,0	200,0	50,0	50,0	0,0	50,0	0,0	0,0	0,0	0,0	0,0	30,0	20,0
14.08.2025 15:01:17	200,0	300,0	200,0	100,0	50,0	0,0	50,0	0,0	0,0	0,0	0,0	0,0	0,0	0,0	0,0
14.08.2025 15:01:23	300,0	250,0	250,0	100,0	0,0	0,0	0,0	0,0	0,0	0,0	0,0	0,0	0,0	0,0	0,0
14.08.2025 15:01:29	550,0	300,0	150,0	0,0	50,0	0,0	0,0	0,0	0,0	0,0	50,0	0,0	0,0	30,0	20,0
14.08.2025 15:01:35	250,0	350,0	100,0	100,0	0,0	50,0	0,0	50,0	0,0	0,0	0,0	0,0	0,0	0,0	0,0
14.08.2025 15:01:41	250,0	100,0	50,0	50,0	100,0	0,0	0,0	0,0	0,0	0,0	50,0	50,0	0,0	0,0	0,0
14.08.2025 15:01:47	400,0	400,0	200,0	50,0	0,0	0,0	0,0	0,0	0,0	0,0	0,0	0,0	0,0	0,0	0,0
14.08.2025 15:01:53	550,0	150,0	150,0	50,0	0,0	0,0	0,0	0,0	0,0	0,0	0,0	0,0	0,0	0,0	0,0
14.08.2025 15:01:59	150,0	300,0	0,0	0,0	0,0	50,0	50,0	0,0	50,0	0,0	50,0	0,0	0,0	0,0	0,0
14.08.2025 15:02:05	350,0	250,0	100,0	100,0	50,0	0,0	0,0	0,0	0,0	0,0	0,0	0,0	0,0	0,0	0,0
14.08.2025 15:02:11	950,0	100,0	250,0	250,0	100,0	0,0	0,0	0,0	0,0	0,0	0,0	0,0	0,0	10,0	40,0
14.08.2025 15:02:17	300,0	250,0	150,0	0,0	50,0	50,0	50,0	0,0	0,0	50,0	0,0	0,0	0,0	0,0	0,0
14.08.2025 15:02:23	250,0	100,0	50,0	50,0	50,0	50,0	50,0	0,0	0,0	0,0	0,0	50,0	0,0	50,0	0,0
14.08.2025 15:02:29	250,0	0,0	150,0	50,0	0,0	0,0	0,0	0,0	0,0	0,0	0,0	50,0	0,0	30,0	20,0
14.08.2025 15:02:35	550,0	350,0	150,0	100,0	0,0	0,0	0,0	0,0	0,0	50,0	0,0	0,0	0,0	0,0	0,0
14.08.2025 15:02:41	200,0	150,0	200,0	250,0	0,0	0,0	0,0	0,0	0,0	0,0	0,0	0,0	0,0	40,0	10,0
14.08.2025 15:02:47	600,0	150,0	0,0	100,0	0,0	0,0	0,0	0,0	0,0	0,0	0,0	0,0	0,0	0,0	0,0
14.08.2025 15:02:53	250,0	150,0	0,0	150,0	100,0	50,0	0,0	0,0	0,0	0,0	50,0	0,0	0,0	0,0	0,0
14.08.2025 15:02:59	500,0	50,0	100,0	50,0	100,0	0,0	0,0	0,0	0,0	0,0	0,0	0,0	0,0	0,0	0,0
14.08.2025 15:03:05	450,0	150,0	150,0	100,0	50,0	0,0	50,0	0,0	0,0	0,0	0,0	0,0	0,0	0,0	0,0
14.08.2025 15:03:11	350,0	100,0	100,0	50,0	0,0	0,0	0,0	50,0	0,0	0,0	0,0	0,0	0,0	0,0	0,0
14.08.2025 15:03:17	200,0	200,0	100,0	50,0	0,0	0,0	0,0	0,0	0,0	0,0	0,0	0,0	0,0	0,0	0,0
14.08.2025 15:03:23	350,0	200,0	50,0	100,0	0,0	0,0	0,0	0,0	0,0	0,0	0,0	0,0	0,0	0,0	0,0
14.08.2025 15:03:29	100,0	350,0	50,0	150,0	0,0	0,0	0,0	0,0	0,0	0,0	0,0	0,0	0,0	0,0	0,0
14.08.2025 15:03:35	100,0	50,0	150,0	0,0	100,0	0,0	0,0	0,0	0,0	0,0	50,0	0,0	0,0	0,0	0,0
14.08.2025 15:03:41	150,0	350,0	200,0	150,0	0,0	0,0	50,0	0,0	0,0	0,0	0,0	0,0	0,0	0,0	0,0
14.08.2025 15:03:47	350,0	0,0	0,0	0,0	0,0	0,0	0,0	0,0	0,0	0,0	0,0	0,0	0,0	0,0	0,0
14.08.2025 15:03:53	350,0	200,0	200,0	50,0	50,0	0,0	0,0	0,0	0,0	0,0	0,0	0,0	0,0	0,0	0,0
14.08.2025 15:03:59	300,0	150,0	50,0	0,0	0,0	0,0	0,0	0,0	0,0	0,0	0,0	0,0	0,0	0,0	0,0
14.08.2025 15:04:05	200,0	200,0	50,0	50,0	100,0	50,0	0,0	0,0	0,0	0,0	0,0	0,0	0,0	0,0	0,0
14.08.2025 15:04:11	250,0	350,0	100,0	100,0	0,0	0,0	0,0	0,0	0,0	0,0	0,0	0,0	0,0	0,0	0,0
14.08.2025 15:04:17	300,0	300,0	50,0	100,0	50,0	0,0	50,0	0,0	0,0	0,0	0,0	0,0	0,0	0,0	0,0
14.08.2025 15:04:23	250,0	150,0	50,0	100,0	50,0	0,0	0,0	0,0	0,0	0,0	0,0	50,0	0,0	0,0	0,0
14.08.2025 15:04:29	100,0	150,0	150,0	50,0	0,0	0,0	50,0	0,0	0,0	0,0	0,0	0,0	0,0	0,0	0,0
14.08.2025 15:04:35	200,0	50,0	50,0	100,0	50,0	0,0	0,0	0,0	0,0	0,0	0,0	0,0	0,0	0,0	0,0
14.08.2025 15:04:41	400,0	200,0	100,0	50,0	50,0	50,0	0,0	0,0	0,0	0,0	0,0	0,0	0,0	0,0	0,0
14.08.2025 15:04:47	350,0	250,0	100,0	0,0	100,0	50,0	0,0	0,0	0,0	50,0	0,0	0,0	0,0	80,0	20,0
14.08.2025 15:04:53	100,0	150,0	100,0	0,0	50,0	0,0	0,0	0,0	0,0	0,0	0,0	0,0	0,0	0,0	0,0
14.08.2025 15:04:59	250,0	250,0	150,0	150,0	50,0	0,0	100,0	50,0	0,0	0,0	0,0	0,0	0,0	30,0	20,0
14.08.2025 15:05:05	250,0	0,0	350,0	100,0	0,0	50,0	0,0	0,0	0,0	0,0	0,0	0,0	0,0	0,0	0,0
14.08.2025 15:05:11	150,0	150,0	100,0	100,0	0,0	50,0	0,0	0,0	0,0	0,0	0,0	0,0	0,0	0,0	0,0
14.08.2025 15:05:17	150,0	350,0	300,0	150,0	0,0	50,0	0,0	0,0	0,0	0,0	0,0	0,0	0,0	0,0	0,0
14.08.2025 15:05:23	300,0	100,0	50,0	50,0	0,0	0,0	0,0	0,0	0,0	0,0	0,0	0,0	0,0	0,0	0,0
14.08.2025 15:05:29	100,0	150,0	100,0	0,0	0,0	0,0	0,0	0,0	0,0	0,0	0,0	0,0	0,0	0,0	0,0
14.08.2025 15:05:35	200,0	50,0	50,0	50,0	50,0	0,0	0,0	0,0	0,0	0,0	0,0	0,0	0,0	0,0	0,0
14.08.2025 15:05:41	350,0	50,0	300,0	50,0	0,0	0,0	50,0	0,0	0,0	0,0	0,0	0,0	0,0	0,0	0,0
14.08.2025 15:05:47	200,0	200,0	200,0	50,0	50,0	50,0	50,0	0,0	0,0	0,0	0,0	0,0	0,0	0,0	0,0
14.08.2025 15:05:53	550,0	50,0	150,0	250,0	50,0	0,0	0,0	0,0	0,0	0,0	0,0	0,0	0,0	30,0	20,0
14.08.2025 15:05:59	450,0	400,0	0,0	50,0	0,0	0,0	50,0	0,0	0,0	50,0	0,0	0,0	0,0	0,0	0,0
14.08.2025 15:06:05	200,0	100,0	150,0	150,0	50,0	0,0	0,0	0,0	0,0	0,0	0,0	0,0	0,0	0,0	0,0
14.08.2025 15:06:11	300,0	150,0	150,0	150,0	0,0	0,0	0,0	0,0	0,0	0,0	0,0	0,0	0,0	0,0	0,0
14.08.2025 15:06:17	300,0	50,0	150,0	50,0	0,0	0,0	0,0	0,0	0,0	0,0	0,0	0,0	0,0	0,0	0,0
14.08.2025 15:06:23	650,0	100,0	100,0	100,0	100,0	0,0	0,0	0,0	0,0	0,0	0,0	0,0	0,0	0,0	0,0
14.08.2025 15:06:29	250,0	150,0	50,0	150,0	0,0	0,0	0,0	0,0	0,0	0,0	0,0	50,0	0,0	0,0	0,0
14.08.2025 15:06:35	100,0	100,0	50,0	50,0	0,0	0,0	0,0	0,0	0,0	0,0	0,0	0,0	0,0	0,0	0,0
14.08.2025 15:06:41	150,0	300,0	150,0	100,0	0,0	50,0	0,0	0,0	0,0	0,0	0,0	0,0	0,0	0,0	0,0
14.08.2025 15:06:47	250,0	150,0	150,0	150,0	0,0	50,0	0,0	0,0	0,0	0,0	0,0	50,0	0,0	0,0	0,0
14.08.2025 15:06:53	450,0	50,0	0,0	0,0	50,0	0,0	50,0	0,0	0,0	0,0	0,0	0,0	0,0	0,0	0,0
14.08.2025 15:06:59	550,0	200,0	200,0	50,0	0,0	0,0	0,0	0,0	0,0	0,0	0,0	0,0	0,0	0,0	0,0
14.08.2025 15:07:05	150,0	150,0	0,0	50,0	50,0	0,0	0,0	0,0	0,0	0,0	0,0	0,0	0,0	0,0	0,0
14.08.2025 15:07:11	250,0	250,0	250,0	50,0	50,0	0,0	50,0	0,0	0,0	0,0	0,0	0,0	0,0	0,0	0,0
14.08.2025 15:07:17	400,0	100,0	0,0	50,0	100,0	0,0	0,0	0,0	0,0	0,0	50,0	0,0	0,0	0,0	0,0
14.08.2025 15:07:23	350,0	200,0	150,0	0,0	0,0	50,0	0,0	0,0	0,0	0,0	0,0	0,0	0,0	0,0	0,0
14.08.2025 15:07:29	150,0	0,0	150,0	50,0	0,0	0,0	0,0	0,0	0,0	0,0	0,0	0,0	0,0	0,0	0,0
14.08.2025 15:07:35	400,0	350,0	50,0	50,0	0,0	0,0	0,0	0,0	0,0	0,0	0,0	50,0	0,0	0,0	0,0
14.08.2025 15:07:41	300,0	100,0	50,0	100,0	0,0	0,0	0,0	0,0	0,0	0,0	50,0	0,0	0,0	0,0	0,0
14.08.2025 15:07:47	250,0	100,0	200,0	50,0	0,0	50,0	0,0	0,0	0,0	0,0	0,0	0,0	0,0	0,0	0,0
14.08.2025 15:07:53	250,0	150,0	200,0	50,0	50,0	0,0	0,0	0,0	0,0	0,0	0,0	0,0	0,0	0,0	0,0
14.08.2025 15:07:59	450,0	100,0	100,0	50,0	0,0	0,0	0,0	0,0	0,0	0,0	50,0	0,0	0,0	0,0	0,0
14.08.2025 15:08:05	50,0	200,0	100,0	50,0	0,0	0,0	0,0	0,0	0,0	0,0	0,0	0,0	0,0	0,0	0,0
14.08.2025 15:08:11	350,0	250,0	250,0	200,0	50,0	50,0	0,0	0,0	0,0	0,0	0,0	0,0	0,0	0,0	0,0
14.08.2025 15:08:17	50,0	150,0	100,0	0,0	50,0	0,0	0,0	0,0	0,0	50,0	0,0	0,0	0,0	0,0	0,0
14.08.2025 15:08:23	400,0	200,0	200,0	50,0	0,0	0,0	50,0	0,0	0,0	0,0	0,0	0,0	0,0	0,0	0,0
14.08.2025 15:08:29	400,0	100,0	300,0	50,0	50,0	0,0	0,0	0,0	0,0	0,0	50,0	0,0	0,0	0,0	0,0
14.08.2025 15:08:35	150,0	250,0	50,0	150,0	50,0	100,0	0,0	0,0	0,0	0,0	0,0	0,0	0,0	0,0	0,0
14.08.2025 15:08:41	200,0	100,0	150,0	0,0	0,0	0,0	0,0	50,0	0,0	0,0	0,0	0,0	0,0	0,0	0,0
14.08.2025 15:08:47	300,0	100,0	150,0	150,0	0,0	0,0	0,0	100,0	50,0	0,0	0,0	0,0	0,0	0,0	0,0
14.08.2025 15:08:53	350,0	200,0	350,0	100,0	100,0	50,0	0,0	0,0	0,0	0,0	0,0	0,0	50,0	30,0	20,0
14.08.2025 15:08:59	150,0	100,0	300,0	0,0	100,0	0,0	0,0	0,0	0,0	0,0	0,0	0,0	0,0	0,0	0,0
14.08.2025 15:09:05	200,0	250,0	0,0	100,0	0,0	0,0	100,0	0,0	0,0	0,0	0,0	0,0	0,0	0,0	0,0
14.08.2025 15:09:11	250,0	250,0	0,0	150,0	100,0	0,0	0,0	0,0	0,0	0,0	0,0	0,0	0,0	0,0	0,0
14.08.2025 15:09:17	300,0	100,0	50,0	50,0	50,0	0,0	0,0	0,0	0,0	0,0	0,0	0,0	0,0	0,0	0,0
14.08.2025 15:09:23	150,0	50,0	150,0	0,0	0,0	0,0	50,0	0,0	0,0	0,0	0,0	0,0	0,0	0,0	0,0
14.08.2025 15:09:29	300,0	200,0	0,0	200,0	0,0	0,0	0,0	0,0	0,0	0,0	0,0	0,0	0,0	0,0	0,0
14.08.2025 15:09:35	100,0	150,0	100,0	100,0	0,0	0,0	0,0	0,0	0,0	0,0	0,0	0,0	0,0	0,0	0,0
14.08.2025 15:09:41	100,0	200,0	250,0	0,0	0,0	0,0	0,0	0,0	0,0	0,0	0,0	0,0	0,0	0,0	0,0
14.08.2025 15:09:47	100,0	50,0	50,0	150,0	0,0	0,0	0,0	0,0	0,0	0,0	0,0	0,0	0,0	0,0	0,0
14.08.2025 15:09:53	250,0	100,0	150,0	50,0	0,0	50,0	0,0	0,0	0,0	0,0	0,0	0,0	0,0	0,0	0,0
14.08.2025 15:09:59	300,0	150,0	150,0	50,0	50,0	0,0	0,0	0,0	0,0	0,0	0,0	0,0	0,0	0,0	0,0
14.08.2025 15:10:05	0,0	300,0	100,0	50,0	50,0	0,0	0,0	0,0	0,0	0,0	0,0	0,0	0,0	0,0	0,0
14.08.2025 15:10:11	150,0	300,0	250,0	150,0	0,0	0,0	0,0	0,0	0,0	0,0	0,0	0,0	0,0	30,0	20,0
14.08.2025 15:10:17	400,0	150,0	50,0	50,0	50,0	50,0	0,0	0,0	0,0	0,0	0,0	0,0	0,0	0,0	0,0
14.08.2025 15:10:23	250,0	150,0	150,0	50,0	0,0	0,0	0,0	0,0	0,0	0,0	0,0	0,0	0,0	0,0	0,0
14.08.2025 15:10:29	200,0	100,0	100,0	200,0	50,0	0,0	0,0	0,0	50,0	0,0	0,0	0,0	0,0	0,0	0,0
14.08.2025 15:10:35	300,0	100,0	100,0	150,0	150,0	0,0	0,0	0,0	0,0	0,0	0,0	0,0	0,0	30,0	20,0
14.08.2025 15:10:41	350,0	250,0	100,0	50,0	0,0	50,0	0,0	0,0	0,0	0,0	0,0	0,0	0,0	50,0	0,0
14.08.2025 15:10:47	300,0	250,0	200,0	200,0	0,0	0,0	50,0	0,0	0,0	0,0	0,0	0,0	0,0	0,0	0,0
14.08.2025 15:10:53	50,0	400,0	150,0	50,0	50,0	0,0	0,0	0,0	0,0	0,0	0,0	0,0	0,0	0,0	0,0
14.08.2025 15:10:59	400,0	200,0	150,0	150,0	0,0	0,0	0,0	0,0	0,0	0,0	0,0	0,0	0,0	30,0	20,0
14.08.2025 15:11:05	250,0	150,0	0,0	100,0	0,0	50,0	50,0	0,0	0,0	0,0	0,0	0,0	0,0	0,0	0,0
14.08.2025 15:11:11	250,0	100,0	150,0	100,0	50,0	0,0	0,0	0,0	0,0	0,0	0,0	0,0	0,0	0,0	0,0
14.08.2025 15:11:17	100,0	50,0	100,0	0,0	0,0	0,0	0,0	0,0	0,0	0,0	0,0	0,0	0,0	0,0	0,0
14.08.2025 15:11:23	200,0	250,0	50,0	0,0	0,0	0,0	0,0	50,0	0,0	0,0	0,0	0,0	0,0	0,0	0,0
14.08.2025 15:11:29	300,0	200,0	0,0	0,0	0,0	0,0	0,0	50,0	0,0	0,0	0,0	0,0	0,0	0,0	0,0
14.08.2025 15:11:35	200,0	100,0	300,0	50,0	0,0	0,0	0,0	0,0	0,0	0,0	0,0	0,0	0,0	0,0	0,0
14.08.2025 15:11:41	300,0	100,0	150,0	100,0	0,0	0,0	0,0	0,0	0,0	0,0	0,0	0,0	0,0	20,0	30,0
14.08.2025 15:11:47	400,0	0,0	50,0	50,0	0,0	0,0	0,0	0,0	0,0	0,0	0,0	0,0	0,0	0,0	0,0
14.08.2025 15:11:53	250,0	150,0	50,0	100,0	0,0	0,0	0,0	50,0	0,0	50,0	50,0	0,0	0,0	0,0	0,0
14.08.2025 15:11:59	250,0	200,0	150,0	50,0	50,0	0,0	0,0	0,0	0,0	0,0	0,0	0,0	0,0	0,0	0,0
14.08.2025 15:12:05	50,0	300,0	50,0	150,0	0,0	0,0	0,0	0,0	0,0	0,0	50,0	50,0	0,0	0,0	0,0
14.08.2025 15:12:11	900,0	100,0	300,0	100,0	100,0	0,0	0,0	50,0	0,0	0,0	0,0	0,0	0,0	10,0	40,0
14.08.2025 15:12:17	300,0	100,0	100,0	50,0	0,0	0,0	100,0	50,0	0,0	0,0	50,0	0,0	0,0	0,0	0,0
14.08.2025 15:12:23	300,0	150,0	50,0	100,0	0,0	0,0	0,0	0,0	0,0	0,0	0,0	50,0	0,0	0,0	0,0
14.08.2025 15:12:29	350,0	100,0	100,0	0,0	50,0	0,0	0,0	0,0	0,0	0,0	0,0	0,0	50,0	0,0	0,0
14.08.2025 15:12:35	400,0	150,0	250,0	150,0	0,0	0,0	50,0	0,0	0,0	0,0	0,0	0,0	0,0	10,0	40,0
14.08.2025 15:12:41	200,0	250,0	50,0	100,0	0,0	50,0	50,0	50,0	0,0	0,0	0,0	0,0	0,0	0,0	0,0
14.08.2025 15:12:47	300,0	250,0	0,0	50,0	0,0	0,0	50,0	0,0	0,0	0,0	0,0	0,0	0,0	0,0	0,0
14.08.2025 15:12:53	200,0	100,0	0,0	100,0	50,0	50,0	0,0	0,0	0,0	0,0	0,0	0,0	0,0	0,0	0,0
14.08.2025 15:12:59	300,0	150,0	50,0	50,0	0,0	0,0	0,0	0,0	50,0	0,0	0,0	0,0	0,0	50,0	50,0
14.08.2025 15:13:05	350,0	50,0	150,0	250,0	50,0	0,0	50,0	0,0	50,0	50,0	0,0	100,0	0,0	0,0	0,0
14.08.2025 15:13:11	200,0	150,0	50,0	50,0	0,0	0,0	0,0	0,0	50,0	0,0	0,0	50,0	0,0	0,0	0,0
14.08.2025 15:13:17	550,0	300,0	50,0	100,0	0,0	0,0	50,0	100,0	0,0	0,0	0,0	0,0	0,0	50,0	50,0
14.08.2025 15:13:23	450,0	400,0	200,0	150,0	150,0	0,0	50,0	0,0	0,0	0,0	0,0	0,0	0,0	80,0	70,0
14.08.2025 15:13:29	150,0	0,0	50,0	0,0	0,0	0,0	100,0	0,0	0,0	0,0	0,0	0,0	0,0	40,0	10,0
14.08.2025 15:13:35	350,0	300,0	150,0	150,0	100,0	150,0	50,0	0,0	0,0	0,0	0,0	0,0	50,0	20,0	30,0
14.08.2025 15:13:41	500,0	150,0	100,0	100,0	0,0	0,0	0,0	0,0	0,0	0,0	0,0	0,0	0,0	50,0	0,0
14.08.2025 15:13:47	550,0	150,0	100,0	50,0	50,0	0,0	50,0	0,0	0,0	0,0	0,0	0,0	0,0	40,0	60,0
14.08.2025 15:13:53	150,0	100,0	100,0	100,0	50,0	50,0	0,0	0,0	0,0	0,0	0,0	0,0	0,0	0,0	0,0
14.08.2025 15:13:59	300,0	150,0	200,0	100,0	0,0	0,0	0,0	0,0	0,0	50,0	0,0	0,0	0,0	0,0	0,0
14.08.2025 15:14:05	150,0	0,0	250,0	150,0	150,0	0,0	50,0	0,0	0,0	0,0	0,0	0,0	0,0	0,0	0,0
14.08.2025 15:14:11	350,0	250,0	50,0	50,0	0,0	0,0	0,0	0,0	0,0	0,0	0,0	0,0	0,0	0,0	0,0
14.08.2025 15:14:17	350,0	150,0	150,0	100,0	0,0	0,0	0,0	0,0	0,0	50,0	0,0	0,0	50,0	0,0	0,0
14.08.2025 15:14:23	250,0	50,0	100,0	0,0	100,0	0,0	0,0	0,0	0,0	0,0	50,0	0,0	0,0	0,0	0,0
14.08.2025 15:14:29	400,0	250,0	150,0	50,0	100,0	0,0	0,0	50,0	0,0	0,0	0,0	0,0	50,0	0,0	0,0
14.08.2025 15:14:35	50,0	200,0	150,0	0,0	0,0	0,0	0,0	0,0	0,0	0,0	0,0	0,0	0,0	0,0	0,0
14.08.2025 15:14:41	500,0	350,0	200,0	150,0	50,0	0,0	0,0	0,0	0,0	0,0	0,0	0,0	0,0	10,0	40,0
14.08.2025 15:14:47	350,0	250,0	100,0	50,0	0,0	0,0	50,0	0,0	0,0	0,0	0,0	0,0	0,0	0,0	0,0
14.08.2025 15:14:53	250,0	250,0	50,0	50,0	0,0	0,0	0,0	0,0	0,0	0,0	0,0	0,0	0,0	50,0	0,0
14.08.2025 15:14:59	450,0	150,0	200,0	0,0	0,0	50,0	0,0	50,0	0,0	0,0	0,0	0,0	0,0	20,0	30,0
14.08.2025 15:15:05	300,0	150,0	100,0	50,0	0,0	50,0	50,0	0,0	0,0	0,0	0,0	0,0	0,0	0,0	0,0
14.08.2025 15:15:11	250,0	200,0	150,0	150,0	0,0	0,0	0,0	50,0	0,0	0,0	0,0	0,0	0,0	0,0	0,0
14.08.2025 15:15:17	200,0	250,0	100,0	0,0	50,0	50,0	50,0	0,0	0,0	0,0	0,0	0,0	0,0	0,0	0,0
14.08.2025 15:15:23	100,0	150,0	150,0	100,0	0,0	0,0	0,0	50,0	0,0	0,0	0,0	0,0	0,0	0,0	0,0
14.08.2025 15:15:29	100,0	250,0	150,0	150,0	50,0	0,0	0,0	0,0	0,0	0,0	0,0	0,0	0,0	0,0	0,0
14.08.2025 15:15:35	450,0	400,0	200,0	0,0	50,0	0,0	0,0	50,0	0,0	0,0	0,0	0,0	0,0	20,0	30,0
14.08.2025 15:15:41	250,0	50,0	50,0	100,0	0,0	0,0	0,0	0,0	0,0	0,0	0,0	0,0	0,0	0,0	0,0
14.08.2025 15:15:47	200,0	250,0	0,0	0,0	0,0	0,0	50,0	0,0	0,0	0,0	0,0	0,0	50,0	0,0	0,0
14.08.2025 15:15:53	300,0	300,0	50,0	50,0	0,0	0,0	50,0	50,0	0,0	0,0	0,0	0,0	0,0	0,0	0,0
14.08.2025 15:15:59	150,0	300,0	50,0	50,0	0,0	0,0	0,0	0,0	0,0	0,0	0,0	50,0	0,0	0,0	0,0
14.08.2025 15:16:05	150,0	150,0	150,0	100,0	0,0	0,0	50,0	0,0	0,0	0,0	0,0	0,0	0,0	0,0	0,0
14.08.2025 15:16:11	200,0	50,0	150,0	50,0	0,0	100,0	0,0	0,0	0,0	0,0	0,0	0,0	0,0	0,0	0,0
14.08.2025 15:16:17	0,0	50,0	100,0	50,0	0,0	0,0	0,0	0,0	0,0	0,0	0,0	0,0	0,0	0,0	0,0
14.08.2025 15:16:23	300,0	200,0	50,0	0,0	0,0	0,0	0,0	0,0	0,0	0,0	0,0	0,0	0,0	0,0	0,0
14.08.2025 15:16:29	100,0	150,0	100,0	50,0	0,0	0,0	0,0	0,0	0,0	0,0	0,0	0,0	0,0	0,0	0,0
14.08.2025 15:16:35	150,0	200,0	50,0	0,0	150,0	0,0	0,0	0,0	0,0	0,0	0,0	50,0	0,0	0,0	0,0
14.08.2025 15:16:41	50,0	150,0	50,0	100,0	0,0	0,0	0,0	0,0	0,0	0,0	0,0	0,0	0,0	0,0	0,0
14.08.2025 15:16:47	100,0	150,0	50,0	200,0	0,0	0,0	0,0	0,0	0,0	0,0	0,0	0,0	0,0	0,0	0,0
14.08.2025 15:16:53	150,0	150,0	100,0	100,0	100,0	0,0	0,0	50,0	0,0	0,0	0,0	0,0	0,0	0,0	0,0
14.08.2025 15:16:59	650,0	200,0	200,0	50,0	0,0	0,0	0,0	0,0	0,0	0,0	0,0	0,0	0,0	40,0	60,0
14.08.2025 15:17:05	50,0	350,0	200,0	50,0	0,0	50,0	0,0	0,0	0,0	0,0	0,0	0,0	0,0	0,0	0,0
14.08.2025 15:17:11	250,0	100,0	100,0	50,0	0,0	0,0	50,0	0,0	0,0	0,0	50,0	0,0	0,0	0,0	0,0
14.08.2025 15:17:17	300,0	200,0	50,0	100,0	0,0	0,0	0,0	50,0	100,0	0,0	50,0	0,0	0,0	0,0	0,0
14.08.2025 15:17:23	300,0	100,0	150,0	50,0	0,0	0,0	0,0	0,0	0,0	0,0	0,0	0,0	0,0	0,0	0,0
14.08.2025 15:17:29	600,0	150,0	0,0	0,0	0,0	0,0	0,0	0,0	0,0	0,0	0,0	0,0	0,0	50,0	50,0
14.08.2025 15:17:35	250,0	50,0	0,0	50,0	0,0	50,0	0,0	50,0	0,0	0,0	0,0	0,0	0,0	0,0	0,0
14.08.2025 15:17:41	400,0	200,0	0,0	0,0	0,0	0,0	0,0	0,0	0,0	0,0	50,0	0,0	0,0	0,0	0,0
14.08.2025 15:17:47	350,0	300,0	50,0	100,0	50,0	0,0	0,0	50,0	0,0	0,0	0,0	0,0	0,0	20,0	30,0
14.08.2025 15:17:53	400,0	50,0	100,0	200,0	0,0	0,0	0,0	50,0	0,0	0,0	0,0	0,0	0,0	0,0	0,0
14.08.2025 15:17:59	350,0	200,0	100,0	0,0	0,0	0,0	0,0	50,0	50,0	50,0	0,0	0,0	0,0	0,0	0,0
14.08.2025 15:18:05	300,0	150,0	50,0	50,0	0,0	0,0	0,0	0,0	0,0	0,0	50,0	0,0	0,0	20,0	30,0
14.08.2025 15:18:11	350,0	350,0	350,0	100,0	0,0	0,0	50,0	0,0	50,0	50,0	0,0	0,0	50,0	20,0	30,0
14.08.2025 15:18:17	100,0	0,0	150,0	50,0	150,0	0,0	0,0	50,0	0,0	0,0	0,0	0,0	50,0	0,0	0,0
14.08.2025 15:18:23	350,0	300,0	150,0	0,0	0,0	0,0	50,0	50,0	0,0	50,0	0,0	0,0	50,0	0,0	0,0
14.08.2025 15:18:29	350,0	100,0	50,0	0,0	0,0	0,0	50,0	0,0	0,0	0,0	0,0	0,0	0,0	0,0	0,0
14.08.2025 15:18:35	300,0	100,0	100,0	200,0	50,0	50,0	0,0	0,0	0,0	0,0	0,0	0,0	0,0	0,0	0,0
14.08.2025 15:18:41	100,0	150,0	200,0	50,0	100,0	0,0	0,0	0,0	0,0	0,0	0,0	0,0	0,0	0,0	0,0
14.08.2025 15:18:47	550,0	100,0	150,0	100,0	0,0	0,0	0,0	0,0	0,0	0,0	0,0	0,0	0,0	0,0	0,0
14.08.2025 15:18:53	300,0	400,0	50,0	250,0	50,0	0,0	100,0	50,0	0,0	0,0	0,0	0,0	0,0	20,0	30,0
14.08.2025 15:18:59	300,0	250,0	0,0	150,0	50,0	50,0	0,0	50,0	0,0	0,0	0,0	0,0	0,0	0,0	0,0
14.08.2025 15:19:05	100,0	100,0	100,0	100,0	0,0	50,0	100,0	0,0	0,0	0,0	0,0	0,0	0,0	0,0	0,0
