<Header>
User name: 
Location: probe cabin
# of Location: 2
Model: 11-D
Serial No.: 11D20167
Firmware revision: 12.50E
Software revision: 1179-V2-10 (23-01-2023)
Unit: Mass, dM [ug/m3]
C-factor: 1,00
location factor: 1,00
Comment: test room aerosol conditions
online data
<Data>
[d&t31.12.2035 11:50:55]	0,253 um	0,298 um	0,352 um	0,414 um	0,488 um	0,576 um	0,679 um	0,800 um	0,943 um	1,112 um	1,310 um	1,545 um	1,821 um	2,146 um	2,530 um	2,982 um	3,515 um	4,144 um	4,884 um	5,757 um	6,787 um	8,000 um	9,430 um	11,12 um	13,10 um	15,45 um	18,21 um	21,46 um	25,30 um	29,82 um	35,15 um
14.08.2025 14:27:29	0,39	0,26	0,24	0,14	0,12	0,04	0,04	0,03	0,00	0,08	0,13	0,00	0,00	0,00	3,31	0,90	0,49	0,81	0,00	2,17	0,00	0,00	0,00	15,62	0,00	0,00	0,00	0,00	0,00	0,00	0,00
14.08.2025 14:27:35	0,41	0,25	0,17	0,16	0,08	0,07	0,04	0,09	0,00	0,16	0,13	0,42	0,00	0,00	0,00	0,00	2,47	0,81	0,00	2,17	7,11	0,00	9,54	0,00	0,00	0,00	0,00	0,00	0,00	0,00	0,00
14.08.2025 14:27:41	0,41	0,25	0,22	0,16	0,09	0,03	0,05	0,00	0,05	0,08	0,13	0,00	1,03	0,56	0,18	0,60	0,49	0,00	0,00	0,00	0,00	5,82	0,00	0,00	0,00	0,00	0,00	0,00	0,00	0,00	0,00
14.08.2025 14:27:47	0,43	0,24	0,16	0,18	0,09	0,04	0,02	0,00	0,05	0,08	0,13	0,21	0,34	0,00	1,66	0,00	1,48	0,00	0,00	2,17	3,56	0,00	0,00	15,62	0,00	0,00	0,00	0,00	0,00	0,00	0,00
14.08.2025 14:27:53	0,44	0,25	0,20	0,16	0,08	0,11	0,04	0,09	0,00	0,08	0,26	0,21	0,34	0,00	1,66	0,00	0,99	0,00	1,32	0,00	0,00	5,82	19,08	0,00	0,00	0,00	0,00	0,00	0,00	0,00	0,00
14.08.2025 14:27:59	0,44	0,26	0,16	0,19	0,09	0,05	0,05	0,06	0,05	0,00	0,26	0,00	0,00	0,56	0,00	0,30	0,49	0,00	1,32	0,00	7,11	5,82	9,54	31,24	25,59	0,00	0,00	0,00	0,00	0,00	0,00
14.08.2025 14:28:05	0,41	0,24	0,21	0,12	0,17	0,08	0,07	0,09	0,05	0,16	0,26	0,00	0,00	0,00	2,95	2,41	0,49	0,00	0,00	0,00	0,00	0,00	0,00	0,00	0,00	0,00	0,00	0,00	0,00	0,00	0,00
14.08.2025 14:28:11	0,40	0,27	0,19	0,15	0,12	0,08	0,09	0,00	0,00	0,00	0,00	0,00	0,00	0,00	1,84	2,11	0,49	0,00	0,00	2,17	0,00	0,00	0,00	0,00	0,00	0,00	68,64	0,00	0,00	0,00	0,00
14.08.2025 14:28:17	0,41	0,24	0,22	0,15	0,06	0,09	0,07	0,03	0,00	0,08	0,00	0,21	0,00	0,56	0,92	0,60	0,49	0,00	1,32	0,00	0,00	0,00	9,54	0,00	0,00	0,00	0,00	0,00	0,00	0,00	0,00
14.08.2025 14:28:23	0,41	0,27	0,19	0,14	0,09	0,01	0,04	0,03	0,14	0,00	0,26	0,00	0,34	1,12	2,95	2,41	0,00	0,00	0,00	0,00	0,00	0,00	9,54	0,00	0,00	0,00	0,00	0,00	0,00	0,00	0,00
14.08.2025 14:28:29	0,41	0,24	0,19	0,17	0,09	0,07	0,05	0,03	0,00	0,00	0,00	0,21	0,34	0,56	0,55	1,21	0,49	0,00	0,00	0,00	0,00	0,00	9,54	15,62	0,00	0,00	0,00	0,00	0,00	0,00	0,00
14.08.2025 14:28:35	0,41	0,24	0,20	0,16	0,05	0,04	0,07	0,06	0,00	0,00	0,00	0,21	0,00	0,00	0,00	0,00	0,00	0,00	0,00	0,00	0,00	0,00	0,00	0,00	0,00	0,00	0,00	0,00	0,00	0,00	0,00
14.08.2025 14:28:41	0,40	0,25	0,24	0,15	0,11	0,03	0,04	0,00	0,05	0,00	0,00	0,21	0,00	0,00	1,66	0,60	1,48	0,81	1,32	2,17	3,56	0,00	19,08	0,00	0,00	0,00	0,00	0,00	0,00	0,00	0,00
14.08.2025 14:28:47	0,41	0,23	0,22	0,13	0,11	0,04	0,05	0,09	0,00	0,08	0,26	0,42	0,34	1,12	1,10	0,60	1,48	0,00	3,97	0,00	0,00	0,00	0,00	15,62	0,00	0,00	0,00	0,00	0,00	0,00	0,00
14.08.2025 14:28:53	0,40	0,23	0,20	0,23	0,11	0,03	0,07	0,06	0,05	0,00	0,00	0,21	0,00	0,56	1,47	0,30	0,49	0,00	0,00	0,00	0,00	0,00	0,00	0,00	0,00	0,00	0,00	0,00	0,00	0,00	0,00
14.08.2025 14:28:59	0,38	0,26	0,18	0,17	0,09	0,04	0,02	0,15	0,05	0,00	0,26	0,21	0,00	0,56	0,00	0,00	0,99	0,00	0,00	4,34	0,00	0,00	0,00	0,00	25,59	0,00	0,00	0,00	0,00	0,00	0,00
14.08.2025 14:29:05	0,42	0,27	0,18	0,17	0,09	0,08	0,05	0,06	0,05	0,08	0,13	0,21	0,34	0,00	0,18	0,00	0,00	1,62	0,00	0,00	3,56	0,00	9,54	0,00	0,00	0,00	0,00	0,00	0,00	0,00	0,00
14.08.2025 14:29:11	0,39	0,26	0,22	0,16	0,07	0,07	0,07	0,03	0,10	0,00	0,00	0,00	1,03	2,25	0,00	0,30	0,99	2,43	0,00	2,17	3,56	0,00	9,54	0,00	25,59	0,00	0,00	0,00	0,00	0,00	0,00
14.08.2025 14:29:17	0,46	0,24	0,19	0,19	0,08	0,04	0,04	0,12	0,05	0,23	0,13	0,00	0,34	0,56	1,47	1,21	0,00	1,62	3,97	4,34	0,00	0,00	9,54	0,00	0,00	0,00	0,00	0,00	0,00	0,00	0,00
14.08.2025 14:29:23	0,37	0,26	0,19	0,13	0,11	0,05	0,02	0,00	0,19	0,00	0,00	0,21	0,69	0,56	0,00	0,00	2,47	1,62	2,65	0,00	0,00	0,00	0,00	15,62	0,00	0,00	0,00	0,00	0,00	0,00	0,00
14.08.2025 14:29:29	0,42	0,29	0,20	0,15	0,11	0,08	0,04	0,03	0,05	0,08	0,13	0,00	0,00	0,00	0,00	0,00	0,00	0,00	2,65	2,17	0,00	0,00	9,54	15,62	0,00	0,00	0,00	0,00	0,00	0,00	0,00
14.08.2025 14:29:35	0,40	0,25	0,21	0,16	0,07	0,13	0,02	0,12	0,00	0,08	0,00	0,00	0,00	0,56	0,00	0,00	0,00	0,81	1,32	0,00	10,67	0,00	0,00	0,00	0,00	0,00	0,00	0,00	0,00	0,00	0,00
14.08.2025 14:29:41	0,41	0,26	0,19	0,19	0,09	0,05	0,02	0,06	0,00	0,00	0,26	0,42	0,34	0,56	0,37	1,51	0,99	0,81	2,65	0,00	3,56	5,82	9,54	0,00	0,00	0,00	0,00	0,00	0,00	0,00	0,00
14.08.2025 14:29:47	0,37	0,25	0,19	0,15	0,13	0,08	0,12	0,00	0,24	0,00	0,00	0,21	0,00	0,56	0,00	1,51	1,48	1,62	1,32	2,17	0,00	5,82	0,00	31,24	0,00	0,00	0,00	0,00	0,00	0,00	0,00
14.08.2025 14:29:53	0,43	0,27	0,19	0,15	0,09	0,03	0,04	0,03	0,00	0,23	0,00	0,00	0,34	0,00	0,00	0,00	0,00	0,00	0,00	0,00	0,00	0,00	0,00	0,00	0,00	0,00	0,00	0,00	0,00	0,00	0,00
14.08.2025 14:29:59	0,41	0,26	0,15	0,16	0,09	0,04	0,09	0,00	0,00	0,16	0,13	0,00	0,34	0,56	1,10	0,60	0,49	2,43	1,32	0,00	3,56	0,00	0,00	15,62	0,00	0,00	0,00	0,00	0,00	0,00	0,00
14.08.2025 14:30:05	0,38	0,25	0,20	0,14	0,13	0,04	0,02	0,03	0,00	0,00	0,00	0,42	0,00	0,00	0,00	0,30	1,48	0,00	0,00	0,00	3,56	0,00	0,00	0,00	0,00	0,00	0,00	0,00	0,00	0,00	0,00
14.08.2025 14:30:11	0,36	0,21	0,18	0,14	0,07	0,04	0,12	0,03	0,00	0,08	0,26	0,21	0,34	0,56	0,37	0,60	1,48	0,00	1,32	0,00	0,00	0,00	9,54	15,62	0,00	0,00	0,00	0,00	0,00	0,00	0,00
14.08.2025 14:30:17	0,41	0,25	0,19	0,19	0,13	0,07	0,09	0,03	0,00	0,23	0,00	0,21	0,34	0,00	1,29	1,81	0,00	0,00	0,00	0,00	0,00	0,00	9,54	0,00	0,00	41,93	0,00	0,00	0,00	0,00	0,00
14.08.2025 14:30:23	0,43	0,22	0,17	0,11	0,09	0,10	0,02	0,03	0,00	0,00	0,13	0,00	0,00	0,00	1,66	3,32	1,48	0,00	1,32	0,00	3,56	0,00	0,00	0,00	0,00	0,00	0,00	0,00	0,00	0,00	0,00
14.08.2025 14:30:29	0,40	0,23	0,17	0,14	0,08	0,07	0,04	0,03	0,00	0,00	0,00	0,21	0,34	0,00	1,29	1,81	0,49	1,62	1,32	2,17	3,56	5,82	0,00	0,00	0,00	0,00	0,00	0,00	0,00	0,00	0,00
14.08.2025 14:30:35	0,39	0,27	0,21	0,18	0,09	0,08	0,02	0,03	0,10	0,08	0,26	0,42	0,34	0,56	0,55	2,41	0,00	0,81	1,32	0,00	3,56	0,00	0,00	15,62	0,00	0,00	0,00	0,00	0,00	0,00	0,00
14.08.2025 14:30:41	0,37	0,24	0,17	0,21	0,11	0,07	0,07	0,03	0,00	0,00	0,26	0,00	0,00	0,00	0,00	0,30	0,49	0,00	1,32	0,00	0,00	11,65	0,00	0,00	0,00	0,00	0,00	0,00	0,00	0,00	0,00
14.08.2025 14:30:47	0,40	0,23	0,18	0,14	0,09	0,07	0,04	0,03	0,00	0,00	0,26	0,42	0,00	0,56	1,29	0,60	0,49	0,81	1,32	2,17	0,00	5,82	0,00	0,00	25,59	0,00	0,00	0,00	0,00	0,00	0,00
14.08.2025 14:30:53	0,43	0,28	0,17	0,19	0,11	0,03	0,04	0,00	0,00	0,31	0,26	0,00	0,00	0,00	0,37	1,81	0,99	0,00	2,65	0,00	0,00	0,00	28,63	0,00	0,00	0,00	0,00	0,00	0,00	0,00	0,00
14.08.2025 14:30:59	0,40	0,25	0,21	0,16	0,09	0,08	0,07	0,00	0,05	0,08	0,13	0,00	0,00	0,56	0,74	0,30	0,49	0,81	2,65	0,00	0,00	5,82	0,00	0,00	0,00	0,00	0,00	0,00	0,00	0,00	0,00
14.08.2025 14:31:05	0,41	0,25	0,19	0,16	0,11	0,08	0,07	0,00	0,00	0,00	0,00	0,21	0,00	1,12	0,37	0,00	0,99	0,81	3,97	2,17	0,00	5,82	0,00	0,00	0,00	0,00	0,00	0,00	0,00	0,00	0,00
14.08.2025 14:31:11	0,41	0,21	0,22	0,17	0,15	0,04	0,04	0,03	0,10	0,00	0,26	0,21	0,00	0,00	0,74	0,30	0,49	1,62	1,32	0,00	0,00	0,00	9,54	0,00	0,00	0,00	0,00	0,00	0,00	0,00	0,00
14.08.2025 14:31:17	0,38	0,28	0,18	0,21	0,10	0,05	0,05	0,03	0,05	0,16	0,13	0,63	0,34	0,00	0,74	1,21	0,00	1,62	2,65	2,17	0,00	11,65	0,00	0,00	0,00	0,00	0,00	0,00	0,00	0,00	0,00
14.08.2025 14:31:23	0,42	0,24	0,21	0,10	0,11	0,03	0,09	0,00	0,05	0,08	0,13	0,00	0,34	0,56	0,37	0,30	1,98	0,81	1,32	0,00	0,00	0,00	9,54	0,00	0,00	0,00	0,00	0,00	0,00	0,00	0,00
14.08.2025 14:31:29	0,38	0,27	0,25	0,16	0,11	0,08	0,07	0,09	0,10	0,00	0,00	0,21	0,00	0,00	0,92	0,60	0,49	0,00	1,32	0,00	0,00	0,00	0,00	15,62	0,00	0,00	0,00	0,00	0,00	0,00	0,00
14.08.2025 14:31:35	0,38	0,27	0,23	0,14	0,12	0,02	0,02	0,00	0,00	0,00	0,00	0,21	0,00	0,00	0,00	0,00	0,00	0,00	0,00	0,00	0,00	0,00	0,00	0,00	0,00	0,00	0,00	0,00	0,00	0,00	0,00
14.08.2025 14:31:41	0,39	0,26	0,18	0,18	0,14	0,02	0,00	0,03	0,05	0,08	0,13	0,21	0,00	0,00	0,18	0,00	0,49	0,00	1,32	0,00	0,00	0,00	0,00	15,62	0,00	0,00	68,64	0,00	0,00	0,00	0,00
14.08.2025 14:31:47	0,39	0,27	0,19	0,17	0,11	0,08	0,07	0,00	0,00	0,08	0,13	0,00	0,34	0,00	1,84	0,90	1,48	1,62	0,00	0,00	0,00	5,82	0,00	15,62	0,00	0,00	0,00	0,00	0,00	0,00	0,00
14.08.2025 14:31:53	0,37	0,20	0,21	0,16	0,11	0,08	0,05	0,09	0,05	0,16	0,26	0,21	0,00	0,56	1,10	0,60	1,48	1,62	0,00	0,00	3,56	0,00	9,54	0,00	0,00	0,00	0,00	0,00	0,00	0,00	0,00
14.08.2025 14:31:59	0,42	0,28	0,16	0,12	0,11	0,05	0,00	0,03	0,00	0,16	0,00	0,42	0,34	0,56	0,55	0,60	0,00	0,81	2,65	2,17	0,00	0,00	0,00	15,62	0,00	0,00	0,00	0,00	0,00	0,00	0,00
14.08.2025 14:32:05	0,38	0,26	0,22	0,20	0,08	0,09	0,02	0,06	0,05	0,08	0,00	0,21	0,00	0,56	0,00	0,00	0,00	0,00	0,00	0,00	0,00	0,00	0,00	0,00	0,00	0,00	0,00	0,00	0,00	0,00	0,00
14.08.2025 14:32:11	0,38	0,26	0,17	0,14	0,09	0,08	0,04	0,06	0,05	0,08	0,13	0,21	1,03	0,00	0,74	0,00	0,00	2,43	1,32	2,17	0,00	5,82	0,00	0,00	0,00	0,00	0,00	0,00	0,00	0,00	0,00
14.08.2025 14:32:17	0,41	0,25	0,19	0,19	0,04	0,07	0,05	0,00	0,05	0,00	0,13	0,42	0,00	0,56	0,00	0,00	0,00	0,00	0,00	0,00	0,00	0,00	0,00	0,00	0,00	0,00	0,00	0,00	0,00	0,00	0,00
14.08.2025 14:32:23	0,40	0,30	0,16	0,16	0,13	0,05	0,05	0,06	0,00	0,00	0,13	0,21	0,34	0,00	0,18	0,60	0,00	0,00	0,00	2,17	0,00	0,00	9,54	0,00	0,00	0,00	0,00	0,00	0,00	0,00	0,00
14.08.2025 14:32:29	0,42	0,28	0,18	0,16	0,09	0,10	0,05	0,06	0,00	0,08	0,00	0,00	0,69	0,00	1,29	1,21	0,00	0,81	2,65	2,17	0,00	0,00	0,00	0,00	0,00	0,00	0,00	0,00	0,00	0,00	0,00
14.08.2025 14:32:35	0,39	0,23	0,16	0,23	0,12	0,09	0,02	0,09	0,19	0,00	0,00	0,00	0,34	0,56	1,47	0,00	1,48	0,81	1,32	2,17	0,00	0,00	9,54	0,00	0,00	0,00	0,00	0,00	0,00	0,00	0,00
14.08.2025 14:32:41	0,38	0,26	0,18	0,16	0,07	0,08	0,04	0,06	0,00	0,08	0,00	0,21	0,00	0,00	0,00	0,00	0,00	2,43	1,32	0,00	0,00	5,82	0,00	0,00	0,00	0,00	0,00	0,00	0,00	0,00	0,00
14.08.2025 14:32:47	0,38	0,21	0,22	0,17	0,10	0,02	0,04	0,03	0,00	0,08	0,00	0,42	0,00	0,00	0,00	0,00	0,00	0,81	0,00	4,34	0,00	5,82	9,54	0,00	0,00	0,00	0,00	0,00	0,00	0,00	0,00
14.08.2025 14:32:53	0,38	0,23	0,19	0,20	0,12	0,11	0,09	0,09	0,05	0,08	0,13	0,63	0,69	0,56	0,18	1,51	0,49	0,81	0,00	2,17	0,00	0,00	0,00	15,62	0,00	0,00	0,00	0,00	0,00	0,00	0,00
14.08.2025 14:32:59	0,34	0,28	0,17	0,21	0,08	0,04	0,02	0,00	0,05	0,16	0,00	0,00	0,00	0,00	0,00	0,00	0,00	0,00	0,00	0,00	0,00	0,00	0,00	0,00	0,00	0,00	0,00	0,00	0,00	0,00	0,00
14.08.2025 14:33:05	0,38	0,21	0,21	0,16	0,07	0,05	0,04	0,00	0,10	0,00	0,00	0,21	0,00	0,56	0,00	0,00	0,00	0,00	0,00	0,00	0,00	0,00	0,00	0,00	0,00	0,00	0,00	0,00	0,00	0,00	0,00
14.08.2025 14:33:11	0,37	0,21	0,19	0,12	0,13	0,03	0,02	0,06	0,05	0,00	0,13	0,00	0,00	0,00	2,58	0,00	0,00	0,00	2,65	2,17	3,56	0,00	9,54	15,62	0,00	0,00	0,00	0,00	0,00	0,00	0,00
14.08.2025 14:33:17	0,33	0,24	0,15	0,16	0,07	0,03	0,02	0,03	0,10	0,08	0,00	0,00	0,00	0,00	0,00	0,00	0,00	0,00	0,00	0,00	0,00	0,00	0,00	0,00	0,00	0,00	0,00	0,00	0,00	0,00	0,00
14.08.2025 14:33:23	0,39	0,24	0,20	0,15	0,09	0,04	0,02	0,03	0,00	0,00	0,26	0,00	0,00	0,00	0,00	0,00	0,00	0,00	0,00	0,00	0,00	0,00	0,00	0,00	0,00	0,00	0,00	0,00	0,00	0,00	0,00
14.08.2025 14:33:29	0,40	0,24	0,23	0,20	0,08	0,09	0,05	0,00	0,05	0,08	0,00	0,21	0,34	0,56	0,00	0,00	0,00	0,00	0,00	0,00	0,00	0,00	0,00	0,00	0,00	0,00	0,00	0,00	0,00	0,00	0,00
14.08.2025 14:33:35	0,38	0,22	0,18	0,17	0,05	0,10	0,04	0,00	0,05	0,00	0,26	0,00	0,34	0,56	0,92	2,41	0,00	0,81	0,00	0,00	3,56	0,00	0,00	0,00	0,00	0,00	0,00	0,00	0,00	0,00	0,00
14.08.2025 14:33:41	0,42	0,26	0,19	0,19	0,11	0,08	0,09	0,03	0,05	0,16	0,13	0,21	0,00	0,00	2,03	1,51	0,49	1,62	0,00	2,17	0,00	0,00	0,00	0,00	0,00	0,00	0,00	0,00	0,00	0,00	0,00
14.08.2025 14:33:47	0,39	0,26	0,20	0,17	0,08	0,07	0,05	0,03	0,00	0,00	0,00	0,00	0,00	0,00	0,37	0,90	1,98	3,24	0,00	0,00	0,00	11,65	0,00	0,00	0,00	0,00	0,00	0,00	0,00	0,00	0,00
14.08.2025 14:33:53	0,40	0,24	0,19	0,13	0,11	0,08	0,04	0,00	0,00	0,08	0,00	0,00	0,00	0,00	0,37	0,60	0,99	0,81	0,00	0,00	3,56	5,82	9,54	0,00	0,00	0,00	0,00	0,00	0,00	0,00	0,00
14.08.2025 14:33:59	0,41	0,27	0,18	0,16	0,11	0,03	0,04	0,03	0,00	0,23	0,13	0,00	0,00	0,00	0,00	0,00	0,00	0,00	0,00	0,00	0,00	0,00	0,00	0,00	0,00	0,00	0,00	0,00	0,00	0,00	0,00
14.08.2025 14:34:05	0,41	0,26	0,22	0,19	0,09	0,09	0,04	0,09	0,10	0,23	0,13	0,00	0,00	0,56	1,47	0,00	0,99	2,43	5,30	4,34	0,00	0,00	9,54	0,00	0,00	0,00	0,00	0,00	0,00	0,00	0,00
14.08.2025 14:34:11	0,41	0,24	0,22	0,14	0,09	0,05	0,05	0,00	0,05	0,08	0,13	0,21	0,34	0,00	0,37	1,21	0,49	0,00	1,32	0,00	3,56	0,00	0,00	15,62	0,00	0,00	0,00	0,00	0,00	0,00	0,00
14.08.2025 14:34:17	0,39	0,24	0,20	0,13	0,07	0,08	0,09	0,03	0,14	0,08	0,00	0,21	0,00	0,56	0,00	0,00	0,00	1,62	0,00	0,00	0,00	0,00	9,54	15,62	0,00	41,93	0,00	0,00	0,00	0,00	0,00
14.08.2025 14:34:23	0,40	0,21	0,15	0,13	0,07	0,05	0,04	0,03	0,05	0,08	0,13	0,00	0,00	0,00	1,10	0,60	0,49	0,81	0,00	0,00	0,00	0,00	0,00	0,00	0,00	0,00	0,00	0,00	0,00	0,00	0,00
14.08.2025 14:34:29	0,38	0,26	0,20	0,15	0,12	0,05	0,02	0,03	0,00	0,00	0,00	0,00	0,00	0,00	0,92	0,00	0,99	0,00	1,32	2,17	3,56	0,00	0,00	0,00	0,00	0,00	0,00	0,00	0,00	0,00	0,00
14.08.2025 14:34:35	0,38	0,25	0,18	0,10	0,11	0,03	0,07	0,09	0,10	0,16	0,13	0,00	0,34	0,00	0,00	1,21	0,49	0,81	3,97	0,00	0,00	5,82	0,00	0,00	0,00	0,00	0,00	0,00	0,00	0,00	0,00
14.08.2025 14:34:41	0,36	0,22	0,16	0,17	0,11	0,07	0,04	0,15	0,00	0,00	0,00	0,21	0,00	0,56	1,47	0,60	0,49	0,81	0,00	4,34	3,56	0,00	0,00	0,00	0,00	0,00	0,00	0,00	0,00	0,00	0,00
14.08.2025 14:34:47	0,39	0,24	0,18	0,20	0,09	0,10	0,09	0,06	0,00	0,00	0,13	0,21	0,69	0,00	0,92	0,60	1,48	3,24	0,00	0,00	0,00	0,00	0,00	15,62	0,00	0,00	0,00	0,00	0,00	0,00	0,00
14.08.2025 14:34:53	0,39	0,23	0,18	0,13	0,09	0,09	0,00	0,00	0,10	0,31	0,13	0,21	1,37	1,12	1,47	1,21	0,99	0,00	1,32	0,00	0,00	0,00	0,00	0,00	0,00	0,00	0,00	0,00	0,00	0,00	0,00
14.08.2025 14:34:59	0,41	0,25	0,18	0,17	0,07	0,07	0,05	0,03	0,05	0,00	0,00	0,42	0,34	0,00	0,74	1,21	0,49	1,62	0,00	4,34	3,56	0,00	0,00	15,62	0,00	0,00	0,00	0,00	0,00	0,00	0,00
14.08.2025 14:35:05	0,37	0,26	0,17	0,17	0,09	0,07	0,02	0,03	0,14	0,00	0,00	0,00	0,00	0,00	0,37	0,60	1,48	0,00	1,32	2,17	3,56	0,00	0,00	0,00	0,00	0,00	0,00	0,00	0,00	0,00	0,00
14.08.2025 14:35:11	0,40	0,24	0,16	0,12	0,16	0,04	0,07	0,06	0,10	0,23	0,00	0,21	0,00	0,56	0,92	0,30	0,00	0,81	1,32	0,00	3,56	0,00	0,00	15,62	0,00	0,00	0,00	0,00	0,00	0,00	0,00
14.08.2025 14:35:17	0,36	0,22	0,20	0,15	0,10	0,04	0,07	0,03	0,00	0,08	0,13	0,21	0,00	0,00	1,47	1,21	0,49	0,81	0,00	0,00	0,00	0,00	0,00	15,62	0,00	0,00	0,00	0,00	0,00	0,00	0,00
14.08.2025 14:35:23	0,41	0,25	0,20	0,12	0,11	0,07	0,05	0,00	0,05	0,16	0,00	0,42	0,00	1,12	0,55	1,21	0,49	0,00	0,00	0,00	0,00	5,82	9,54	0,00	0,00	0,00	0,00	0,00	0,00	0,00	0,00
14.08.2025 14:35:29	0,35	0,23	0,18	0,13	0,08	0,10	0,04	0,03	0,05	0,00	0,26	0,21	0,00	0,00	0,55	1,81	0,00	0,00	1,32	0,00	0,00	0,00	0,00	0,00	0,00	0,00	0,00	0,00	0,00	0,00	0,00
14.08.2025 14:35:35	0,40	0,23	0,19	0,15	0,09	0,08	0,04	0,06	0,00	0,00	0,13	0,00	0,00	0,00	0,00	0,00	0,00	4,05	0,00	0,00	0,00	0,00	0,00	0,00	0,00	0,00	0,00	0,00	0,00	0,00	0,00
14.08.2025 14:35:41	0,43	0,24	0,18	0,15	0,11	0,01	0,02	0,00	0,00	0,00	0,13	0,00	0,34	0,00	0,37	2,11	1,48	0,81	0,00	2,17	3,56	0,00	0,00	0,00	0,00	0,00	0,00	0,00	0,00	0,00	0,00
14.08.2025 14:35:47	0,38	0,26	0,15	0,17	0,11	0,05	0,05	0,09	0,05	0,00	0,26	0,00	0,00	0,56	0,00	0,00	0,00	2,43	1,32	2,17	0,00	0,00	0,00	0,00	0,00	0,00	0,00	0,00	0,00	0,00	0,00
14.08.2025 14:35:53	0,39	0,26	0,23	0,13	0,10	0,03	0,07	0,00	0,00	0,08	0,00	0,21	0,34	0,00	0,18	1,21	0,49	0,81	1,32	0,00	0,00	5,82	9,54	0,00	0,00	0,00	0,00	0,00	0,00	0,00	0,00
14.08.2025 14:35:59	0,37	0,24	0,17	0,14	0,09	0,11	0,02	0,03	0,00	0,00	0,00	0,00	0,00	0,00	1,29	0,90	1,48	0,81	0,00	0,00	0,00	0,00	0,00	15,62	0,00	0,00	0,00	0,00	0,00	0,00	0,00
14.08.2025 14:36:05	0,39	0,25	0,17	0,18	0,06	0,09	0,09	0,06	0,10	0,00	0,00	0,21	0,00	0,00	0,55	0,30	0,99	1,62	1,32	0,00	0,00	5,82	0,00	0,00	0,00	0,00	0,00	0,00	0,00	0,00	0,00
14.08.2025 14:36:11	0,39	0,24	0,20	0,18	0,09	0,12	0,12	0,06	0,10	0,00	0,00	0,21	0,00	0,56	0,55	1,51	0,00	0,81	1,32	0,00	0,00	0,00	0,00	0,00	0,00	0,00	0,00	0,00	0,00	0,00	0,00
14.08.2025 14:36:17	0,40	0,25	0,19	0,14	0,09	0,03	0,04	0,00	0,00	0,08	0,13	0,00	0,00	0,00	0,74	1,81	0,49	0,81	0,00	2,17	7,11	0,00	0,00	0,00	0,00	0,00	0,00	0,00	0,00	0,00	0,00
14.08.2025 14:36:23	0,36	0,21	0,17	0,14	0,06	0,05	0,02	0,06	0,10	0,16	0,00	0,21	0,00	0,56	0,92	1,81	0,49	0,00	1,32	0,00	0,00	5,82	9,54	0,00	0,00	0,00	0,00	0,00	0,00	0,00	0,00
14.08.2025 14:36:29	0,40	0,24	0,24	0,17	0,08	0,01	0,07	0,06	0,00	0,08	0,00	0,00	0,00	0,00	0,37	0,00	0,49	0,81	1,32	0,00	0,00	0,00	0,00	0,00	0,00	0,00	0,00	0,00	0,00	0,00	0,00
14.08.2025 14:36:35	0,35	0,22	0,18	0,15	0,11	0,05	0,11	0,03	0,14	0,08	0,13	0,21	0,34	0,00	0,18	0,60	0,00	0,81	1,32	0,00	0,00	0,00	0,00	0,00	0,00	0,00	0,00	0,00	0,00	0,00	0,00
14.08.2025 14:36:41	0,37	0,23	0,18	0,13	0,07	0,07	0,05	0,09	0,10	0,00	0,13	0,21	0,34	0,56	0,18	1,21	0,99	0,81	0,00	2,17	0,00	0,00	9,54	0,00	0,00	0,00	0,00	0,00	0,00	0,00	0,00
14.08.2025 14:36:47	0,37	0,23	0,21	0,14	0,06	0,04	0,04	0,06	0,00	0,00	0,00	0,00	0,34	0,56	0,00	0,00	0,00	0,00	0,00	0,00	0,00	0,00	0,00	0,00	0,00	0,00	0,00	0,00	0,00	0,00	0,00
14.08.2025 14:36:53	0,39	0,23	0,22	0,18	0,13	0,11	0,05	0,09	0,14	0,31	0,00	0,21	0,34	0,00	2,58	0,00	0,49	1,62	1,32	0,00	7,11	0,00	0,00	0,00	0,00	0,00	0,00	0,00	0,00	0,00	0,00
14.08.2025 14:36:59	0,38	0,23	0,19	0,18	0,14	0,05	0,05	0,06	0,10	0,08	0,13	0,42	0,00	0,00	2,39	1,21	0,49	0,00	0,00	4,34	0,00	0,00	0,00	0,00	0,00	0,00	0,00	0,00	0,00	0,00	0,00
14.08.2025 14:37:05	0,39	0,23	0,20	0,20	0,07	0,05	0,02	0,00	0,10	0,00	0,13	0,00	0,00	0,56	0,00	0,30	0,99	0,81	0,00	0,00	0,00	5,82	0,00	0,00	0,00	0,00	0,00	0,00	0,00	0,00	0,00
14.08.2025 14:37:11	0,40	0,28	0,20	0,13	0,07	0,05	0,02	0,00	0,10	0,08	0,00	0,21	0,00	0,56	0,37	0,00	0,00	0,81	0,00	0,00	3,56	0,00	0,00	15,62	0,00	0,00	0,00	0,00	0,00	0,00	0,00
14.08.2025 14:37:17	0,39	0,24	0,19	0,13	0,09	0,07	0,05	0,12	0,00	0,16	0,00	0,42	0,00	0,56	1,47	2,11	1,48	1,62	0,00	0,00	0,00	0,00	0,00	0,00	0,00	0,00	0,00	0,00	0,00	0,00	0,00
14.08.2025 14:37:23	0,40	0,27	0,16	0,15	0,13	0,13	0,04	0,06	0,10	0,00	0,00	0,21	0,00	0,00	0,00	0,00	0,00	0,00	0,00	0,00	0,00	0,00	0,00	0,00	0,00	0,00	0,00	0,00	0,00	0,00	0,00
14.08.2025 14:37:29	0,39	0,27	0,20	0,16	0,10	0,09	0,04	0,03	0,00	0,16	0,00	0,00	0,00	0,56	0,00	0,00	0,00	0,00	0,00	0,00	0,00	0,00	0,00	0,00	0,00	0,00	0,00	0,00	0,00	0,00	0,00
14.08.2025 14:37:35	0,38	0,23	0,18	0,21	0,07	0,05	0,09	0,00	0,05	0,00	0,00	0,21	0,00	0,00	0,00	0,00	0,00	0,00	0,00	0,00	0,00	0,00	0,00	0,00	0,00	0,00	0,00	0,00	0,00	0,00	0,00
14.08.2025 14:37:41	0,39	0,25	0,21	0,19	0,13	0,07	0,04	0,00	0,00	0,16	0,13	0,00	0,34	0,56	0,00	0,00	0,00	0,00	3,97	2,17	3,56	0,00	0,00	0,00	0,00	0,00	0,00	0,00	0,00	0,00	0,00
14.08.2025 14:37:47	0,37	0,25	0,16	0,16	0,10	0,13	0,04	0,06	0,05	0,00	0,00	0,21	0,34	0,00	0,00	0,00	0,00	1,62	1,32	0,00	3,56	0,00	9,54	0,00	0,00	0,00	0,00	0,00	0,00	0,00	0,00
14.08.2025 14:37:53	0,40	0,25	0,16	0,13	0,10	0,09	0,02	0,12	0,05	0,00	0,13	0,21	0,34	1,12	1,10	1,51	0,99	1,62	0,00	0,00	0,00	0,00	0,00	0,00	0,00	0,00	0,00	0,00	0,00	0,00	0,00
14.08.2025 14:37:59	0,39	0,21	0,15	0,13	0,07	0,03	0,04	0,03	0,05	0,00	0,26	0,21	0,69	1,12	0,00	0,00	0,00	2,43	1,32	2,17	0,00	0,00	0,00	0,00	0,00	0,00	0,00	0,00	0,00	0,00	0,00
14.08.2025 14:38:05	0,40	0,26	0,22	0,16	0,09	0,07	0,05	0,06	0,10	0,00	0,00	0,21	0,00	0,56	0,18	0,30	0,00	0,81	0,00	2,17	0,00	0,00	9,54	0,00	0,00	0,00	0,00	0,00	0,00	0,00	0,00
14.08.2025 14:38:11	0,37	0,25	0,20	0,13	0,05	0,08	0,09	0,06	0,00	0,08	0,13	0,42	0,00	0,00	0,00	0,90	0,99	1,62	1,32	0,00	3,56	0,00	9,54	0,00	0,00	0,00	0,00	0,00	0,00	0,00	0,00
14.08.2025 14:38:17	0,40	0,23	0,18	0,17	0,09	0,12	0,04	0,03	0,05	0,00	0,13	0,21	0,00	0,00	0,00	0,00	0,49	0,81	1,32	2,17	0,00	0,00	0,00	0,00	25,59	0,00	0,00	0,00	0,00	0,00	0,00
14.08.2025 14:38:23	0,37	0,24	0,21	0,15	0,07	0,04	0,02	0,03	0,00	0,00	0,00	0,00	0,34	0,00	1,66	1,51	1,48	1,62	0,00	0,00	3,56	0,00	0,00	0,00	0,00	0,00	0,00	0,00	0,00	0,00	0,00
14.08.2025 14:38:29	0,35	0,23	0,18	0,17	0,11	0,09	0,00	0,00	0,05	0,00	0,26	0,00	1,03	1,12	0,00	0,00	0,49	0,81	0,00	2,17	0,00	5,82	9,54	0,00	0,00	0,00	0,00	0,00	0,00	0,00	0,00
14.08.2025 14:38:35	0,40	0,23	0,18	0,12	0,11	0,07	0,04	0,00	0,05	0,08	0,38	0,00	0,69	0,00	1,10	0,60	0,49	0,00	3,97	4,34	3,56	0,00	0,00	0,00	0,00	0,00	0,00	0,00	0,00	0,00	0,00
14.08.2025 14:38:41	0,35	0,21	0,19	0,18	0,05	0,03	0,02	0,12	0,00	0,00	0,00	0,21	0,34	0,56	1,29	0,60	0,00	0,81	0,00	0,00	0,00	0,00	0,00	0,00	0,00	0,00	0,00	0,00	0,00	0,00	0,00
14.08.2025 14:38:47	0,36	0,27	0,16	0,13	0,07	0,08	0,09	0,00	0,05	0,00	0,13	0,00	0,69	0,56	0,55	2,11	1,48	0,81	1,32	0,00	0,00	0,00	0,00	0,00	0,00	0,00	0,00	0,00	0,00	0,00	0,00
14.08.2025 14:38:53	0,37	0,23	0,18	0,15	0,09	0,04	0,05	0,06	0,00	0,00	0,00	0,00	0,34	0,00	0,00	2,11	0,49	0,81	0,00	0,00	0,00	0,00	9,54	0,00	0,00	0,00	0,00	0,00	0,00	0,00	0,00
14.08.2025 14:38:59	0,39	0,25	0,21	0,10	0,13	0,07	0,02	0,03	0,10	0,00	0,26	0,00	0,00	0,00	0,00	0,60	0,00	0,00	3,97	0,00	0,00	0,00	0,00	0,00	0,00	0,00	0,00	0,00	0,00	0,00	0,00
14.08.2025 14:39:05	0,36	0,23	0,16	0,12	0,09	0,05	0,04	0,03	0,00	0,16	0,00	0,00	0,69	0,00	2,03	1,81	0,99	0,00	0,00	2,17	0,00	0,00	0,00	0,00	0,00	0,00	0,00	0,00	0,00	0,00	0,00
14.08.2025 14:39:11	0,37	0,26	0,19	0,12	0,07	0,04	0,00	0,06	0,10	0,00	0,13	0,21	0,00	0,00	0,00	0,00	0,00	0,00	0,00	0,00	0,00	0,00	0,00	0,00	0,00	0,00	0,00	0,00	0,00	0,00	0,00
14.08.2025 14:39:17	0,38	0,23	0,19	0,15	0,10	0,03	0,05	0,03	0,05	0,08	0,00	0,21	0,34	0,00	0,18	1,21	0,49	0,81	1,32	2,17	3,56	0,00	0,00	0,00	0,00	0,00	0,00	0,00	0,00	0,00	0,00
14.08.2025 14:39:23	0,35	0,26	0,18	0,18	0,12	0,04	0,05	0,06	0,00	0,08	0,00	0,00	0,34	0,56	0,37	0,00	0,49	1,62	0,00	0,00	0,00	0,00	0,00	0,00	0,00	0,00	0,00	0,00	0,00	0,00	0,00
14.08.2025 14:39:29	0,39	0,22	0,21	0,20	0,11	0,05	0,07	0,06	0,00	0,08	0,00	0,21	0,34	0,56	0,00	0,00	0,00	0,00	0,00	0,00	0,00	0,00	0,00	0,00	0,00	0,00	0,00	0,00	0,00	0,00	0,00
14.08.2025 14:39:35	0,36	0,26	0,23	0,11	0,08	0,05	0,05	0,03	0,00	0,00	0,26	0,00	0,00	0,00	0,00	0,00	0,00	0,00	0,00	0,00	0,00	0,00	0,00	0,00	0,00	0,00	0,00	0,00	0,00	0,00	0,00
14.08.2025 14:39:41	0,41	0,26	0,20	0,15	0,09	0,07	0,09	0,03	0,00	0,08	0,00	0,21	0,34	0,00	0,00	0,00	0,00	0,81	3,97	2,17	0,00	0,00	0,00	0,00	0,00	0,00	0,00	0,00	0,00	0,00	0,00
14.08.2025 14:39:47	0,36	0,25	0,19	0,13	0,07	0,03	0,04	0,00	0,00	0,23	0,00	0,21	0,00	0,00	0,37	0,00	0,00	0,00	2,65	2,17	0,00	0,00	0,00	0,00	0,00	0,00	0,00	0,00	0,00	0,00	0,00
14.08.2025 14:39:53	0,32	0,22	0,15	0,11	0,09	0,04	0,05	0,03	0,05	0,00	0,00	0,21	0,69	0,00	0,00	0,00	0,00	0,00	0,00	0,00	0,00	0,00	0,00	0,00	0,00	0,00	0,00	0,00	0,00	0,00	0,00
14.08.2025 14:39:59	0,34	0,20	0,14	0,14	0,09	0,02	0,05	0,03	0,00	0,00	0,26	0,00	1,03	0,00	1,47	0,90	0,99	0,00	2,65	0,00	0,00	0,00	0,00	0,00	0,00	0,00	0,00	0,00	0,00	0,00	0,00
14.08.2025 14:40:05	0,41	0,24	0,20	0,17	0,12	0,05	0,11	0,09	0,10	0,16	0,26	0,42	0,34	1,12	2,76	2,11	1,48	0,00	0,00	0,00	0,00	0,00	0,00	0,00	0,00	0,00	0,00	0,00	0,00	0,00	0,00
14.08.2025 14:40:11	0,40	0,25	0,17	0,14	0,11	0,05	0,02	0,00	0,05	0,00	0,13	0,00	0,00	0,56	0,37	0,90	1,48	0,00	0,00	2,17	0,00	0,00	0,00	15,62	0,00	0,00	0,00	0,00	0,00	0,00	0,00
14.08.2025 14:40:17	0,31	0,21	0,21	0,14	0,08	0,04	0,04	0,06	0,05	0,00	0,00	0,00	0,34	1,12	0,18	0,30	0,00	1,62	2,65	0,00	0,00	5,82	19,08	0,00	25,59	0,00	0,00	0,00	0,00	0,00	0,00
14.08.2025 14:40:23	0,39	0,24	0,20	0,14	0,15	0,04	0,07	0,00	0,00	0,08	0,26	0,00	0,69	1,69	0,00	0,00	0,00	0,00	0,00	0,00	0,00	0,00	0,00	0,00	0,00	0,00	0,00	0,00	0,00	0,00	0,00
14.08.2025 14:40:29	0,32	0,21	0,16	0,13	0,09	0,04	0,12	0,03	0,05	0,00	0,26	0,00	0,69	0,56	0,00	0,00	0,00	0,00	0,00	0,00	0,00	0,00	0,00	0,00	0,00	0,00	0,00	0,00	0,00	0,00	0,00
14.08.2025 14:40:35	0,35	0,21	0,18	0,13	0,07	0,02	0,04	0,00	0,05	0,00	0,00	0,00	0,00	0,00	0,00	0,00	0,00	1,62	0,00	0,00	3,56	0,00	9,54	15,62	0,00	0,00	0,00	0,00	0,00	0,00	0,00
14.08.2025 14:40:41	0,30	0,19	0,13	0,11	0,07	0,04	0,09	0,03	0,05	0,00	0,00	0,21	0,00	0,56	1,47	1,21	0,99	2,43	3,97	0,00	3,56	0,00	0,00	15,62	0,00	83,87	68,64	0,00	0,00	0,00	0,00
14.08.2025 14:40:47	0,26	0,18	0,15	0,13	0,07	0,04	0,00	0,00	0,05	0,08	0,00	0,00	0,00	1,12	3,31	0,60	1,98	1,62	1,32	0,00	0,00	5,82	9,54	0,00	0,00	0,00	0,00	112,42	0,00	0,00	0,00
14.08.2025 14:40:53	0,19	0,10	0,10	0,07	0,05	0,03	0,04	0,00	0,05	0,08	0,13	0,21	0,69	0,00	0,55	0,00	0,00	0,81	0,00	0,00	0,00	0,00	9,54	0,00	0,00	0,00	0,00	0,00	0,00	0,00	0,00
14.08.2025 14:40:59	0,16	0,11	0,08	0,06	0,04	0,02	0,02	0,03	0,05	0,16	0,00	0,00	0,00	0,56	0,18	0,60	0,99	0,00	0,00	0,00	0,00	0,00	0,00	0,00	0,00	0,00	0,00	0,00	0,00	0,00	0,00
14.08.2025 14:41:05	0,14	0,08	0,05	0,06	0,04	0,02	0,02	0,00	0,00	0,00	0,26	0,00	1,03	0,56	1,66	2,71	0,00	0,81	0,00	2,17	0,00	0,00	0,00	0,00	0,00	0,00	0,00	0,00	0,00	0,00	0,00
14.08.2025 14:41:11	0,12	0,08	0,06	0,04	0,03	0,01	0,00	0,03	0,00	0,00	0,00	0,00	0,69	0,00	0,74	1,51	0,00	0,00	0,00	0,00	3,56	0,00	0,00	0,00	0,00	0,00	0,00	0,00	0,00	0,00	0,00
14.08.2025 14:41:17	0,12	0,08	0,05	0,06	0,03	0,04	0,00	0,00	0,00	0,00	0,00	0,00	0,00	0,00	0,00	0,00	0,00	0,00	0,00	0,00	0,00	0,00	0,00	0,00	0,00	0,00	0,00	0,00	0,00	0,00	0,00
14.08.2025 14:41:23	0,15	0,09	0,06	0,06	0,03	0,04	0,00	0,03	0,00	0,00	0,00	0,00	0,00	0,00	1,84	1,81	0,49	0,81	1,32	2,17	0,00	0,00	0,00	0,00	0,00	0,00	0,00	0,00	0,00	0,00	0,00
14.08.2025 14:41:29	0,10	0,09	0,07	0,04	0,06	0,03	0,02	0,00	0,14	0,00	0,13	0,00	0,00	0,00	0,74	1,21	0,00	0,81	0,00	0,00	0,00	5,82	0,00	0,00	0,00	0,00	0,00	0,00	0,00	0,00	0,00
14.08.2025 14:41:35	0,15	0,06	0,06	0,06	0,03	0,04	0,04	0,00	0,05	0,00	0,00	0,00	0,00	0,00	0,74	1,21	0,00	0,00	0,00	0,00	7,11	0,00	0,00	0,00	0,00	0,00	0,00	0,00	0,00	0,00	0,00
14.08.2025 14:41:41	0,11	0,07	0,03	0,04	0,02	0,01	0,00	0,00	0,00	0,00	0,00	0,21	0,00	0,00	0,55	1,51	0,00	0,00	0,00	0,00	0,00	0,00	9,54	0,00	25,59	0,00	0,00	0,00	0,00	0,00	0,00
14.08.2025 14:41:47	0,11	0,08	0,05	0,05	0,03	0,00	0,02	0,03	0,10	0,00	0,13	0,00	0,00	0,56	0,00	0,00	0,00	0,00	0,00	0,00	0,00	0,00	0,00	0,00	0,00	0,00	0,00	0,00	0,00	0,00	0,00
14.08.2025 14:41:53	0,07	0,05	0,05	0,01	0,02	0,00	0,00	0,03	0,00	0,00	0,00	0,00	0,00	0,00	0,00	0,00	0,00	0,00	0,00	0,00	0,00	0,00	0,00	0,00	0,00	0,00	0,00	0,00	0,00	0,00	0,00
14.08.2025 14:41:59	0,07	0,04	0,05	0,02	0,01	0,00	0,00	0,00	0,00	0,08	0,00	0,00	0,00	0,00	0,00	0,00	0,00	0,00	0,00	0,00	0,00	0,00	0,00	0,00	0,00	0,00	0,00	0,00	0,00	0,00	0,00
14.08.2025 14:42:05	0,07	0,04	0,03	0,02	0,01	0,00	0,00	0,00	0,00	0,00	0,00	0,21	0,00	0,00	0,92	0,00	0,00	0,00	0,00	0,00	0,00	0,00	0,00	0,00	0,00	0,00	0,00	0,00	0,00	0,00	0,00
14.08.2025 14:42:11	0,06	0,05	0,03	0,05	0,02	0,00	0,00	0,03	0,00	0,00	0,00	0,00	0,00	0,00	0,92	0,00	0,00	0,00	0,00	0,00	0,00	0,00	0,00	0,00	0,00	0,00	0,00	0,00	0,00	0,00	0,00
14.08.2025 14:42:17	0,09	0,07	0,03	0,05	0,03	0,03	0,00	0,00	0,00	0,16	0,00	0,00	0,00	0,00	0,37	0,60	0,00	0,00	0,00	0,00	0,00	0,00	0,00	0,00	25,59	0,00	0,00	0,00	0,00	0,00	0,00
14.08.2025 14:42:23	0,05	0,03	0,02	0,03	0,01	0,01	0,00	0,00	0,00	0,00	0,00	0,00	0,00	0,00	0,00	0,00	0,00	0,00	0,00	0,00	0,00	0,00	0,00	0,00	0,00	0,00	0,00	0,00	0,00	0,00	0,00
14.08.2025 14:42:29	0,09	0,06	0,05	0,04	0,01	0,00	0,00	0,00	0,00	0,00	0,00	0,00	0,00	0,00	0,00	0,00	0,00	0,00	0,00	0,00	0,00	0,00	0,00	0,00	0,00	0,00	0,00	0,00	0,00	0,00	0,00
14.08.2025 14:42:35	0,09	0,06	0,05	0,04	0,01	0,02	0,00	0,03	0,00	0,00	0,13	0,00	0,00	0,00	0,00	0,00	0,00	0,00	0,00	0,00	0,00	0,00	0,00	0,00	0,00	0,00	0,00	0,00	0,00	0,00	0,00
14.08.2025 14:42:41	0,07	0,06	0,04	0,04	0,00	0,00	0,00	0,00	0,00	0,00	0,00	0,00	0,00	0,56	0,00	0,00	0,00	0,00	0,00	0,00	0,00	0,00	0,00	0,00	0,00	0,00	0,00	0,00	0,00	0,00	0,00
14.08.2025 14:42:47	0,04	0,03	0,02	0,00	0,01	0,00	0,00	0,00	0,00	0,00	0,00	0,00	0,00	0,00	0,00	0,00	0,00	0,00	0,00	0,00	0,00	0,00	0,00	0,00	0,00	0,00	0,00	0,00	0,00	0,00	0,00
14.08.2025 14:42:53	0,07	0,04	0,03	0,03	0,01	0,00	0,02	0,00	0,00	0,08	0,00	0,00	0,00	0,56	0,00	0,00	0,00	0,00	0,00	0,00	0,00	0,00	0,00	0,00	0,00	0,00	0,00	0,00	0,00	0,00	0,00
14.08.2025 14:42:59	0,04	0,02	0,02	0,02	0,03	0,01	0,00	0,00	0,00	0,00	0,00	0,00	0,00	0,00	0,00	0,00	0,00	0,00	0,00	0,00	0,00	0,00	0,00	0,00	0,00	0,00	0,00	0,00	0,00	0,00	0,00
14.08.2025 14:43:05	0,02	0,02	0,02	0,01	0,00	0,02	0,00	0,00	0,00	0,08	0,00	0,00	0,00	0,00	0,55	0,60	0,00	0,00	0,00	0,00	0,00	0,00	0,00	0,00	0,00	0,00	0,00	0,00	0,00	0,00	0,00
14.08.2025 14:43:11	0,04	0,02	0,02	0,01	0,00	0,00	0,00	0,00	0,00	0,00	0,00	0,00	0,00	0,00	0,00	0,00	0,00	0,00	0,00	0,00	0,00	0,00	0,00	0,00	0,00	0,00	0,00	0,00	0,00	0,00	0,00
14.08.2025 14:43:17	0,04	0,02	0,01	0,02	0,01	0,02	0,00	0,00	0,00	0,00	0,00	0,00	0,00	0,00	0,00	0,00	0,00	0,00	0,00	0,00	0,00	0,00	0,00	0,00	0,00	0,00	0,00	0,00	0,00	0,00	0,00
14.08.2025 14:43:23	0,04	0,02	0,01	0,01	0,01	0,03	0,00	0,00	0,00	0,00	0,00	0,00	0,00	0,00	0,92	0,00	0,00	0,00	0,00	0,00	0,00	0,00	0,00	0,00	0,00	0,00	0,00	0,00	0,00	0,00	0,00
14.08.2025 14:43:29	0,03	0,02	0,02	0,01	0,03	0,00	0,00	0,00	0,00	0,00	0,00	0,00	0,00	0,00	0,00	0,00	0,00	0,00	0,00	0,00	0,00	0,00	0,00	0,00	0,00	0,00	0,00	0,00	0,00	0,00	0,00
14.08.2025 14:43:35	0,03	0,04	0,01	0,04	0,01	0,01	0,00	0,00	0,00	0,00	0,13	0,00	0,00	0,00	0,92	0,00	0,00	0,00	0,00	0,00	0,00	0,00	0,00	0,00	0,00	0,00	0,00	0,00	0,00	0,00	0,00
14.08.2025 14:43:41	0,02	0,02	0,02	0,01	0,00	0,01	0,00	0,00	0,00	0,00	0,00	0,00	0,00	0,00	0,00	0,00	0,00	0,00	0,00	0,00	0,00	0,00	0,00	0,00	0,00	0,00	0,00	0,00	0,00	0,00	0,00
14.08.2025 14:43:47	0,03	0,02	0,02	0,02	0,01	0,01	0,00	0,00	0,00	0,00	0,00	0,00	0,00	0,00	0,00	0,00	0,00	0,00	0,00	0,00	0,00	0,00	0,00	0,00	0,00	0,00	0,00	0,00	0,00	0,00	0,00
14.08.2025 14:43:53	0,02	0,01	0,00	0,01	0,01	0,00	0,00	0,00	0,00	0,00	0,13	0,00	0,00	0,00	0,00	0,00	0,00	0,00	0,00	0,00	0,00	0,00	0,00	0,00	0,00	0,00	0,00	0,00	0,00	0,00	0,00
14.08.2025 14:43:59	0,02	0,01	0,01	0,01	0,00	0,00	0,00	0,00	0,00	0,00	0,00	0,00	0,00	0,00	0,00	0,00	0,00	0,00	0,00	0,00	0,00	0,00	0,00	0,00	0,00	0,00	0,00	0,00	0,00	0,00	0,00
14.08.2025 14:44:05	0,01	0,00	0,00	0,00	0,00	0,00	0,00	0,00	0,00	0,00	0,00	0,00	0,00	0,56	0,00	0,00	0,00	0,00	0,00	0,00	0,00	0,00	0,00	0,00	0,00	0,00	0,00	0,00	0,00	0,00	0,00
14.08.2025 14:44:11	0,03	0,02	0,01	0,00	0,01	0,00	0,00	0,00	0,00	0,00	0,00	0,00	0,00	0,00	0,00	0,00	0,00	0,00	0,00	0,00	0,00	0,00	0,00	0,00	0,00	0,00	0,00	0,00	0,00	0,00	0,00
14.08.2025 14:44:17	0,03	0,02	0,01	0,01	0,01	0,00	0,00	0,00	0,05	0,00	0,00	0,00	0,00	0,00	0,00	0,00	0,00	0,00	0,00	0,00	0,00	0,00	0,00	0,00	0,00	0,00	0,00	0,00	0,00	0,00	0,00
14.08.2025 14:44:23	0,02	0,01	0,00	0,00	0,00	0,01	0,00	0,00	0,00	0,00	0,00	0,00	0,00	0,00	0,00	0,00	0,00	0,00	0,00	0,00	0,00	0,00	0,00	0,00	0,00	0,00	0,00	0,00	0,00	0,00	0,00
14.08.2025 14:44:29	0,02	0,01	0,00	0,01	0,01	0,00	0,00	0,00	0,00	0,00	0,00	0,00	0,00	0,00	0,00	0,00	0,00	0,00	0,00	0,00	0,00	0,00	0,00	0,00	0,00	0,00	0,00	0,00	0,00	0,00	0,00
14.08.2025 14:44:35	0,02	0,00	0,01	0,02	0,01	0,00	0,00	0,00	0,00	0,00	0,00	0,00	0,00	0,00	0,00	0,00	0,00	0,00	0,00	0,00	0,00	0,00	0,00	0,00	0,00	0,00	0,00	0,00	0,00	0,00	0,00
14.08.2025 14:44:41	0,01	0,00	0,00	0,01	0,00	0,01	0,00	0,00	0,00	0,00	0,00	0,00	0,00	0,00	0,00	0,00	0,00	0,00	0,00	0,00	0,00	0,00	0,00	0,00	0,00	0,00	0,00	0,00	0,00	0,00	0,00
14.08.2025 14:44:47	0,01	0,01	0,01	0,01	0,01	0,00	0,00	0,00	0,00	0,00	0,00	0,00	0,00	0,00	0,00	0,00	0,00	0,00	0,00	0,00	0,00	0,00	0,00	0,00	0,00	0,00	0,00	0,00	0,00	0,00	0,00
14.08.2025 14:44:53	0,01	0,01	0,01	0,00	0,00	0,00	0,00	0,00	0,00	0,00	0,00	0,00	0,00	0,00	0,00	0,00	0,00	0,00	0,00	0,00	0,00	0,00	0,00	0,00	0,00	0,00	0,00	0,00	0,00	0,00	0,00
14.08.2025 14:44:59	0,01	0,00	0,01	0,01	0,01	0,00	0,00	0,00	0,00	0,00	0,00	0,00	0,34	0,00	0,00	0,00	0,00	0,00	0,00	0,00	0,00	0,00	0,00	0,00	0,00	0,00	0,00	0,00	0,00	0,00	0,00
14.08.2025 14:45:05	0,01	0,01	0,00	0,00	0,00	0,00	0,00	0,00	0,00	0,00	0,00	0,00	0,00	0,00	0,00	0,00	0,00	0,00	0,00	0,00	0,00	0,00	0,00	0,00	0,00	0,00	0,00	0,00	0,00	0,00	0,00
14.08.2025 14:45:11	0,01	0,01	0,00	0,00	0,01	0,00	0,00	0,00	0,00	0,00	0,00	0,00	0,00	0,00	0,00	0,00	0,00	0,00	0,00	0,00	0,00	0,00	0,00	0,00	0,00	0,00	0,00	0,00	0,00	0,00	0,00
14.08.2025 14:45:17	0,01	0,01	0,01	0,00	0,00	0,00	0,00	0,00	0,00	0,00	0,00	0,00	0,00	0,00	0,00	0,00	0,00	0,00	0,00	0,00	0,00	0,00	0,00	0,00	0,00	0,00	0,00	0,00	0,00	0,00	0,00
14.08.2025 14:45:23	0,01	0,01	0,00	0,01	0,00	0,00	0,00	0,00	0,00	0,00	0,00	0,00	0,00	0,00	0,00	0,00	0,00	0,00	0,00	0,00	0,00	0,00	0,00	0,00	0,00	0,00	0,00	0,00	0,00	0,00	0,00
14.08.2025 14:45:29	0,01	0,01	0,00	0,00	0,00	0,00	0,00	0,00	0,00	0,00	0,00	0,00	0,00	0,00	0,00	0,00	0,00	0,00	0,00	0,00	0,00	0,00	0,00	0,00	0,00	0,00	0,00	0,00	0,00	0,00	0,00
14.08.2025 14:45:35	0,01	0,00	0,00	0,00	0,00	0,00	0,00	0,00	0,00	0,00	0,00	0,00	0,00	0,00	0,55	0,60	0,00	0,00	0,00	0,00	0,00	0,00	0,00	0,00	0,00	0,00	0,00	0,00	0,00	0,00	0,00
14.08.2025 14:45:41	0,01	0,01	0,00	0,00	0,02	0,00	0,00	0,00	0,00	0,00	0,00	0,00	0,00	0,00	0,00	0,00	0,00	0,00	0,00	0,00	0,00	0,00	0,00	0,00	0,00	0,00	0,00	0,00	0,00	0,00	0,00
14.08.2025 14:45:47	0,00	0,00	0,00	0,00	0,00	0,00	0,00	0,00	0,00	0,00	0,00	0,00	0,00	0,00	0,00	0,00	0,00	0,00	0,00	0,00	0,00	0,00	0,00	0,00	0,00	0,00	0,00	0,00	0,00	0,00	0,00
14.08.2025 14:45:53	0,00	0,00	0,00	0,00	0,00	0,00	0,00	0,00	0,00	0,00	0,00	0,00	0,00	0,00	0,00	0,00	0,00	0,00	0,00	0,00	0,00	0,00	0,00	0,00	0,00	0,00	0,00	0,00	0,00	0,00	0,00
14.08.2025 14:45:59	0,01	0,00	0,00	0,00	0,00	0,00	0,00	0,00	0,00	0,00	0,00	0,00	0,00	0,00	0,00	0,00	0,00	0,00	0,00	0,00	0,00	0,00	0,00	0,00	0,00	0,00	0,00	0,00	0,00	0,00	0,00
14.08.2025 14:46:05	0,00	0,00	0,00	0,00	0,01	0,01	0,00	0,00	0,00	0,00	0,00	0,00	0,00	0,00	0,00	0,00	0,00	0,00	0,00	0,00	0,00	0,00	0,00	0,00	0,00	0,00	0,00	0,00	0,00	0,00	0,00
14.08.2025 14:46:11	0,00	0,00	0,00	0,00	0,00	0,00	0,00	0,00	0,00	0,00	0,00	0,00	0,00	0,00	0,00	0,00	0,00	0,00	0,00	0,00	0,00	0,00	0,00	0,00	0,00	0,00	0,00	0,00	0,00	0,00	0,00
14.08.2025 14:46:17	0,00	0,00	0,01	0,00	0,00	0,00	0,00	0,00	0,00	0,00	0,00	0,00	0,00	0,00	0,00	0,00	0,00	0,00	0,00	0,00	0,00	0,00	0,00	0,00	0,00	0,00	0,00	0,00	0,00	0,00	0,00
14.08.2025 14:46:23	0,01	0,00	0,01	0,00	0,00	0,00	0,00	0,00	0,00	0,00	0,00	0,00	0,00	0,00	0,00	0,00	0,00	0,00	0,00	0,00	0,00	0,00	0,00	0,00	0,00	0,00	0,00	0,00	0,00	0,00	0,00
14.08.2025 14:46:29	0,00	0,00	0,00	0,00	0,00	0,00	0,00	0,00	0,00	0,00	0,00	0,00	0,00	0,00	0,00	0,00	0,00	0,00	0,00	0,00	0,00	0,00	0,00	0,00	0,00	0,00	0,00	0,00	0,00	0,00	0,00
14.08.2025 14:46:35	0,00	0,01	0,00	0,01	0,00	0,00	0,00	0,00	0,00	0,00	0,00	0,00	0,00	0,00	0,00	0,00	0,00	0,00	0,00	0,00	0,00	0,00	0,00	0,00	0,00	0,00	0,00	0,00	0,00	0,00	0,00
14.08.2025 14:46:41	0,01	0,00	0,00	0,00	0,00	0,00	0,00	0,00	0,00	0,00	0,00	0,00	0,00	0,00	0,00	0,00	0,00	0,00	0,00	0,00	0,00	0,00	0,00	0,00	0,00	0,00	0,00	0,00	0,00	0,00	0,00
14.08.2025 14:46:47	0,01	0,00	0,00	0,00	0,00	0,00	0,00	0,00	0,00	0,00	0,00	0,00	0,00	0,00	0,00	0,00	0,00	0,00	0,00	0,00	0,00	0,00	0,00	0,00	0,00	0,00	0,00	0,00	0,00	0,00	0,00
14.08.2025 14:46:53	0,01	0,00	0,00	0,00	0,00	0,00	0,00	0,00	0,00	0,00	0,00	0,00	0,00	0,00	0,00	0,00	0,00	0,00	0,00	0,00	0,00	0,00	0,00	0,00	0,00	0,00	0,00	0,00	0,00	0,00	0,00
14.08.2025 14:46:59	0,00	0,01	0,00	0,00	0,00	0,00	0,00	0,00	0,00	0,00	0,00	0,00	0,00	0,00	0,00	0,00	0,00	0,00	0,00	0,00	0,00	0,00	0,00	0,00	0,00	0,00	0,00	0,00	0,00	0,00	0,00
14.08.2025 14:47:05	0,00	0,00	0,01	0,00	0,01	0,00	0,00	0,03	0,00	0,00	0,00	0,00	0,00	0,00	0,00	0,00	0,00	0,00	0,00	0,00	0,00	0,00	0,00	0,00	0,00	0,00	0,00	0,00	0,00	0,00	0,00
14.08.2025 14:47:11	0,01	0,00	0,00	0,00	0,00	0,00	0,00	0,00	0,00	0,00	0,00	0,00	0,00	0,00	0,00	0,00	0,00	0,00	0,00	0,00	0,00	0,00	0,00	0,00	0,00	0,00	0,00	0,00	0,00	0,00	0,00
14.08.2025 14:47:17	0,00	0,00	0,00	0,00	0,00	0,00	0,00	0,00	0,00	0,00	0,00	0,00	0,00	0,00	0,00	0,00	0,00	0,00	0,00	0,00	0,00	0,00	0,00	0,00	0,00	0,00	0,00	0,00	0,00	0,00	0,00
14.08.2025 14:47:23	0,01	0,00	0,00	0,00	0,00	0,00	0,02	0,00	0,00	0,00	0,00	0,00	0,00	0,00	0,00	0,00	0,00	0,00	0,00	0,00	0,00	0,00	0,00	0,00	0,00	0,00	0,00	0,00	0,00	0,00	0,00
14.08.2025 14:47:29	0,00	0,00	0,00	0,00	0,00	0,00	0,00	0,00	0,00	0,00	0,00	0,00	0,00	0,00	0,00	0,00	0,00	0,00	0,00	0,00	0,00	0,00	0,00	0,00	0,00	0,00	0,00	0,00	0,00	0,00	0,00
14.08.2025 14:47:35	0,00	0,00	0,00	0,00	0,01	0,00	0,00	0,00	0,00	0,00	0,00	0,00	0,00	0,00	0,00	0,00	0,00	0,00	0,00	0,00	0,00	0,00	0,00	0,00	0,00	0,00	0,00	0,00	0,00	0,00	0,00
14.08.2025 14:47:41	0,00	0,00	0,00	0,00	0,01	0,00	0,00	0,00	0,00	0,00	0,00	0,00	0,00	0,00	0,00	0,00	0,00	0,00	0,00	0,00	0,00	0,00	0,00	0,00	0,00	0,00	0,00	0,00	0,00	0,00	0,00
14.08.2025 14:47:47	0,00	0,00	0,00	0,00	0,01	0,00	0,00	0,00	0,00	0,00	0,00	0,00	0,00	0,00	0,00	0,00	0,00	0,00	0,00	0,00	0,00	0,00	0,00	0,00	0,00	0,00	0,00	0,00	0,00	0,00	0,00
14.08.2025 14:47:53	0,01	0,00	0,00	0,00	0,00	0,00	0,00	0,00	0,00	0,00	0,00	0,00	0,00	0,00	0,00	0,00	0,00	0,00	0,00	0,00	0,00	0,00	0,00	0,00	0,00	0,00	0,00	0,00	0,00	0,00	0,00
14.08.2025 14:47:59	0,00	0,00	0,00	0,00	0,00	0,00	0,00	0,00	0,00	0,00	0,00	0,00	0,00	0,00	0,00	0,00	0,00	0,00	0,00	0,00	0,00	0,00	0,00	0,00	0,00	0,00	0,00	0,00	0,00	0,00	0,00
14.08.2025 14:48:05	0,00	0,00	0,00	0,01	0,00	0,00	0,00	0,00	0,00	0,00	0,00	0,00	0,00	0,00	0,00	0,00	0,00	0,00	0,00	0,00	0,00	0,00	0,00	0,00	0,00	0,00	0,00	0,00	0,00	0,00	0,00
14.08.2025 14:48:11	0,01	0,00	0,00	0,00	0,01	0,01	0,00	0,00	0,00	0,00	0,00	0,00	0,00	0,00	0,00	0,00	0,00	0,00	0,00	0,00	0,00	0,00	0,00	0,00	0,00	0,00	0,00	0,00	0,00	0,00	0,00
14.08.2025 14:48:17	0,01	0,00	0,00	0,00	0,00	0,00	0,00	0,00	0,00	0,00	0,00	0,00	0,00	0,00	0,00	0,00	0,00	0,00	0,00	0,00	0,00	0,00	0,00	0,00	0,00	0,00	0,00	0,00	0,00	0,00	0,00
14.08.2025 14:48:23	0,01	0,00	0,01	0,00	0,00	0,00	0,00	0,00	0,00	0,00	0,00	0,00	0,00	0,00	0,00	0,00	0,00	0,00	0,00	0,00	0,00	0,00	0,00	0,00	0,00	0,00	0,00	0,00	0,00	0,00	0,00
14.08.2025 14:48:29	0,01	0,00	0,00	0,00	0,00	0,00	0,00	0,00	0,00	0,00	0,00	0,00	0,00	0,00	0,00	0,00	0,00	0,00	0,00	0,00	0,00	0,00	0,00	0,00	0,00	0,00	0,00	0,00	0,00	0,00	0,00
14.08.2025 14:48:35	0,00	0,00	0,01	0,00	0,00	0,00	0,00	0,00	0,00	0,00	0,00	0,00	0,00	0,00	0,00	0,00	0,00	0,00	0,00	0,00	0,00	0,00	0,00	0,00	0,00	0,00	0,00	0,00	0,00	0,00	0,00
14.08.2025 14:48:41	0,00	0,00	0,00	0,00	0,00	0,00	0,02	0,00	0,00	0,00	0,00	0,00	0,00	0,00	0,00	0,00	0,00	0,00	0,00	0,00	0,00	0,00	0,00	0,00	0,00	0,00	0,00	0,00	0,00	0,00	0,00
14.08.2025 14:48:47	0,00	0,00	0,00	0,01	0,00	0,00	0,00	0,00	0,00	0,00	0,00	0,00	0,00	0,00	0,00	0,00	0,00	0,00	0,00	0,00	0,00	0,00	0,00	0,00	0,00	0,00	0,00	0,00	0,00	0,00	0,00
14.08.2025 14:48:53	0,01	0,01	0,00	0,00	0,00	0,00	0,00	0,00	0,00	0,00	0,00	0,00	0,00	0,00	0,00	0,00	0,00	0,00	0,00	0,00	0,00	0,00	0,00	0,00	0,00	0,00	0,00	0,00	0,00	0,00	0,00
14.08.2025 14:48:59	0,00	0,00	0,00	0,00	0,00	0,00	0,00	0,00	0,00	0,00	0,00	0,00	0,00	0,00	0,00	0,00	0,00	0,00	0,00	0,00	0,00	0,00	0,00	0,00	0,00	0,00	0,00	0,00	0,00	0,00	0,00
14.08.2025 14:49:05	0,01	0,00	0,00	0,00	0,00	0,00	0,00	0,00	0,00	0,00	0,00	0,00	0,00	0,00	0,00	0,00	0,00	0,00	0,00	0,00	0,00	0,00	0,00	0,00	0,00	0,00	0,00	0,00	0,00	0,00	0,00
14.08.2025 14:49:11	0,00	0,00	0,01	0,00	0,00	0,00	0,00	0,00	0,00	0,00	0,00	0,00	0,00	0,00	0,00	0,00	0,00	0,00	0,00	0,00	0,00	0,00	0,00	0,00	0,00	0,00	0,00	0,00	0,00	0,00	0,00
14.08.2025 14:49:17	0,00	0,00	0,00	0,00	0,00	0,00	0,00	0,00	0,00	0,00	0,00	0,00	0,00	0,00	0,00	0,00	0,00	0,00	0,00	0,00	0,00	0,00	0,00	0,00	0,00	0,00	0,00	0,00	0,00	0,00	0,00
14.08.2025 14:49:23	0,00	0,00	0,00	0,00	0,00	0,00	0,00	0,00	0,00	0,00	0,00	0,00	0,00	0,00	0,00	0,00	0,00	0,00	0,00	0,00	0,00	0,00	0,00	0,00	0,00	0,00	0,00	0,00	0,00	0,00	0,00
14.08.2025 14:49:29	0,00	0,00	0,00	0,00	0,00	0,00	0,00	0,00	0,00	0,00	0,00	0,00	0,00	0,00	0,00	0,00	0,00	0,00	0,00	0,00	0,00	0,00	0,00	0,00	0,00	0,00	0,00	0,00	0,00	0,00	0,00
14.08.2025 14:49:35	0,00	0,00	0,00	0,00	0,00	0,00	0,00	0,00	0,00	0,00	0,00	0,00	0,00	0,00	0,00	0,00	0,00	0,00	0,00	0,00	0,00	0,00	0,00	0,00	0,00	0,00	0,00	0,00	0,00	0,00	0,00
14.08.2025 14:49:41	0,00	0,00	0,00	0,00	0,00	0,00	0,00	0,00	0,00	0,00	0,00	0,00	0,00	0,00	0,00	0,00	0,00	0,00	0,00	0,00	0,00	0,00	0,00	0,00	0,00	0,00	0,00	0,00	0,00	0,00	0,00
14.08.2025 14:49:47	0,00	0,00	0,00	0,00	0,01	0,00	0,00	0,00	0,00	0,00	0,00	0,00	0,00	0,00	0,00	0,00	0,00	0,00	0,00	0,00	0,00	0,00	0,00	0,00	0,00	0,00	0,00	0,00	0,00	0,00	0,00
14.08.2025 14:49:53	0,00	0,00	0,00	0,00	0,00	0,00	0,00	0,00	0,00	0,00	0,00	0,00	0,00	0,00	0,00	0,00	0,00	0,00	0,00	0,00	0,00	0,00	0,00	0,00	0,00	0,00	0,00	0,00	0,00	0,00	0,00
14.08.2025 14:49:59	0,00	0,00	0,00	0,00	0,00	0,00	0,00	0,00	0,00	0,00	0,00	0,00	0,00	0,00	0,00	0,00	0,00	0,00	0,00	0,00	0,00	0,00	0,00	0,00	0,00	0,00	0,00	0,00	0,00	0,00	0,00
14.08.2025 14:50:05	0,00	0,00	0,00	0,00	0,00	0,00	0,00	0,00	0,00	0,08	0,00	0,00	0,00	0,00	0,00	0,00	0,00	0,00	0,00	0,00	0,00	0,00	0,00	0,00	0,00	0,00	0,00	0,00	0,00	0,00	0,00
14.08.2025 14:50:11	0,00	0,00	0,00	0,00	0,00	0,00	0,00	0,00	0,00	0,00	0,00	0,00	0,00	0,00	0,00	0,00	0,00	0,00	0,00	0,00	0,00	0,00	0,00	0,00	0,00	0,00	0,00	0,00	0,00	0,00	0,00
14.08.2025 14:50:17	0,01	0,00	0,00	0,00	0,00	0,00	0,00	0,00	0,00	0,00	0,00	0,00	0,00	0,00	0,00	0,00	0,00	0,00	0,00	0,00	0,00	0,00	0,00	0,00	0,00	0,00	0,00	0,00	0,00	0,00	0,00
14.08.2025 14:50:23	0,00	0,00	0,00	0,00	0,00	0,01	0,00	0,00	0,00	0,00	0,00	0,00	0,00	0,00	0,00	0,00	0,00	0,00	0,00	0,00	0,00	0,00	0,00	0,00	0,00	0,00	0,00	0,00	0,00	0,00	0,00
14.08.2025 14:50:29	0,00	0,00	0,00	0,00	0,00	0,00	0,00	0,00	0,00	0,00	0,00	0,00	0,00	0,00	0,00	0,00	0,00	0,00	0,00	0,00	0,00	0,00	0,00	0,00	0,00	0,00	0,00	0,00	0,00	0,00	0,00
14.08.2025 14:50:35	0,00	0,00	0,00	0,00	0,00	0,00	0,00	0,00	0,00	0,00	0,00	0,00	0,00	0,00	0,00	0,00	0,00	0,00	0,00	0,00	0,00	0,00	0,00	0,00	0,00	0,00	0,00	0,00	0,00	0,00	0,00
14.08.2025 14:50:41	0,00	0,00	0,01	0,00	0,00	0,00	0,00	0,00	0,00	0,00	0,00	0,00	0,00	0,00	0,00	0,00	0,00	0,00	0,00	0,00	0,00	0,00	0,00	0,00	0,00	0,00	0,00	0,00	0,00	0,00	0,00
14.08.2025 14:50:47	0,00	0,00	0,00	0,00	0,00	0,00	0,00	0,00	0,00	0,00	0,00	0,00	0,00	0,00	0,00	0,00	0,00	0,00	0,00	0,00	0,00	0,00	0,00	0,00	0,00	0,00	0,00	0,00	0,00	0,00	0,00
14.08.2025 14:50:53	0,00	0,00	0,00	0,00	0,00	0,00	0,00	0,00	0,00	0,00	0,00	0,00	0,00	0,00	0,00	0,00	0,00	0,00	0,00	0,00	0,00	0,00	0,00	0,00	0,00	0,00	0,00	0,00	0,00	0,00	0,00
14.08.2025 14:50:59	0,01	0,00	0,00	0,00	0,01	0,00	0,00	0,00	0,00	0,00	0,00	0,00	0,00	0,00	0,00	0,00	0,00	0,00	0,00	0,00	0,00	0,00	0,00	0,00	0,00	0,00	0,00	0,00	0,00	0,00	0,00
14.08.2025 14:51:05	0,01	0,00	0,00	0,00	0,00	0,00	0,00	0,00	0,00	0,00	0,00	0,00	0,00	0,00	0,00	0,00	0,00	0,00	0,00	0,00	0,00	0,00	0,00	0,00	0,00	0,00	0,00	0,00	0,00	0,00	0,00
14.08.2025 14:51:11	0,00	0,00	0,00	0,01	0,00	0,00	0,00	0,00	0,00	0,00	0,00	0,00	0,00	0,00	0,00	0,00	0,00	0,00	0,00	0,00	0,00	0,00	0,00	0,00	0,00	0,00	0,00	0,00	0,00	0,00	0,00
14.08.2025 14:51:17	0,00	0,00	0,00	0,00	0,00	0,00	0,00	0,00	0,00	0,00	0,00	0,00	0,00	0,00	0,00	0,00	0,00	0,00	0,00	0,00	0,00	0,00	0,00	0,00	0,00	0,00	0,00	0,00	0,00	0,00	0,00
14.08.2025 14:51:23	0,00	0,00	0,00	0,00	0,00	0,00	0,00	0,00	0,00	0,00	0,00	0,00	0,00	0,00	0,00	0,00	0,00	0,00	0,00	0,00	0,00	0,00	0,00	0,00	0,00	0,00	0,00	0,00	0,00	0,00	0,00
14.08.2025 14:51:29	0,00	0,00	0,00	0,00	0,00	0,00	0,00	0,00	0,00	0,00	0,00	0,00	0,00	0,00	0,00	0,00	0,00	0,00	0,00	0,00	0,00	0,00	0,00	0,00	0,00	0,00	0,00	0,00	0,00	0,00	0,00
14.08.2025 14:51:35	0,00	0,00	0,00	0,00	0,00	0,00	0,00	0,00	0,00	0,00	0,00	0,00	0,00	0,00	0,00	0,00	0,00	0,00	0,00	0,00	0,00	0,00	0,00	0,00	0,00	0,00	0,00	0,00	0,00	0,00	0,00
14.08.2025 14:51:41	0,01	0,00	0,00	0,00	0,00	0,00	0,00	0,00	0,00	0,00	0,00	0,00	0,00	0,00	0,00	0,00	0,00	0,00	0,00	0,00	0,00	0,00	0,00	0,00	0,00	0,00	0,00	0,00	0,00	0,00	0,00
14.08.2025 14:51:47	0,00	0,00	0,00	0,00	0,00	0,00	0,00	0,00	0,00	0,00	0,00	0,00	0,00	0,00	0,00	0,00	0,00	0,00	0,00	0,00	0,00	0,00	0,00	0,00	0,00	0,00	0,00	0,00	0,00	0,00	0,00
14.08.2025 14:51:53	0,00	0,00	0,00	0,00	0,00	0,00	0,00	0,00	0,00	0,00	0,00	0,00	0,00	0,00	0,00	0,00	0,00	0,00	0,00	0,00	0,00	0,00	0,00	0,00	0,00	0,00	0,00	0,00	0,00	0,00	0,00
14.08.2025 14:51:59	0,00	0,00	0,00	0,00	0,00	0,00	0,00	0,00	0,00	0,00	0,00	0,00	0,00	0,00	0,00	0,00	0,00	0,00	0,00	0,00	0,00	0,00	0,00	0,00	0,00	0,00	0,00	0,00	0,00	0,00	0,00
14.08.2025 14:52:05	0,00	0,00	0,00	0,00	0,00	0,02	0,00	0,00	0,00	0,00	0,00	0,00	0,00	0,00	0,00	0,00	0,00	0,00	0,00	0,00	0,00	0,00	0,00	0,00	0,00	0,00	0,00	0,00	0,00	0,00	0,00
14.08.2025 14:52:11	0,00	0,00	0,00	0,00	0,00	0,00	0,00	0,00	0,00	0,00	0,00	0,00	0,00	0,00	0,00	0,00	0,00	0,00	0,00	0,00	0,00	0,00	0,00	0,00	0,00	0,00	0,00	0,00	0,00	0,00	0,00
14.08.2025 14:52:17	0,00	0,01	0,00	0,00	0,00	0,00	0,00	0,00	0,00	0,00	0,00	0,00	0,00	0,00	0,00	0,00	0,00	0,00	0,00	0,00	0,00	0,00	0,00	0,00	0,00	0,00	0,00	0,00	0,00	0,00	0,00
14.08.2025 14:52:23	0,00	0,00	0,01	0,00	0,00	0,00	0,00	0,00	0,00	0,00	0,00	0,00	0,00	0,00	0,00	0,00	0,00	0,00	0,00	0,00	0,00	0,00	0,00	0,00	0,00	0,00	0,00	0,00	0,00	0,00	0,00
14.08.2025 14:52:29	0,00	0,00	0,00	0,00	0,00	0,01	0,00	0,00	0,00	0,00	0,00	0,00	0,00	0,00	0,00	0,00	0,00	0,00	0,00	0,00	0,00	0,00	0,00	0,00	0,00	0,00	0,00	0,00	0,00	0,00	0,00
14.08.2025 14:52:35	0,00	0,00	0,01	0,00	0,00	0,00	0,00	0,00	0,00	0,00	0,00	0,00	0,00	0,00	0,00	0,00	0,00	0,00	0,00	0,00	0,00	0,00	0,00	0,00	0,00	0,00	0,00	0,00	0,00	0,00	0,00
14.08.2025 14:52:41	0,00	0,00	0,00	0,00	0,00	0,00	0,00	0,00	0,00	0,00	0,00	0,00	0,00	0,00	0,00	0,00	0,00	0,00	0,00	0,00	0,00	0,00	0,00	0,00	0,00	0,00	0,00	0,00	0,00	0,00	0,00
14.08.2025 14:52:47	0,00	0,01	0,00	0,00	0,00	0,00	0,00	0,00	0,00	0,00	0,00	0,00	0,00	0,00	0,00	0,00	0,00	0,00	0,00	0,00	0,00	0,00	0,00	0,00	0,00	0,00	0,00	0,00	0,00	0,00	0,00
14.08.2025 14:52:53	0,01	0,00	0,01	0,00	0,01	0,00	0,00	0,00	0,00	0,00	0,00	0,00	0,00	0,00	0,00	0,00	0,00	0,00	0,00	0,00	0,00	0,00	0,00	0,00	0,00	0,00	0,00	0,00	0,00	0,00	0,00
14.08.2025 14:52:59	0,00	0,01	0,00	0,00	0,00	0,00	0,00	0,00	0,00	0,00	0,00	0,00	0,00	0,00	0,00	0,00	0,00	0,00	0,00	0,00	0,00	0,00	0,00	0,00	0,00	0,00	0,00	0,00	0,00	0,00	0,00
14.08.2025 14:53:05	0,01	0,01	0,00	0,00	0,00	0,00	0,00	0,00	0,00	0,00	0,00	0,00	0,00	0,00	0,00	0,00	0,00	0,00	0,00	0,00	0,00	0,00	0,00	0,00	0,00	0,00	0,00	0,00	0,00	0,00	0,00
14.08.2025 14:53:11	0,00	0,00	0,00	0,00	0,00	0,00	0,00	0,00	0,00	0,00	0,00	0,00	0,00	0,00	0,00	0,00	0,00	0,00	0,00	0,00	0,00	0,00	0,00	0,00	0,00	0,00	0,00	0,00	0,00	0,00	0,00
14.08.2025 14:53:17	0,00	0,00	0,00	0,00	0,01	0,00	0,00	0,00	0,00	0,00	0,00	0,00	0,00	0,00	0,00	0,00	0,00	0,00	0,00	0,00	0,00	0,00	0,00	0,00	0,00	0,00	0,00	0,00	0,00	0,00	0,00
14.08.2025 14:53:23	0,01	0,00	0,00	0,00	0,00	0,00	0,00	0,00	0,00	0,00	0,00	0,00	0,00	0,00	0,00	0,00	0,00	0,00	0,00	0,00	0,00	0,00	0,00	0,00	0,00	0,00	0,00	0,00	0,00	0,00	0,00
14.08.2025 14:53:29	0,00	0,00	0,00	0,00	0,00	0,00	0,00	0,00	0,00	0,00	0,00	0,00	0,00	0,00	0,00	0,00	0,00	0,00	0,00	0,00	0,00	0,00	0,00	0,00	0,00	0,00	0,00	0,00	0,00	0,00	0,00
14.08.2025 14:53:35	0,01	0,00	0,00	0,00	0,00	0,00	0,00	0,00	0,00	0,00	0,00	0,00	0,00	0,00	0,00	0,00	0,00	0,00	0,00	0,00	0,00	0,00	0,00	0,00	0,00	0,00	0,00	0,00	0,00	0,00	0,00
14.08.2025 14:53:41	0,00	0,00	0,00	0,00	0,00	0,00	0,00	0,00	0,00	0,00	0,00	0,00	0,00	0,00	0,00	0,00	0,00	0,00	0,00	0,00	0,00	0,00	0,00	0,00	0,00	0,00	0,00	0,00	0,00	0,00	0,00
14.08.2025 14:53:47	0,00	0,00	0,00	0,01	0,01	0,00	0,00	0,00	0,00	0,00	0,00	0,00	0,00	0,00	0,00	0,00	0,00	0,00	0,00	0,00	0,00	0,00	0,00	0,00	0,00	0,00	0,00	0,00	0,00	0,00	0,00
14.08.2025 14:53:53	0,00	0,00	0,00	0,00	0,01	0,00	0,02	0,00	0,00	0,00	0,00	0,00	0,00	0,00	0,00	0,00	0,00	0,00	0,00	0,00	0,00	0,00	0,00	0,00	0,00	0,00	0,00	0,00	0,00	0,00	0,00
14.08.2025 14:53:59	0,01	0,00	0,00	0,00	0,00	0,00	0,00	0,00	0,00	0,00	0,00	0,00	0,00	0,00	0,00	0,00	0,00	0,00	0,00	0,00	0,00	0,00	0,00	0,00	0,00	0,00	0,00	0,00	0,00	0,00	0,00
14.08.2025 14:54:05	0,00	0,01	0,00	0,00	0,00	0,00	0,00	0,00	0,00	0,00	0,00	0,00	0,00	0,00	0,00	0,00	0,00	0,00	0,00	0,00	0,00	0,00	0,00	0,00	0,00	0,00	0,00	0,00	0,00	0,00	0,00
14.08.2025 14:54:11	0,01	0,00	0,00	0,01	0,00	0,00	0,00	0,00	0,00	0,00	0,00	0,00	0,00	0,00	0,00	0,00	0,00	0,00	0,00	0,00	0,00	0,00	0,00	0,00	0,00	0,00	0,00	0,00	0,00	0,00	0,00
14.08.2025 14:54:17	0,01	0,01	0,00	0,00	0,00	0,00	0,00	0,00	0,00	0,00	0,00	0,00	0,34	0,00	0,00	0,00	0,00	0,00	0,00	0,00	0,00	0,00	0,00	0,00	0,00	0,00	0,00	0,00	0,00	0,00	0,00
14.08.2025 14:54:23	0,00	0,00	0,00	0,01	0,01	0,00	0,00	0,00	0,00	0,00	0,00	0,00	0,00	0,00	0,00	0,00	0,00	0,00	0,00	0,00	0,00	0,00	0,00	0,00	0,00	0,00	0,00	0,00	0,00	0,00	0,00
14.08.2025 14:54:29	0,01	0,02	0,01	0,02	0,01	0,00	0,00	0,00	0,00	0,00	0,00	0,00	0,00	0,00	0,00	0,00	0,00	0,00	0,00	0,00	0,00	0,00	0,00	0,00	0,00	0,00	0,00	0,00	0,00	0,00	0,00
14.08.2025 14:54:35	0,01	0,01	0,00	0,01	0,00	0,00	0,00	0,00	0,00	0,00	0,00	0,00	0,00	0,00	0,00	0,00	0,00	0,00	0,00	0,00	0,00	0,00	0,00	0,00	0,00	0,00	0,00	0,00	0,00	0,00	0,00
14.08.2025 14:54:41	0,00	0,00	0,00	0,00	0,00	0,00	0,00	0,00	0,00	0,00	0,00	0,00	0,00	0,00	0,00	0,00	0,00	0,00	0,00	0,00	0,00	0,00	0,00	0,00	0,00	0,00	0,00	0,00	0,00	0,00	0,00
14.08.2025 14:54:47	0,01	0,00	0,00	0,00	0,00	0,00	0,00	0,00	0,00	0,00	0,00	0,00	0,00	0,00	0,00	0,00	0,00	0,00	0,00	0,00	0,00	0,00	0,00	0,00	0,00	0,00	0,00	0,00	0,00	0,00	0,00
14.08.2025 14:54:53	0,01	0,00	0,00	0,00	0,00	0,00	0,00	0,00	0,00	0,00	0,00	0,00	0,00	0,00	0,00	0,00	0,00	0,00	0,00	0,00	0,00	0,00	0,00	0,00	0,00	0,00	0,00	0,00	0,00	0,00	0,00
14.08.2025 14:54:59	0,00	0,00	0,00	0,00	0,00	0,00	0,00	0,00	0,00	0,00	0,00	0,00	0,00	0,00	0,00	0,00	0,00	0,00	0,00	0,00	0,00	0,00	0,00	0,00	0,00	0,00	0,00	0,00	0,00	0,00	0,00
14.08.2025 14:55:05	0,00	0,00	0,00	0,00	0,01	0,00	0,00	0,00	0,00	0,00	0,00	0,00	0,00	0,00	0,00	0,00	0,00	0,00	0,00	0,00	0,00	0,00	0,00	0,00	0,00	0,00	0,00	0,00	0,00	0,00	0,00
14.08.2025 14:55:11	0,00	0,00	0,00	0,01	0,00	0,00	0,00	0,00	0,00	0,00	0,00	0,00	0,00	0,00	0,00	0,00	0,00	0,00	0,00	0,00	0,00	0,00	0,00	0,00	0,00	0,00	0,00	0,00	0,00	0,00	0,00
14.08.2025 14:55:17	0,00	0,00	0,01	0,00	0,00	0,00	0,00	0,00	0,00	0,00	0,00	0,00	0,00	0,00	0,00	0,00	0,00	0,00	0,00	0,00	0,00	0,00	0,00	0,00	0,00	0,00	0,00	0,00	0,00	0,00	0,00
14.08.2025 14:55:23	0,01	0,00	0,00	0,00	0,00	0,00	0,00	0,00	0,00	0,00	0,00	0,00	0,00	0,00	0,00	0,00	0,00	0,00	0,00	0,00	0,00	0,00	0,00	0,00	0,00	0,00	0,00	0,00	0,00	0,00	0,00
14.08.2025 14:55:29	0,00	0,00	0,00	0,00	0,00	0,00	0,00	0,00	0,00	0,00	0,00	0,00	0,00	0,00	0,00	0,00	0,00	0,00	0,00	0,00	0,00	0,00	0,00	0,00	0,00	0,00	0,00	0,00	0,00	0,00	0,00
14.08.2025 14:55:35	0,00	0,01	0,00	0,00	0,00	0,00	0,00	0,00	0,00	0,00	0,00	0,00	0,00	0,00	0,00	0,00	0,00	0,00	0,00	0,00	0,00	0,00	0,00	0,00	0,00	0,00	0,00	0,00	0,00	0,00	0,00
14.08.2025 14:55:41	0,01	0,00	0,00	0,00	0,00	0,00	0,00	0,00	0,00	0,00	0,00	0,00	0,00	0,00	0,00	0,00	0,00	0,00	0,00	0,00	0,00	0,00	0,00	0,00	0,00	0,00	0,00	0,00	0,00	0,00	0,00
14.08.2025 14:55:47	0,01	0,00	0,01	0,01	0,00	0,00	0,00	0,00	0,00	0,00	0,00	0,00	0,00	0,00	0,00	0,00	0,00	0,00	0,00	0,00	0,00	0,00	0,00	0,00	0,00	0,00	0,00	0,00	0,00	0,00	0,00
14.08.2025 14:55:53	0,01	0,01	0,00	0,01	0,00	0,01	0,00	0,00	0,00	0,00	0,00	0,00	0,00	0,00	0,00	0,00	0,00	0,00	0,00	0,00	0,00	0,00	0,00	0,00	0,00	0,00	0,00	0,00	0,00	0,00	0,00
14.08.2025 14:55:59	0,01	0,00	0,00	0,00	0,01	0,00	0,00	0,00	0,00	0,00	0,00	0,00	0,00	0,00	0,00	0,00	0,00	0,00	0,00	0,00	0,00	0,00	0,00	0,00	0,00	0,00	0,00	0,00	0,00	0,00	0,00
14.08.2025 14:56:05	0,01	0,00	0,00	0,00	0,01	0,00	0,00	0,00	0,00	0,00	0,00	0,00	0,00	0,00	0,00	0,00	0,00	0,00	0,00	0,00	0,00	0,00	0,00	0,00	0,00	0,00	0,00	0,00	0,00	0,00	0,00
14.08.2025 14:56:11	0,01	0,00	0,00	0,01	0,00	0,00	0,00	0,00	0,00	0,00	0,00	0,00	0,00	0,00	0,00	0,00	0,00	0,00	0,00	0,00	0,00	0,00	0,00	0,00	0,00	0,00	0,00	0,00	0,00	0,00	0,00
14.08.2025 14:56:17	0,01	0,00	0,00	0,00	0,00	0,00	0,00	0,00	0,00	0,00	0,00	0,00	0,00	0,00	0,00	0,00	0,00	0,00	0,00	0,00	0,00	0,00	0,00	0,00	0,00	0,00	0,00	0,00	0,00	0,00	0,00
14.08.2025 14:56:23	0,00	0,00	0,00	0,01	0,00	0,00	0,00	0,00	0,00	0,00	0,00	0,00	0,00	0,00	0,00	0,00	0,00	0,00	0,00	0,00	0,00	0,00	0,00	0,00	0,00	0,00	0,00	0,00	0,00	0,00	0,00
14.08.2025 14:56:29	0,00	0,00	0,00	0,00	0,01	0,00	0,00	0,00	0,00	0,00	0,00	0,00	0,00	0,00	0,00	0,00	0,00	0,00	0,00	0,00	0,00	0,00	0,00	0,00	0,00	0,00	0,00	0,00	0,00	0,00	0,00
14.08.2025 14:56:35	0,00	0,00	0,00	0,00	0,00	0,00	0,00	0,00	0,00	0,00	0,00	0,00	0,00	0,00	0,00	0,00	0,00	0,00	0,00	0,00	0,00	0,00	0,00	0,00	0,00	0,00	0,00	0,00	0,00	0,00	0,00
14.08.2025 14:56:41	0,00	0,00	0,00	0,00	0,00	0,00	0,02	0,00	0,00	0,00	0,00	0,00	0,00	0,00	0,00	0,00	0,00	0,00	0,00	0,00	0,00	0,00	0,00	0,00	0,00	0,00	0,00	0,00	0,00	0,00	0,00
14.08.2025 14:56:47	0,01	0,00	0,01	0,00	0,00	0,00	0,00	0,00	0,00	0,00	0,00	0,00	0,00	0,00	0,00	0,00	0,00	0,00	0,00	0,00	0,00	0,00	0,00	0,00	0,00	0,00	0,00	0,00	0,00	0,00	0,00
14.08.2025 14:56:53	0,01	0,01	0,00	0,01	0,00	0,00	0,00	0,00	0,00	0,00	0,00	0,00	0,00	0,00	0,00	0,00	0,00	0,00	0,00	0,00	0,00	0,00	0,00	0,00	0,00	0,00	0,00	0,00	0,00	0,00	0,00
14.08.2025 14:56:59	0,01	0,01	0,01	0,00	0,00	0,00	0,00	0,00	0,00	0,00	0,00	0,00	0,00	0,00	0,00	0,00	0,00	0,00	0,00	0,00	0,00	0,00	0,00	0,00	0,00	0,00	0,00	0,00	0,00	0,00	0,00
14.08.2025 14:57:05	0,01	0,00	0,00	0,00	0,00	0,00	0,00	0,00	0,00	0,00	0,00	0,00	0,00	0,00	0,00	0,00	0,00	0,00	0,00	0,00	0,00	0,00	0,00	0,00	0,00	0,00	0,00	0,00	0,00	0,00	0,00
14.08.2025 14:57:11	0,01	0,01	0,00	0,00	0,01	0,00	0,00	0,00	0,00	0,00	0,00	0,00	0,00	0,00	0,00	0,00	0,00	0,00	0,00	0,00	0,00	0,00	0,00	0,00	0,00	0,00	0,00	0,00	0,00	0,00	0,00
14.08.2025 14:57:17	0,01	0,01	0,00	0,00	0,00	0,00	0,00	0,00	0,00	0,00	0,00	0,00	0,00	0,00	0,00	0,00	0,00	0,00	0,00	0,00	0,00	0,00	0,00	0,00	0,00	0,00	0,00	0,00	0,00	0,00	0,00
14.08.2025 14:57:23	0,01	0,01	0,00	0,00	0,00	0,00	0,00	0,00	0,00	0,00	0,00	0,00	0,00	0,00	0,00	0,00	0,00	0,00	0,00	0,00	0,00	0,00	0,00	0,00	0,00	0,00	0,00	0,00	0,00	0,00	0,00
14.08.2025 14:57:29	0,01	0,00	0,01	0,00	0,01	0,00	0,00	0,00	0,00	0,00	0,00	0,00	0,00	0,00	0,00	0,00	0,00	0,00	0,00	0,00	0,00	0,00	0,00	0,00	0,00	0,00	0,00	0,00	0,00	0,00	0,00
14.08.2025 14:57:35	0,01	0,02	0,00	0,00	0,00	0,00	0,00	0,03	0,00	0,00	0,00	0,00	0,00	0,00	0,00	0,00	0,00	0,00	0,00	0,00	0,00	0,00	0,00	0,00	0,00	0,00	0,00	0,00	0,00	0,00	0,00
14.08.2025 14:57:41	0,01	0,01	0,01	0,01	0,00	0,00	0,02	0,00	0,00	0,00	0,00	0,00	0,00	0,00	0,00	0,00	0,00	0,00	0,00	0,00	0,00	0,00	0,00	0,00	0,00	0,00	0,00	0,00	0,00	0,00	0,00
14.08.2025 14:57:47	0,00	0,01	0,01	0,01	0,00	0,00	0,00	0,00	0,00	0,00	0,00	0,00	0,00	0,00	0,00	0,00	0,00	0,00	0,00	0,00	0,00	0,00	0,00	0,00	0,00	0,00	0,00	0,00	0,00	0,00	0,00
14.08.2025 14:57:53	0,01	0,00	0,02	0,00	0,00	0,00	0,00	0,00	0,00	0,00	0,00	0,00	0,00	0,00	0,00	0,00	0,00	0,00	0,00	0,00	0,00	0,00	0,00	0,00	0,00	0,00	0,00	0,00	0,00	0,00	0,00
14.08.2025 14:57:59	0,01	0,01	0,01	0,00	0,00	0,00	0,00	0,00	0,00	0,00	0,00	0,00	0,00	0,00	0,00	0,00	0,00	0,00	0,00	0,00	0,00	0,00	0,00	0,00	0,00	0,00	0,00	0,00	0,00	0,00	0,00
14.08.2025 14:58:05	0,01	0,01	0,00	0,00	0,00	0,00	0,00	0,00	0,00	0,00	0,00	0,00	0,00	0,00	0,00	0,00	0,00	0,00	0,00	0,00	0,00	0,00	0,00	0,00	0,00	0,00	0,00	0,00	0,00	0,00	0,00
14.08.2025 14:58:11	0,00	0,00	0,00	0,01	0,00	0,00	0,02	0,00	0,00	0,00	0,00	0,00	0,00	0,00	0,00	0,00	0,00	0,00	0,00	0,00	0,00	0,00	0,00	0,00	0,00	0,00	0,00	0,00	0,00	0,00	0,00
14.08.2025 14:58:17	0,01	0,00	0,00	0,01	0,00	0,00	0,00	0,00	0,00	0,00	0,00	0,00	0,00	0,00	0,00	0,00	0,00	0,00	0,00	0,00	0,00	0,00	0,00	0,00	0,00	0,00	0,00	0,00	0,00	0,00	0,00
14.08.2025 14:58:23	0,01	0,01	0,00	0,01	0,01	0,01	0,00	0,00	0,00	0,00	0,00	0,00	0,00	0,00	0,00	0,00	0,00	0,00	0,00	0,00	0,00	0,00	0,00	0,00	0,00	0,00	0,00	0,00	0,00	0,00	0,00
14.08.2025 14:58:29	0,02	0,01	0,01	0,00	0,01	0,00	0,00	0,00	0,00	0,00	0,00	0,00	0,00	0,00	0,00	0,00	0,00	0,00	0,00	0,00	0,00	0,00	0,00	0,00	0,00	0,00	0,00	0,00	0,00	0,00	0,00
14.08.2025 14:58:35	0,01	0,01	0,01	0,01	0,01	0,00	0,00	0,00	0,00	0,00	0,00	0,00	0,00	0,00	0,00	0,00	0,00	0,00	0,00	0,00	0,00	0,00	0,00	0,00	0,00	0,00	0,00	0,00	0,00	0,00	0,00
14.08.2025 14:58:41	0,01	0,01	0,01	0,00	0,00	0,00	0,00	0,00	0,00	0,00	0,00	0,00	0,00	0,00	0,00	0,00	0,00	0,00	0,00	0,00	0,00	0,00	0,00	0,00	0,00	0,00	0,00	0,00	0,00	0,00	0,00
14.08.2025 14:58:47	0,01	0,01	0,01	0,02	0,01	0,00	0,00	0,00	0,00	0,00	0,00	0,00	0,00	0,00	0,00	0,00	0,00	0,00	0,00	0,00	0,00	0,00	0,00	0,00	0,00	0,00	0,00	0,00	0,00	0,00	0,00
14.08.2025 14:58:53	0,01	0,02	0,02	0,01	0,01	0,00	0,00	0,00	0,00	0,00	0,00	0,00	0,00	0,00	0,00	0,00	0,00	0,00	0,00	0,00	0,00	0,00	0,00	0,00	0,00	0,00	0,00	0,00	0,00	0,00	0,00
14.08.2025 14:58:59	0,02	0,01	0,02	0,01	0,00	0,00	0,00	0,00	0,00	0,00	0,00	0,00	0,00	0,00	0,00	0,00	0,00	0,00	0,00	0,00	0,00	0,00	0,00	0,00	0,00	0,00	0,00	0,00	0,00	0,00	0,00
14.08.2025 14:59:05	0,01	0,01	0,01	0,00	0,00	0,00	0,00	0,00	0,00	0,00	0,00	0,00	0,00	0,00	0,00	0,00	0,00	0,00	0,00	0,00	0,00	0,00	0,00	0,00	0,00	0,00	0,00	0,00	0,00	0,00	0,00
14.08.2025 14:59:11	0,01	0,00	0,01	0,00	0,02	0,00	0,00	0,00	0,00	0,00	0,00	0,00	0,34	0,00	0,00	0,00	0,00	0,00	0,00	0,00	0,00	0,00	0,00	0,00	0,00	0,00	0,00	0,00	0,00	0,00	0,00
14.08.2025 14:59:17	0,02	0,02	0,01	0,00	0,01	0,01	0,00	0,00	0,00	0,00	0,00	0,00	0,00	0,00	0,00	0,00	0,00	0,00	0,00	0,00	0,00	0,00	0,00	0,00	0,00	0,00	0,00	0,00	0,00	0,00	0,00
14.08.2025 14:59:23	0,00	0,01	0,00	0,01	0,00	0,00	0,00	0,00	0,00	0,00	0,00	0,00	0,00	0,00	0,00	0,00	0,00	0,00	0,00	0,00	0,00	0,00	0,00	0,00	0,00	0,00	0,00	0,00	0,00	0,00	0,00
14.08.2025 14:59:29	0,02	0,02	0,01	0,01	0,01	0,00	0,00	0,00	0,00	0,00	0,00	0,00	0,00	0,00	0,00	0,00	0,00	0,00	0,00	0,00	0,00	0,00	0,00	0,00	0,00	0,00	0,00	0,00	0,00	0,00	0,00
14.08.2025 14:59:35	0,02	0,02	0,01	0,00	0,00	0,00	0,00	0,00	0,00	0,00	0,00	0,00	0,00	0,00	0,00	0,00	0,00	0,00	0,00	0,00	0,00	0,00	0,00	0,00	0,00	0,00	0,00	0,00	0,00	0,00	0,00
14.08.2025 14:59:41	0,03	0,01	0,01	0,02	0,00	0,01	0,00	0,00	0,00	0,00	0,00	0,00	0,00	0,00	0,00	0,00	0,00	0,00	0,00	0,00	0,00	0,00	0,00	0,00	0,00	0,00	0,00	0,00	0,00	0,00	0,00
14.08.2025 14:59:47	0,01	0,01	0,01	0,01	0,01	0,02	0,00	0,00	0,05	0,00	0,00	0,00	0,00	0,00	0,00	0,00	0,00	0,00	0,00	0,00	0,00	0,00	0,00	0,00	0,00	0,00	0,00	0,00	0,00	0,00	0,00
14.08.2025 14:59:53	0,01	0,01	0,01	0,01	0,01	0,00	0,00	0,00	0,00	0,00	0,00	0,00	0,00	0,00	0,00	0,00	0,00	0,00	0,00	0,00	0,00	0,00	0,00	0,00	0,00	0,00	0,00	0,00	0,00	0,00	0,00
14.08.2025 14:59:59	0,02	0,02	0,01	0,01	0,00	0,00	0,00	0,00	0,00	0,00	0,00	0,00	0,00	0,56	0,00	0,00	0,00	0,00	0,00	0,00	0,00	0,00	0,00	0,00	0,00	0,00	0,00	0,00	0,00	0,00	0,00
14.08.2025 15:00:05	0,01	0,01	0,01	0,00	0,00	0,01	0,00	0,00	0,00	0,00	0,00	0,00	0,00	0,00	0,00	0,00	0,00	0,00	0,00	0,00	0,00	0,00	0,00	0,00	0,00	0,00	0,00	0,00	0,00	0,00	0,00
14.08.2025 15:00:11	0,02	0,01	0,00	0,01	0,01	0,01	0,00	0,00	0,00	0,00	0,00	0,00	0,00	0,00	0,00	0,00	0,00	0,00	0,00	0,00	0,00	0,00	0,00	0,00	0,00	0,00	0,00	0,00	0,00	0,00	0,00
14.08.2025 15:00:17	0,02	0,01	0,00	0,00	0,00	0,00	0,00	0,00	0,00	0,00	0,00	0,00	0,00	0,00	0,00	0,00	0,00	0,00	0,00	0,00	0,00	0,00	0,00	0,00	0,00	0,00	0,00	0,00	0,00	0,00	0,00
14.08.2025 15:00:23	0,02	0,01	0,01	0,01	0,01	0,00	0,00	0,00	0,00	0,00	0,00	0,00	0,00	0,00	0,00	0,00	0,00	0,00	0,00	0,00	0,00	0,00	0,00	0,00	0,00	0,00	0,00	0,00	0,00	0,00	0,00
14.08.2025 15:00:29	0,02	0,02	0,02	0,01	0,02	0,00	0,02	0,00	0,00	0,00	0,00	0,00	0,00	0,00	0,00	0,00	0,00	0,00	0,00	0,00	0,00	0,00	0,00	0,00	0,00	0,00	0,00	0,00	0,00	0,00	0,00
14.08.2025 15:00:35	0,02	0,02	0,01	0,00	0,00	0,00	0,00	0,00	0,00	0,00	0,00	0,00	0,00	0,00	0,00	0,00	0,00	0,00	0,00	0,00	0,00	0,00	0,00	0,00	0,00	0,00	0,00	0,00	0,00	0,00	0,00
14.08.2025 15:00:41	0,02	0,01	0,00	0,01	0,01	0,00	0,00	0,03	0,00	0,00	0,00	0,00	0,00	0,00	0,00	0,00	0,00	0,00	0,00	0,00	0,00	0,00	0,00	0,00	0,00	0,00	0,00	0,00	0,00	0,00	0,00
14.08.2025 15:00:47	0,01	0,01	0,00	0,00	0,02	0,00	0,00	0,00	0,00	0,00	0,00	0,00	0,00	0,00	0,00	0,00	0,00	0,00	0,00	0,00	0,00	0,00	0,00	0,00	0,00	0,00	0,00	0,00	0,00	0,00	0,00
14.08.2025 15:00:53	0,01	0,02	0,01	0,02	0,00	0,00	0,00	0,00	0,00	0,00	0,00	0,00	0,00	0,00	0,00	0,00	0,00	0,00	0,00	0,00	0,00	0,00	0,00	0,00	0,00	0,00	0,00	0,00	0,00	0,00	0,00
14.08.2025 15:00:59	0,01	0,01	0,01	0,00	0,00	0,00	0,00	0,00	0,00	0,00	0,00	0,00	0,00	0,00	0,00	0,00	0,00	0,00	0,00	0,00	0,00	0,00	0,00	0,00	0,00	0,00	0,00	0,00	0,00	0,00	0,00
14.08.2025 15:01:05	0,02	0,02	0,01	0,00	0,01	0,01	0,00	0,00	0,00	0,00	0,00	0,00	0,00	0,00	0,92	0,00	0,00	0,00	0,00	0,00	0,00	0,00	0,00	0,00	0,00	0,00	0,00	0,00	0,00	0,00	0,00
14.08.2025 15:01:11	0,02	0,02	0,01	0,01	0,01	0,01	0,00	0,00	0,00	0,00	0,00	0,00	0,00	0,00	0,00	0,00	0,00	0,00	0,00	0,00	0,00	0,00	0,00	0,00	0,00	0,00	0,00	0,00	0,00	0,00	0,00
14.08.2025 15:01:17	0,03	0,02	0,01	0,01	0,00	0,00	0,00	0,00	0,00	0,00	0,00	0,00	0,00	0,00	0,00	0,00	0,00	0,00	0,00	0,00	0,00	0,00	0,00	0,00	0,00	0,00	0,00	0,00	0,00	0,00	0,00
14.08.2025 15:01:23	0,02	0,03	0,01	0,01	0,01	0,00	0,00	0,00	0,00	0,00	0,00	0,00	0,00	0,00	0,00	0,00	0,00	0,00	0,00	0,00	0,00	0,00	0,00	0,00	0,00	0,00	0,00	0,00	0,00	0,00	0,00
14.08.2025 15:01:29	0,02	0,01	0,01	0,01	0,01	0,01	0,00	0,00	0,00	0,00	0,00	0,00	0,00	0,00	0,00	0,00	0,00	0,00	0,00	0,00	0,00	0,00	0,00	0,00	0,00	0,00	0,00	0,00	0,00	0,00	0,00
14.08.2025 15:01:35	0,02	0,01	0,01	0,01	0,00	0,01	0,00	0,00	0,00	0,00	0,00	0,00	0,00	0,00	0,00	0,00	0,00	0,00	0,00	0,00	0,00	0,00	0,00	0,00	0,00	0,00	0,00	0,00	0,00	0,00	0,00
14.08.2025 15:01:41	0,02	0,01	0,02	0,00	0,01	0,00	0,00	0,00	0,00	0,00	0,00	0,00	0,00	0,00	0,00	0,00	0,00	0,00	0,00	0,00	0,00	0,00	0,00	0,00	0,00	0,00	0,00	0,00	0,00	0,00	0,00
14.08.2025 15:01:47	0,02	0,02	0,02	0,00	0,01	0,00	0,00	0,00	0,00	0,00	0,00	0,00	0,00	0,00	0,00	0,00	0,00	0,00	0,00	0,00	0,00	0,00	0,00	0,00	0,00	0,00	0,00	0,00	0,00	0,00	0,00
14.08.2025 15:01:53	0,03	0,02	0,02	0,00	0,01	0,00	0,02	0,00	0,00	0,00	0,00	0,00	0,00	0,00	0,00	0,00	0,00	0,00	0,00	0,00	0,00	0,00	0,00	0,00	0,00	0,00	0,00	0,00	0,00	0,00	0,00
14.08.2025 15:01:59	0,02	0,02	0,01	0,00	0,01	0,00	0,00	0,00	0,00	0,00	0,00	0,00	0,00	0,00	0,92	0,00	0,00	0,00	0,00	0,00	0,00	0,00	0,00	0,00	0,00	0,00	0,00	0,00	0,00	0,00	0,00
14.08.2025 15:02:05	0,04	0,02	0,01	0,02	0,01	0,01	0,00	0,00	0,00	0,00	0,00	0,00	0,00	0,00	0,00	0,00	0,00	0,00	0,00	0,00	0,00	0,00	0,00	0,00	0,00	0,00	0,00	0,00	0,00	0,00	0,00
14.08.2025 15:02:11	0,02	0,01	0,01	0,00	0,01	0,00	0,00	0,00	0,00	0,00	0,00	0,00	0,34	0,00	0,00	0,00	0,00	0,00	0,00	0,00	0,00	0,00	0,00	0,00	0,00	0,00	0,00	0,00	0,00	0,00	0,00
14.08.2025 15:02:17	0,04	0,02	0,02	0,02	0,01	0,00	0,00	0,00	0,00	0,00	0,00	0,00	0,00	0,00	0,00	0,00	0,00	0,00	0,00	0,00	0,00	0,00	0,00	0,00	0,00	0,00	0,00	0,00	0,00	0,00	0,00
14.08.2025 15:02:23	0,02	0,02	0,02	0,02	0,01	0,01	0,00	0,00	0,00	0,00	0,00	0,00	0,00	0,00	0,00	0,00	0,00	0,00	0,00	0,00	0,00	0,00	0,00	0,00	0,00	0,00	0,00	0,00	0,00	0,00	0,00
14.08.2025 15:02:29	0,03	0,02	0,01	0,01	0,01	0,00	0,02	0,00	0,00	0,00	0,00	0,00	0,00	0,00	0,00	0,00	0,00	0,00	0,00	0,00	0,00	0,00	0,00	0,00	0,00	0,00	0,00	0,00	0,00	0,00	0,00
14.08.2025 15:02:35	0,03	0,03	0,01	0,02	0,01	0,01	0,00	0,00	0,00	0,00	0,00	0,00	0,00	0,00	0,00	0,00	0,00	0,00	0,00	0,00	0,00	0,00	0,00	0,00	0,00	0,00	0,00	0,00	0,00	0,00	0,00
14.08.2025 15:02:41	0,03	0,03	0,01	0,02	0,01	0,00	0,00	0,00	0,00	0,00	0,00	0,00	0,00	0,00	0,00	0,00	0,00	0,00	0,00	0,00	0,00	0,00	0,00	0,00	0,00	0,00	0,00	0,00	0,00	0,00	0,00
14.08.2025 15:02:47	0,02	0,02	0,03	0,01	0,00	0,01	0,02	0,00	0,00	0,00	0,00	0,00	0,00	0,00	0,00	0,00	0,00	0,00	0,00	0,00	0,00	0,00	0,00	0,00	0,00	0,00	0,00	0,00	0,00	0,00	0,00
14.08.2025 15:02:53	0,03	0,02	0,02	0,01	0,01	0,01	0,00	0,00	0,00	0,00	0,00	0,00	0,00	0,00	0,00	0,00	0,00	0,00	0,00	0,00	0,00	0,00	0,00	0,00	0,00	0,00	0,00	0,00	0,00	0,00	0,00
14.08.2025 15:02:59	0,02	0,02	0,01	0,01	0,01	0,01	0,00	0,00	0,00	0,00	0,00	0,00	0,00	0,00	0,00	0,00	0,00	0,00	0,00	0,00	0,00	0,00	0,00	0,00	0,00	0,00	0,00	0,00	0,00	0,00	0,00
14.08.2025 15:03:05	0,02	0,01	0,01	0,01	0,01	0,01	0,00	0,00	0,00	0,00	0,00	0,00	0,00	0,00	0,00	0,00	0,00	0,00	0,00	0,00	0,00	0,00	0,00	0,00	0,00	0,00	0,00	0,00	0,00	0,00	0,00
14.08.2025 15:03:11	0,02	0,02	0,01	0,00	0,00	0,00	0,02	0,00	0,00	0,00	0,00	0,00	0,00	0,00	0,00	0,00	0,00	0,00	0,00	0,00	0,00	0,00	0,00	0,00	0,00	0,00	0,00	0,00	0,00	0,00	0,00
14.08.2025 15:03:17	0,05	0,03	0,03	0,01	0,00	0,00	0,02	0,00	0,00	0,00	0,00	0,00	0,00	0,00	0,00	0,00	0,00	0,00	0,00	0,00	0,00	0,00	0,00	0,00	0,00	0,00	0,00	0,00	0,00	0,00	0,00
14.08.2025 15:03:23	0,02	0,01	0,01	0,01	0,02	0,01	0,00	0,00	0,00	0,00	0,00	0,00	0,00	0,00	0,00	0,00	0,00	0,00	0,00	0,00	0,00	0,00	0,00	0,00	0,00	0,00	0,00	0,00	0,00	0,00	0,00
14.08.2025 15:03:29	0,05	0,01	0,01	0,01	0,01	0,01	0,02	0,00	0,00	0,00	0,00	0,00	0,00	0,00	0,00	0,00	0,00	0,00	0,00	0,00	0,00	0,00	0,00	0,00	0,00	0,00	0,00	0,00	0,00	0,00	0,00
14.08.2025 15:03:35	0,06	0,02	0,02	0,02	0,02	0,00	0,00	0,00	0,00	0,00	0,00	0,00	0,00	0,00	0,00	0,00	0,00	0,00	0,00	0,00	0,00	0,00	0,00	0,00	0,00	0,00	0,00	0,00	0,00	0,00	0,00
14.08.2025 15:03:41	0,03	0,02	0,01	0,02	0,03	0,00	0,00	0,00	0,00	0,00	0,00	0,00	0,00	0,00	0,00	0,00	0,00	0,00	0,00	0,00	0,00	0,00	0,00	0,00	0,00	0,00	0,00	0,00	0,00	0,00	0,00
14.08.2025 15:03:47	0,03	0,03	0,02	0,02	0,03	0,00	0,00	0,00	0,00	0,00	0,00	0,00	0,00	0,00	0,00	0,00	0,00	0,00	0,00	0,00	0,00	0,00	0,00	0,00	0,00	0,00	0,00	0,00	0,00	0,00	0,00
14.08.2025 15:03:53	0,03	0,03	0,02	0,02	0,01	0,00	0,00	0,00	0,00	0,00	0,00	0,00	0,00	0,00	0,00	0,00	0,00	0,00	0,00	0,00	0,00	0,00	0,00	0,00	0,00	0,00	0,00	0,00	0,00	0,00	0,00
14.08.2025 15:03:59	0,03	0,03	0,02	0,03	0,01	0,00	0,00	0,00	0,00	0,00	0,00	0,00	0,00	0,00	0,00	0,00	0,00	0,00	0,00	0,00	0,00	0,00	0,00	0,00	0,00	0,00	0,00	0,00	0,00	0,00	0,00
14.08.2025 15:04:05	0,03	0,02	0,04	0,02	0,03	0,00	0,00	0,00	0,00	0,00	0,00	0,00	0,00	0,00	0,00	0,00	0,00	0,00	0,00	0,00	0,00	0,00	0,00	0,00	0,00	0,00	0,00	0,00	0,00	0,00	0,00
14.08.2025 15:04:11	0,04	0,03	0,02	0,02	0,01	0,00	0,00	0,00	0,00	0,00	0,00	0,00	0,00	0,00	0,00	0,00	0,00	0,00	0,00	0,00	0,00	0,00	0,00	0,00	0,00	0,00	0,00	0,00	0,00	0,00	0,00
14.08.2025 15:04:17	0,04	0,03	0,02	0,03	0,01	0,01	0,02	0,00	0,00	0,00	0,00	0,00	0,00	0,00	0,00	0,00	0,00	0,00	0,00	0,00	0,00	0,00	0,00	0,00	0,00	0,00	0,00	0,00	0,00	0,00	0,00
14.08.2025 15:04:23	0,03	0,03	0,03	0,01	0,01	0,00	0,00	0,00	0,00	0,00	0,00	0,00	0,00	0,00	0,00	0,00	0,00	0,00	0,00	0,00	0,00	0,00	0,00	0,00	0,00	0,00	0,00	0,00	0,00	0,00	0,00
14.08.2025 15:04:29	0,04	0,02	0,02	0,02	0,01	0,00	0,02	0,00	0,05	0,00	0,00	0,00	0,00	0,00	0,00	0,00	0,00	0,00	0,00	0,00	0,00	0,00	0,00	0,00	0,00	0,00	0,00	0,00	0,00	0,00	0,00
14.08.2025 15:04:35	0,04	0,04	0,05	0,04	0,02	0,02	0,00	0,00	0,05	0,00	0,00	0,00	0,00	0,00	0,00	0,00	0,00	0,00	0,00	0,00	0,00	0,00	0,00	0,00	0,00	0,00	0,00	0,00	0,00	0,00	0,00
14.08.2025 15:04:41	0,05	0,03	0,02	0,02	0,01	0,00	0,02	0,00	0,00	0,00	0,00	0,21	0,00	0,56	0,00	0,00	0,00	0,00	0,00	0,00	0,00	0,00	0,00	0,00	0,00	0,00	0,00	0,00	0,00	0,00	0,00
14.08.2025 15:04:47	0,02	0,02	0,02	0,02	0,00	0,00	0,00	0,03	0,00	0,00	0,00	0,00	0,00	0,00	0,00	0,00	0,00	0,00	0,00	0,00	0,00	0,00	0,00	0,00	0,00	0,00	0,00	0,00	0,00	0,00	0,00
14.08.2025 15:04:53	0,04	0,04	0,03	0,01	0,01	0,00	0,02	0,00	0,00	0,00	0,00	0,00	0,00	0,00	0,92	0,00	0,00	0,00	0,00	0,00	0,00	0,00	0,00	0,00	0,00	0,00	0,00	0,00	0,00	0,00	0,00
14.08.2025 15:04:59	0,02	0,01	0,01	0,02	0,01	0,00	0,00	0,00	0,00	0,00	0,00	0,00	0,00	0,00	0,00	0,00	0,00	0,00	0,00	0,00	0,00	0,00	0,00	0,00	0,00	0,00	0,00	0,00	0,00	0,00	0,00
14.08.2025 15:05:05	0,06	0,04	0,02	0,01	0,01	0,00	0,00	0,00	0,00	0,08	0,00	0,00	0,00	0,00	0,92	0,00	0,00	0,00	0,00	0,00	0,00	0,00	0,00	0,00	0,00	0,00	0,00	0,00	0,00	0,00	0,00
14.08.2025 15:05:11	0,03	0,02	0,01	0,01	0,01	0,00	0,00	0,00	0,00	0,00	0,00	0,00	0,00	0,00	0,00	0,00	0,00	0,00	0,00	0,00	0,00	0,00	0,00	0,00	0,00	0,00	0,00	0,00	0,00	0,00	0,00
14.08.2025 15:05:17	0,05	0,03	0,04	0,02	0,01	0,01	0,00	0,00	0,00	0,00	0,00	0,00	0,00	0,00	0,00	0,00	0,00	0,00	0,00	0,00	0,00	0,00	0,00	0,00	0,00	0,00	0,00	0,00	0,00	0,00	0,00
14.08.2025 15:05:23	0,05	0,03	0,02	0,01	0,00	0,00	0,00	0,00	0,00	0,00	0,00	0,00	0,00	0,00	0,00	0,00	0,00	0,00	0,00	0,00	0,00	0,00	0,00	0,00	0,00	0,00	0,00	0,00	0,00	0,00	0,00
14.08.2025 15:05:29	0,03	0,02	0,03	0,01	0,01	0,02	0,02	0,00	0,00	0,00	0,00	0,00	0,00	0,00	0,00	0,00	0,00	0,00	0,00	0,00	0,00	0,00	0,00	0,00	0,00	0,00	0,00	0,00	0,00	0,00	0,00
14.08.2025 15:05:35	0,04	0,03	0,00	0,01	0,01	0,00	0,00	0,00	0,00	0,00	0,00	0,00	0,00	0,00	0,00	0,00	0,00	0,00	0,00	0,00	0,00	0,00	0,00	0,00	0,00	0,00	0,00	0,00	0,00	0,00	0,00
14.08.2025 15:05:41	0,03	0,02	0,01	0,00	0,00	0,00	0,00	0,00	0,00	0,00	0,00	0,00	0,00	0,00	0,00	0,00	0,00	0,00	0,00	0,00	0,00	0,00	0,00	0,00	0,00	0,00	0,00	0,00	0,00	0,00	0,00
14.08.2025 15:05:47	0,04	0,02	0,03	0,02	0,01	0,01	0,00	0,00	0,00	0,00	0,00	0,00	0,00	0,00	0,00	0,00	0,00	0,00	0,00	0,00	0,00	0,00	0,00	0,00	0,00	0,00	0,00	0,00	0,00	0,00	0,00
14.08.2025 15:05:53	0,04	0,03	0,02	0,02	0,01	0,01	0,00	0,00	0,00	0,00	0,00	0,00	0,00	0,00	0,00	0,00	0,00	0,00	0,00	0,00	0,00	0,00	0,00	0,00	0,00	0,00	0,00	0,00	0,00	0,00	0,00
14.08.2025 15:05:59	0,03	0,01	0,02	0,02	0,01	0,02	0,00	0,00	0,00	0,00	0,00	0,00	0,00	0,00	0,00	0,00	0,00	0,00	0,00	0,00	0,00	0,00	0,00	0,00	0,00	0,00	0,00	0,00	0,00	0,00	0,00
14.08.2025 15:06:05	0,03	0,03	0,02	0,02	0,02	0,01	0,00	0,00	0,00	0,00	0,00	0,00	0,00	0,00	0,00	0,00	0,00	0,00	0,00	0,00	0,00	0,00	0,00	0,00	0,00	0,00	0,00	0,00	0,00	0,00	0,00
14.08.2025 15:06:11	0,04	0,03	0,03	0,02	0,01	0,01	0,00	0,00	0,00	0,08	0,00	0,00	0,00	0,00	0,00	0,00	0,00	0,00	0,00	0,00	0,00	0,00	0,00	0,00	0,00	0,00	0,00	0,00	0,00	0,00	0,00
14.08.2025 15:06:17	0,01	0,01	0,00	0,00	0,00	0,00	0,00	0,00	0,00	0,00	0,00	0,00	0,00	0,00	0,92	0,00	0,00	0,00	0,00	0,00	0,00	0,00	0,00	0,00	0,00	0,00	0,00	0,00	0,00	0,00	0,00
14.08.2025 15:06:23	0,03	0,02	0,01	0,02	0,01	0,00	0,00	0,00	0,00	0,00	0,00	0,00	0,00	0,00	0,00	0,00	0,00	0,00	0,00	0,00	0,00	0,00	0,00	0,00	0,00	0,00	0,00	0,00	0,00	0,00	0,00
14.08.2025 15:06:29	0,03	0,02	0,02	0,01	0,02	0,00	0,00	0,00	0,00	0,00	0,00	0,00	0,00	0,00	0,00	0,00	0,00	0,00	0,00	0,00	0,00	0,00	0,00	0,00	0,00	0,00	0,00	0,00	0,00	0,00	0,00
14.08.2025 15:06:35	0,04	0,04	0,01	0,00	0,01	0,00	0,02	0,00	0,00	0,08	0,00	0,00	0,00	0,00	0,00	0,00	0,00	0,00	0,00	0,00	0,00	0,00	0,00	0,00	0,00	0,00	0,00	0,00	0,00	0,00	0,00
14.08.2025 15:06:41	0,02	0,01	0,01	0,02	0,01	0,01	0,00	0,00	0,00	0,00	0,00	0,00	0,00	0,00	0,00	0,00	0,00	0,00	0,00	0,00	0,00	0,00	0,00	0,00	0,00	0,00	0,00	0,00	0,00	0,00	0,00
14.08.2025 15:06:47	0,03	0,01	0,02	0,02	0,01	0,01	0,00	0,00	0,00	0,00	0,00	0,00	0,00	0,00	0,00	0,00	0,00	0,00	0,00	0,00	0,00	0,00	0,00	0,00	0,00	0,00	0,00	0,00	0,00	0,00	0,00
14.08.2025 15:06:53	0,04	0,02	0,02	0,02	0,01	0,00	0,02	0,00	0,00	0,00	0,00	0,00	0,00	0,00	0,00	0,00	0,00	0,00	0,00	0,00	0,00	0,00	0,00	0,00	0,00	0,00	0,00	0,00	0,00	0,00	0,00
14.08.2025 15:06:59	0,04	0,03	0,03	0,01	0,00	0,01	0,02	0,00	0,00	0,00	0,00	0,00	0,00	0,00	0,00	0,00	0,00	0,00	0,00	0,00	0,00	0,00	0,00	0,00	0,00	0,00	0,00	0,00	0,00	0,00	0,00
14.08.2025 15:07:05	0,03	0,02	0,01	0,02	0,00	0,00	0,00	0,00	0,00	0,00	0,00	0,00	0,00	0,00	0,00	0,00	0,00	0,00	0,00	0,00	0,00	0,00	0,00	0,00	0,00	0,00	0,00	0,00	0,00	0,00	0,00
14.08.2025 15:07:11	0,03	0,02	0,02	0,01	0,01	0,00	0,00	0,00	0,00	0,00	0,00	0,00	0,00	0,00	0,00	0,00	0,00	0,00	0,00	0,00	0,00	0,00	0,00	0,00	0,00	0,00	0,00	0,00	0,00	0,00	0,00
14.08.2025 15:07:17	0,04	0,04	0,02	0,03	0,01	0,00	0,00	0,03	0,00	0,00	0,00	0,00	0,00	0,00	0,00	0,00	0,00	0,00	0,00	0,00	0,00	0,00	0,00	0,00	0,00	0,00	0,00	0,00	0,00	0,00	0,00
14.08.2025 15:07:23	0,04	0,03	0,02	0,02	0,02	0,00	0,00	0,00	0,00	0,00	0,26	0,00	0,00	0,00	0,00	0,00	0,00	0,00	0,00	0,00	0,00	0,00	0,00	0,00	0,00	0,00	0,00	0,00	0,00	0,00	0,00
14.08.2025 15:07:29	0,05	0,03	0,04	0,02	0,01	0,01	0,00	0,00	0,00	0,00	0,00	0,00	0,00	0,00	0,00	0,00	0,00	0,00	0,00	0,00	0,00	0,00	0,00	0,00	0,00	0,00	0,00	0,00	0,00	0,00	0,00
14.08.2025 15:07:35	0,04	0,04	0,02	0,02	0,01	0,00	0,00	0,00	0,05	0,00	0,00	0,00	0,00	0,00	0,00	0,00	0,00	0,00	0,00	0,00	0,00	0,00	0,00	0,00	0,00	0,00	0,00	0,00	0,00	0,00	0,00
14.08.2025 15:07:41	0,05	0,04	0,02	0,01	0,02	0,02	0,00	0,00	0,00	0,00	0,00	0,00	0,00	0,00	0,00	0,00	0,00	0,00	0,00	0,00	0,00	0,00	0,00	0,00	0,00	0,00	0,00	0,00	0,00	0,00	0,00
14.08.2025 15:07:47	0,10	0,13	0,07	0,04	0,02	0,02	0,00	0,00	0,00	0,00	0,00	0,21	0,34	0,00	0,00	0,00	0,00	0,00	0,00	0,00	0,00	0,00	0,00	0,00	0,00	0,00	0,00	0,00	0,00	0,00	0,00
14.08.2025 15:07:53	0,04	0,03	0,02	0,02	0,01	0,00	0,00	0,00	0,00	0,00	0,13	0,00	0,00	0,00	0,00	0,00	0,00	0,00	0,00	0,00	0,00	0,00	0,00	0,00	0,00	0,00	0,00	0,00	0,00	0,00	0,00
14.08.2025 15:07:59	0,03	0,03	0,02	0,01	0,02	0,01	0,00	0,00	0,00	0,00	0,00	0,00	0,00	0,00	0,00	0,00	0,00	0,00	0,00	0,00	0,00	0,00	0,00	0,00	0,00	0,00	0,00	0,00	0,00	0,00	0,00
14.08.2025 15:08:05	0,02	0,02	0,01	0,02	0,00	0,00	0,00	0,00	0,00	0,00	0,13	0,00	0,00	0,00	0,00	0,00	0,00	0,00	0,00	0,00	0,00	0,00	0,00	0,00	0,00	0,00	0,00	0,00	0,00	0,00	0,00
14.08.2025 15:08:11	0,04	0,02	0,03	0,02	0,01	0,00	0,00	0,00	0,00	0,00	0,00	0,00	0,00	0,00	0,00	0,00	0,00	0,00	0,00	0,00	0,00	0,00	0,00	0,00	0,00	0,00	0,00	0,00	0,00	0,00	0,00
14.08.2025 15:08:17	0,04	0,04	0,03	0,02	0,01	0,01	0,00	0,03	0,00	0,00	0,13	0,00	0,00	0,00	0,00	0,00	0,00	0,00	0,00	0,00	0,00	0,00	0,00	0,00	0,00	0,00	0,00	0,00	0,00	0,00	0,00
14.08.2025 15:08:23	0,04	0,03	0,02	0,03	0,01	0,04	0,02	0,00	0,00	0,00	0,00	0,00	0,00	0,00	0,00	0,00	0,00	0,00	0,00	0,00	0,00	0,00	0,00	0,00	0,00	0,00	0,00	0,00	0,00	0,00	0,00
14.08.2025 15:08:29	0,05	0,03	0,03	0,03	0,00	0,01	0,00	0,00	0,00	0,00	0,00	0,00	0,00	0,00	0,00	0,00	0,00	0,00	0,00	0,00	0,00	0,00	0,00	0,00	0,00	0,00	0,00	0,00	0,00	0,00	0,00
14.08.2025 15:08:35	0,06	0,02	0,04	0,04	0,01	0,00	0,00	0,00	0,00	0,00	0,00	0,00	0,00	0,00	0,00	0,00	0,00	0,00	0,00	0,00	0,00	0,00	0,00	0,00	0,00	0,00	0,00	0,00	0,00	0,00	0,00
14.08.2025 15:08:41	0,04	0,03	0,02	0,02	0,00	0,00	0,00	0,00	0,00	0,00	0,00	0,00	0,00	0,00	0,00	0,00	0,00	0,00	0,00	0,00	0,00	0,00	0,00	0,00	0,00	0,00	0,00	0,00	0,00	0,00	0,00
14.08.2025 15:08:47	0,04	0,02	0,02	0,03	0,01	0,00	0,00	0,00	0,00	0,00	0,00	0,00	0,00	0,00	0,00	0,00	0,00	0,00	0,00	0,00	0,00	0,00	0,00	0,00	0,00	0,00	0,00	0,00	0,00	0,00	0,00
14.08.2025 15:08:53	0,06	0,04	0,03	0,03	0,02	0,00	0,00	0,03	0,05	0,00	0,00	0,21	0,00	0,00	0,00	0,00	0,00	0,00	0,00	0,00	0,00	0,00	0,00	0,00	0,00	0,00	0,00	0,00	0,00	0,00	0,00
14.08.2025 15:08:59	0,04	0,03	0,01	0,02	0,02	0,01	0,02	0,00	0,00	0,00	0,00	0,00	0,00	0,00	0,00	0,00	0,00	0,00	0,00	0,00	0,00	0,00	0,00	0,00	0,00	0,00	0,00	0,00	0,00	0,00	0,00
14.08.2025 15:09:05	0,03	0,03	0,02	0,00	0,01	0,02	0,00	0,00	0,00	0,00	0,00	0,00	0,00	0,00	0,00	0,00	0,00	0,00	0,00	0,00	0,00	0,00	0,00	0,00	0,00	0,00	0,00	0,00	0,00	0,00	0,00
14.08.2025 15:09:11	0,03	0,03	0,04	0,02	0,00	0,02	0,00	0,00	0,00	0,00	0,00	0,00	0,00	0,56	0,00	0,00	0,00	0,00	0,00	0,00	0,00	0,00	0,00	0,00	0,00	0,00	0,00	0,00	0,00	0,00	0,00
14.08.2025 15:09:17	0,05	0,03	0,02	0,02	0,01	0,00	0,00	0,00	0,00	0,00	0,00	0,00	0,00	0,00	0,00	0,00	0,00	0,00	0,00	0,00	0,00	0,00	0,00	0,00	0,00	0,00	0,00	0,00	0,00	0,00	0,00
14.08.2025 15:09:23	0,04	0,02	0,03	0,03	0,01	0,00	0,00	0,00	0,00	0,08	0,00	0,00	0,00	0,00	0,00	0,00	0,00	0,00	0,00	0,00	0,00	0,00	0,00	0,00	0,00	0,00	0,00	0,00	0,00	0,00	0,00
14.08.2025 15:09:29	0,05	0,03	0,03	0,01	0,01	0,01	0,00	0,00	0,00	0,00	0,00	0,00	0,00	0,00	0,00	0,00	0,00	0,00	0,00	0,00	0,00	0,00	0,00	0,00	0,00	0,00	0,00	0,00	0,00	0,00	0,00
14.08.2025 15:09:35	0,04	0,03	0,03	0,03	0,02	0,00	0,02	0,00	0,00	0,00	0,00	0,00	0,00	0,00	0,00	0,00	0,00	0,00	0,00	0,00	0,00	0,00	0,00	0,00	0,00	0,00	0,00	0,00	0,00	0,00	0,00
14.08.2025 15:09:41	0,05	0,04	0,02	0,01	0,01	0,01	0,00	0,00	0,00	0,00	0,00	0,00	0,00	0,00	0,00	0,00	0,00	0,00	0,00	0,00	0,00	0,00	0,00	0,00	0,00	0,00	0,00	0,00	0,00	0,00	0,00
14.08.2025 15:09:47	0,04	0,03	0,01	0,02	0,01	0,02	0,00	0,00	0,00	0,00	0,00	0,00	0,00	0,00	0,00	0,00	0,00	0,00	0,00	0,00	0,00	0,00	0,00	0,00	0,00	0,00	0,00	0,00	0,00	0,00	0,00
14.08.2025 15:09:53	0,04	0,05	0,04	0,02	0,01	0,00	0,00	0,00	0,00	0,00	0,00	0,00	0,00	0,00	0,00	0,00	0,00	0,00	0,00	0,00	0,00	0,00	0,00	0,00	0,00	0,00	0,00	0,00	0,00	0,00	0,00
14.08.2025 15:09:59	0,03	0,04	0,02	0,02	0,01	0,02	0,00	0,00	0,00	0,00	0,00	0,00	0,00	0,00	0,00	0,00	0,00	0,00	0,00	0,00	0,00	0,00	0,00	0,00	0,00	0,00	0,00	0,00	0,00	0,00	0,00
14.08.2025 15:10:05	0,04	0,02	0,02	0,02	0,03	0,01	0,00	0,00	0,05	0,00	0,00	0,00	0,00	0,00	0,00	0,00	0,00	0,00	0,00	0,00	0,00	0,00	0,00	0,00	0,00	0,00	0,00	0,00	0,00	0,00	0,00
14.08.2025 15:10:11	0,06	0,03	0,04	0,06	0,01	0,00	0,00	0,00	0,00	0,00	0,00	0,00	0,00	0,00	0,92	0,00	0,00	0,00	0,00	0,00	0,00	0,00	0,00	0,00	0,00	0,00	0,00	0,00	0,00	0,00	0,00
14.08.2025 15:10:17	0,04	0,02	0,02	0,02	0,01	0,00	0,00	0,00	0,00	0,00	0,00	0,00	0,00	0,00	0,00	0,00	0,00	0,00	0,00	0,00	0,00	0,00	0,00	0,00	0,00	0,00	0,00	0,00	0,00	0,00	0,00
14.08.2025 15:10:23	0,07	0,04	0,04	0,03	0,01	0,01	0,00	0,00	0,00	0,00	0,00	0,00	0,00	0,00	0,00	0,00	0,00	0,00	0,00	0,00	0,00	0,00	0,00	0,00	0,00	0,00	0,00	0,00	0,00	0,00	0,00
14.08.2025 15:10:29	0,04	0,03	0,02	0,02	0,03	0,01	0,00	0,00	0,00	0,00	0,00	0,00	0,00	0,00	0,00	0,00	0,00	0,00	0,00	0,00	0,00	0,00	0,00	0,00	0,00	0,00	0,00	0,00	0,00	0,00	0,00
14.08.2025 15:10:35	0,04	0,03	0,04	0,02	0,01	0,02	0,00	0,00	0,00	0,00	0,00	0,00	0,00	0,00	0,00	0,00	0,00	0,00	0,00	0,00	0,00	0,00	0,00	0,00	0,00	0,00	0,00	0,00	0,00	0,00	0,00
14.08.2025 15:10:41	0,05	0,04	0,03	0,03	0,01	0,00	0,00	0,03	0,00	0,00	0,13	0,00	0,00	0,00	0,00	0,00	0,00	0,00	0,00	0,00	0,00	0,00	0,00	0,00	0,00	0,00	0,00	0,00	0,00	0,00	0,00
14.08.2025 15:10:47	0,04	0,04	0,02	0,01	0,01	0,02	0,00	0,00	0,00	0,00	0,00	0,00	0,00	0,00	0,00	0,00	0,00	0,00	0,00	0,00	0,00	0,00	0,00	0,00	0,00	0,00	0,00	0,00	0,00	0,00	0,00
14.08.2025 15:10:53	0,06	0,06	0,03	0,04	0,03	0,00	0,00	0,00	0,00	0,00	0,00	0,21	0,00	0,00	0,00	0,00	0,00	0,00	0,00	0,00	0,00	0,00	0,00	0,00	0,00	0,00	0,00	0,00	0,00	0,00	0,00
14.08.2025 15:10:59	0,06	0,03	0,02	0,03	0,01	0,03	0,00	0,00	0,00	0,00	0,00	0,00	0,00	0,00	0,00	0,00	0,00	0,00	0,00	0,00	0,00	0,00	0,00	0,00	0,00	0,00	0,00	0,00	0,00	0,00	0,00
14.08.2025 15:11:05	0,05	0,03	0,05	0,02	0,02	0,00	0,00	0,00	0,00	0,00	0,00	0,00	0,00	0,00	0,00	0,00	0,00	0,00	0,00	0,00	0,00	0,00	0,00	0,00	0,00	0,00	0,00	0,00	0,00	0,00	0,00
14.08.2025 15:11:11	0,05	0,02	0,02	0,03	0,02	0,00	0,00	0,00	0,00	0,00	0,00	0,21	0,00	0,00	0,00	0,00	0,00	0,00	0,00	0,00	0,00	0,00	0,00	0,00	0,00	0,00	0,00	0,00	0,00	0,00	0,00
14.08.2025 15:11:17	0,05	0,04	0,05	0,04	0,01	0,01	0,00	0,03	0,00	0,00	0,00	0,00	0,00	0,00	0,00	0,00	0,00	0,00	0,00	0,00	0,00	0,00	0,00	0,00	0,00	0,00	0,00	0,00	0,00	0,00	0,00
14.08.2025 15:11:23	0,07	0,04	0,01	0,05	0,03	0,00	0,00	0,00	0,00	0,00	0,00	0,00	0,00	0,00	0,00	0,00	0,00	0,00	0,00	0,00	0,00	0,00	0,00	0,00	0,00	0,00	0,00	0,00	0,00	0,00	0,00
14.08.2025 15:11:29	0,05	0,03	0,03	0,01	0,01	0,00	0,00	0,00	0,00	0,00	0,00	0,00	0,00	0,00	0,00	0,00	0,00	0,00	0,00	0,00	0,00	0,00	0,00	0,00	0,00	0,00	0,00	0,00	0,00	0,00	0,00
14.08.2025 15:11:35	0,05	0,03	0,02	0,02	0,00	0,00	0,00	0,00	0,00	0,00	0,00	0,00	0,00	0,00	0,00	0,00	0,00	0,00	0,00	0,00	0,00	0,00	0,00	0,00	0,00	0,00	0,00	0,00	0,00	0,00	0,00
14.08.2025 15:11:41	0,06	0,03	0,03	0,01	0,02	0,00	0,00	0,00	0,00	0,00	0,00	0,00	0,00	0,00	0,00	0,00	0,00	0,00	0,00	0,00	0,00	0,00	0,00	0,00	0,00	0,00	0,00	0,00	0,00	0,00	0,00
14.08.2025 15:11:47	0,04	0,03	0,02	0,02	0,01	0,04	0,00	0,00	0,00	0,00	0,00	0,00	0,00	0,00	0,00	0,00	0,00	0,00	0,00	0,00	0,00	0,00	0,00	0,00	0,00	0,00	0,00	0,00	0,00	0,00	0,00
14.08.2025 15:11:53	0,04	0,04	0,05	0,02	0,02	0,02	0,00	0,00	0,00	0,00	0,00	0,00	0,00	0,00	0,00	0,00	0,00	0,00	0,00	0,00	0,00	0,00	0,00	0,00	0,00	0,00	0,00	0,00	0,00	0,00	0,00
14.08.2025 15:11:59	0,05	0,03	0,03	0,01	0,01	0,02	0,00	0,00	0,00	0,00	0,00	0,00	0,00	0,00	0,00	0,00	0,00	0,00	0,00	0,00	0,00	0,00	0,00	0,00	0,00	0,00	0,00	0,00	0,00	0,00	0,00
14.08.2025 15:12:05	0,03	0,03	0,02	0,02	0,01	0,02	0,00	0,00	0,05	0,00	0,00	0,00	0,00	0,00	0,00	0,00	0,00	0,00	0,00	0,00	0,00	0,00	0,00	0,00	0,00	0,00	0,00	0,00	0,00	0,00	0,00
14.08.2025 15:12:11	0,04	0,03	0,04	0,03	0,01	0,01	0,00	0,00	0,00	0,00	0,00	0,00	0,00	0,00	0,00	0,00	0,00	0,00	0,00	0,00	0,00	0,00	0,00	0,00	0,00	0,00	0,00	0,00	0,00	0,00	0,00
14.08.2025 15:12:17	0,03	0,03	0,01	0,01	0,01	0,01	0,00	0,00	0,00	0,00	0,00	0,00	0,00	0,00	0,00	0,00	0,00	0,00	0,00	0,00	0,00	0,00	0,00	0,00	0,00	0,00	0,00	0,00	0,00	0,00	0,00
14.08.2025 15:12:23	0,05	0,03	0,02	0,04	0,03	0,01	0,00	0,00	0,00	0,00	0,00	0,00	0,00	0,00	0,00	0,00	0,00	0,00	0,00	0,00	0,00	0,00	0,00	0,00	0,00	0,00	0,00	0,00	0,00	0,00	0,00
14.08.2025 15:12:29	0,05	0,06	0,03	0,05	0,01	0,00	0,00	0,00	0,00	0,00	0,00	0,00	0,00	0,00	0,00	0,00	0,00	0,00	0,00	0,00	0,00	0,00	0,00	0,00	0,00	0,00	0,00	0,00	0,00	0,00	0,00
14.08.2025 15:12:35	0,05	0,04	0,02	0,02	0,03	0,01	0,02	0,00	0,00	0,00	0,00	0,00	0,34	0,00	0,00	0,00	0,00	0,00	0,00	0,00	0,00	0,00	0,00	0,00	0,00	0,00	0,00	0,00	0,00	0,00	0,00
14.08.2025 15:12:41	0,05	0,03	0,04	0,02	0,03	0,01	0,00	0,00	0,00	0,00	0,13	0,00	0,00	0,00	0,00	0,00	0,00	0,00	0,00	0,00	0,00	0,00	0,00	0,00	0,00	0,00	0,00	0,00	0,00	0,00	0,00
14.08.2025 15:12:47	0,06	0,02	0,02	0,02	0,01	0,00	0,00	0,00	0,05	0,00	0,00	0,00	0,00	0,00	0,00	0,00	0,00	0,00	0,00	0,00	0,00	0,00	0,00	0,00	0,00	0,00	0,00	0,00	0,00	0,00	0,00
14.08.2025 15:12:53	0,06	0,03	0,03	0,02	0,01	0,02	0,00	0,00	0,00	0,00	0,00	0,00	0,00	0,00	0,00	0,00	0,00	0,00	0,00	0,00	0,00	0,00	0,00	0,00	0,00	0,00	0,00	0,00	0,00	0,00	0,00
14.08.2025 15:12:59	0,05	0,05	0,04	0,02	0,01	0,01	0,00	0,00	0,00	0,00	0,00	0,00	0,00	0,00	0,00	0,00	0,00	0,00	0,00	0,00	0,00	0,00	0,00	0,00	0,00	0,00	0,00	0,00	0,00	0,00	0,00
14.08.2025 15:13:05	0,05	0,03	0,02	0,03	0,01	0,01	0,00	0,00	0,00	0,00	0,00	0,00	0,00	0,00	0,00	0,00	0,00	0,00	0,00	0,00	0,00	0,00	0,00	0,00	0,00	0,00	0,00	0,00	0,00	0,00	0,00
14.08.2025 15:13:11	0,04	0,03	0,04	0,02	0,01	0,00	0,00	0,00	0,00	0,00	0,00	0,00	0,00	0,00	0,00	0,00	0,00	0,00	0,00	0,00	0,00	0,00	0,00	0,00	0,00	0,00	0,00	0,00	0,00	0,00	0,00
14.08.2025 15:13:17	0,04	0,03	0,03	0,03	0,03	0,00	0,00	0,00	0,00	0,00	0,00	0,00	0,00	0,00	0,00	0,00	0,00	0,00	0,00	0,00	0,00	0,00	0,00	0,00	0,00	0,00	0,00	0,00	0,00	0,00	0,00
14.08.2025 15:13:23	0,05	0,04	0,04	0,02	0,02	0,01	0,00	0,00	0,00	0,00	0,00	0,00	0,00	0,00	0,00	0,00	0,00	0,00	0,00	0,00	0,00	0,00	0,00	0,00	0,00	0,00	0,00	0,00	0,00	0,00	0,00
14.08.2025 15:13:29	0,05	0,03	0,04	0,04	0,01	0,01	0,00	0,00	0,00	0,00	0,00	0,00	0,00	0,00	0,00	0,00	0,00	0,00	0,00	0,00	0,00	0,00	0,00	0,00	0,00	0,00	0,00	0,00	0,00	0,00	0,00
14.08.2025 15:13:35	0,05	0,05	0,03	0,05	0,01	0,01	0,00	0,03	0,00	0,00	0,00	0,21	0,00	0,56	0,00	0,00	0,00	0,00	0,00	0,00	0,00	0,00	0,00	0,00	0,00	0,00	0,00	0,00	0,00	0,00	0,00
14.08.2025 15:13:41	0,06	0,03	0,04	0,02	0,01	0,01	0,00	0,00	0,00	0,00	0,00	0,21	0,00	0,00	0,00	0,00	0,00	0,00	0,00	0,00	0,00	0,00	0,00	0,00	0,00	0,00	0,00	0,00	0,00	0,00	0,00
14.08.2025 15:13:47	0,04	0,03	0,02	0,01	0,01	0,00	0,00	0,00	0,00	0,00	0,00	0,00	0,00	0,00	0,00	0,00	0,00	0,00	0,00	0,00	0,00	0,00	0,00	0,00	0,00	0,00	0,00	0,00	0,00	0,00	0,00
14.08.2025 15:13:53	0,03	0,02	0,02	0,01	0,01	0,00	0,00	0,03	0,00	0,00	0,00	0,00	0,00	0,00	0,37	0,60	0,00	0,81	0,00	0,00	0,00	0,00	0,00	0,00	0,00	0,00	0,00	0,00	0,00	0,00	0,00
14.08.2025 15:13:59	0,05	0,02	0,03	0,03	0,01	0,01	0,00	0,00	0,00	0,00	0,00	0,00	0,00	0,00	0,00	0,00	0,00	0,00	0,00	0,00	0,00	0,00	0,00	0,00	0,00	0,00	0,00	0,00	0,00	0,00	0,00
14.08.2025 15:14:05	0,05	0,03	0,02	0,02	0,01	0,00	0,00	0,00	0,05	0,00	0,00	0,00	0,00	0,00	0,00	0,00	0,00	0,00	0,00	0,00	0,00	0,00	0,00	0,00	0,00	0,00	0,00	0,00	0,00	0,00	0,00
14.08.2025 15:14:11	0,05	0,03	0,03	0,03	0,00	0,00	0,02	0,00	0,00	0,08	0,00	0,00	0,00	0,00	0,00	0,00	0,00	0,00	0,00	0,00	0,00	0,00	0,00	0,00	0,00	0,00	0,00	0,00	0,00	0,00	0,00
14.08.2025 15:14:17	0,07	0,03	0,02	0,02	0,01	0,00	0,00	0,00	0,05	0,00	0,00	0,00	0,00	0,00	0,00	0,00	0,00	0,00	0,00	0,00	0,00	0,00	0,00	0,00	0,00	0,00	0,00	0,00	0,00	0,00	0,00
14.08.2025 15:14:23	0,05	0,04	0,03	0,02	0,02	0,01	0,00	0,00	0,00	0,00	0,00	0,00	0,00	0,00	0,00	0,00	0,00	0,00	0,00	0,00	0,00	0,00	0,00	0,00	0,00	0,00	0,00	0,00	0,00	0,00	0,00
14.08.2025 15:14:29	0,05	0,03	0,02	0,01	0,01	0,01	0,00	0,00	0,00	0,00	0,00	0,00	0,00	0,00	0,00	0,00	0,00	0,00	0,00	0,00	0,00	0,00	0,00	0,00	0,00	0,00	0,00	0,00	0,00	0,00	0,00
14.08.2025 15:14:35	0,07	0,04	0,04	0,02	0,03	0,01	0,00	0,00	0,00	0,00	0,00	0,00	0,00	0,00	0,00	0,00	0,00	0,00	0,00	0,00	0,00	0,00	0,00	0,00	0,00	0,00	0,00	0,00	0,00	0,00	0,00
14.08.2025 15:14:41	0,05	0,04	0,04	0,03	0,01	0,01	0,00	0,00	0,00	0,00	0,00	0,00	0,00	0,00	0,00	0,00	0,00	0,00	0,00	0,00	0,00	0,00	0,00	0,00	0,00	0,00	0,00	0,00	0,00	0,00	0,00
14.08.2025 15:14:47	0,05	0,03	0,03	0,04	0,03	0,00	0,00	0,00	0,00	0,00	0,00	0,00	0,00	0,00	0,00	0,00	0,00	0,00	0,00	0,00	0,00	0,00	0,00	0,00	0,00	0,00	0,00	0,00	0,00	0,00	0,00
14.08.2025 15:14:53	0,06	0,04	0,03	0,04	0,01	0,01	0,00	0,00	0,00	0,00	0,00	0,00	0,00	0,00	0,00	0,00	0,00	0,00	0,00	0,00	0,00	0,00	0,00	0,00	0,00	0,00	0,00	0,00	0,00	0,00	0,00
14.08.2025 15:14:59	0,05	0,03	0,02	0,02	0,01	0,00	0,02	0,03	0,00	0,00	0,00	0,21	0,00	0,00	0,00	0,00	0,00	0,00	0,00	0,00	0,00	0,00	0,00	0,00	0,00	0,00	0,00	0,00	0,00	0,00	0,00
14.08.2025 15:15:05	0,04	0,03	0,01	0,02	0,01	0,00	0,00	0,00	0,00	0,00	0,00	0,00	0,00	0,00	0,00	0,00	0,00	0,00	0,00	0,00	0,00	0,00	0,00	0,00	0,00	0,00	0,00	0,00	0,00	0,00	0,00
14.08.2025 15:15:11	0,06	0,04	0,06	0,04	0,03	0,01	0,00	0,00	0,00	0,00	0,00	0,00	0,00	0,00	0,00	0,00	0,00	0,00	0,00	0,00	0,00	0,00	0,00	0,00	0,00	0,00	0,00	0,00	0,00	0,00	0,00
14.08.2025 15:15:17	0,06	0,05	0,04	0,04	0,02	0,01	0,00	0,00	0,00	0,00	0,00	0,00	0,00	0,00	0,00	0,00	0,00	0,00	0,00	0,00	0,00	0,00	0,00	0,00	0,00	0,00	0,00	0,00	0,00	0,00	0,00
14.08.2025 15:15:23	0,06	0,03	0,02	0,01	0,03	0,01	0,00	0,00	0,00	0,00	0,00	0,00	0,00	0,00	0,00	0,00	0,00	0,00	0,00	0,00	0,00	0,00	0,00	0,00	0,00	0,00	0,00	0,00	0,00	0,00	0,00
14.08.2025 15:15:29	0,05	0,04	0,03	0,01	0,03	0,02	0,02	0,00	0,00	0,00	0,00	0,00	0,00	0,00	0,00	0,00	0,00	0,00	0,00	0,00	0,00	0,00	0,00	0,00	0,00	0,00	0,00	0,00	0,00	0,00	0,00
14.08.2025 15:15:35	0,05	0,03	0,02	0,03	0,01	0,02	0,02	0,00	0,00	0,00	0,00	0,00	0,00	0,00	0,00	0,00	0,00	0,00	0,00	0,00	0,00	0,00	0,00	0,00	0,00	0,00	0,00	0,00	0,00	0,00	0,00
14.08.2025 15:15:41	0,07	0,03	0,05	0,04	0,04	0,00	0,02	0,00	0,00	0,00	0,00	0,00	0,00	0,00	0,00	0,00	0,00	0,00	0,00	0,00	0,00	0,00	0,00	0,00	0,00	0,00	0,00	0,00	0,00	0,00	0,00
14.08.2025 15:15:47	0,04	0,03	0,04	0,03	0,01	0,00	0,00	0,00	0,00	0,00	0,00	0,00	0,00	0,00	0,00	0,00	0,00	0,00	0,00	0,00	0,00	0,00	0,00	0,00	0,00	0,00	0,00	0,00	0,00	0,00	0,00
14.08.2025 15:15:53	0,05	0,03	0,02	0,04	0,02	0,02	0,00	0,00	0,00	0,00	0,00	0,00	0,00	0,00	0,00	0,00	0,00	0,00	0,00	0,00	0,00	0,00	0,00	0,00	0,00	0,00	0,00	0,00	0,00	0,00	0,00
14.08.2025 15:15:59	0,06	0,06	0,03	0,02	0,01	0,00	0,00	0,03	0,00	0,00	0,00	0,00	0,00	0,00	0,00	0,00	0,00	0,00	0,00	0,00	0,00	0,00	0,00	0,00	0,00	0,00	0,00	0,00	0,00	0,00	0,00
14.08.2025 15:16:05	0,06	0,04	0,04	0,01	0,03	0,01	0,05	0,00	0,00	0,00	0,00	0,00	0,00	0,00	0,00	0,00	0,00	0,00	0,00	0,00	0,00	0,00	0,00	0,00	0,00	0,00	0,00	0,00	0,00	0,00	0,00
14.08.2025 15:16:11	0,05	0,04	0,03	0,02	0,03	0,01	0,00	0,03	0,00	0,00	0,00	0,00	0,00	0,00	0,00	0,00	0,00	0,00	0,00	0,00	0,00	0,00	0,00	0,00	0,00	0,00	0,00	0,00	0,00	0,00	0,00
14.08.2025 15:16:17	0,05	0,03	0,02	0,03	0,01	0,01	0,00	0,00	0,00	0,00	0,00	0,00	0,00	0,00	0,00	0,00	0,00	0,00	0,00	0,00	0,00	0,00	0,00	0,00	0,00	0,00	0,00	0,00	0,00	0,00	0,00
14.08.2025 15:16:23	0,05	0,04	0,03	0,02	0,01	0,01	0,00	0,00	0,00	0,00	0,00	0,21	0,00	0,00	0,00	0,00	0,00	0,00	0,00	0,00	0,00	0,00	0,00	0,00	0,00	0,00	0,00	0,00	0,00	0,00	0,00
14.08.2025 15:16:29	0,06	0,03	0,05	0,01	0,01	0,01	0,02	0,00	0,00	0,00	0,00	0,00	0,00	0,00	0,00	0,00	0,00	0,00	0,00	0,00	0,00	0,00	0,00	0,00	0,00	0,00	0,00	0,00	0,00	0,00	0,00
14.08.2025 15:16:35	0,05	0,04	0,02	0,02	0,01	0,00	0,02	0,00	0,00	0,00	0,00	0,00	0,00	0,00	0,00	0,00	0,00	0,00	0,00	0,00	0,00	0,00	0,00	0,00	0,00	0,00	0,00	0,00	0,00	0,00	0,00
14.08.2025 15:16:41	0,06	0,05	0,04	0,02	0,05	0,00	0,00	0,00	0,00	0,00	0,00	0,00	0,34	0,00	0,00	0,00	0,00	0,00	0,00	0,00	0,00	0,00	0,00	0,00	0,00	0,00	0,00	0,00	0,00	0,00	0,00
14.08.2025 15:16:47	0,05	0,05	0,03	0,02	0,01	0,00	0,02	0,00	0,00	0,00	0,00	0,00	0,00	0,00	0,00	0,00	0,00	0,00	0,00	0,00	0,00	0,00	0,00	0,00	0,00	0,00	0,00	0,00	0,00	0,00	0,00
14.08.2025 15:16:53	0,06	0,04	0,02	0,02	0,03	0,00	0,00	0,00	0,00	0,00	0,00	0,00	0,00	0,00	0,00	0,00	0,00	0,00	0,00	0,00	0,00	0,00	0,00	0,00	0,00	0,00	0,00	0,00	0,00	0,00	0,00
14.08.2025 15:16:59	0,06	0,05	0,04	0,04	0,01	0,02	0,02	0,00	0,00	0,00	0,00	0,00	0,00	0,00	0,00	0,00	0,00	0,00	0,00	0,00	0,00	0,00	0,00	0,00	0,00	0,00	0,00	0,00	0,00	0,00	0,00
14.08.2025 15:17:05	0,06	0,05	0,02	0,03	0,01	0,01	0,00	0,00	0,00	0,00	0,00	0,00	0,00	0,00	0,00	0,00	0,00	0,00	0,00	0,00	0,00	0,00	0,00	0,00	0,00	0,00	0,00	0,00	0,00	0,00	0,00
14.08.2025 15:17:11	0,06	0,05	0,02	0,03	0,00	0,01	0,00	0,00	0,00	0,00	0,00	0,00	0,00	0,00	0,00	0,00	0,00	0,00	0,00	0,00	0,00	0,00	0,00	0,00	0,00	0,00	0,00	0,00	0,00	0,00	0,00
14.08.2025 15:17:17	0,06	0,03	0,03	0,02	0,02	0,00	0,00	0,00	0,00	0,00	0,13	0,00	0,34	0,00	0,00	0,00	0,00	0,00	0,00	0,00	0,00	0,00	0,00	0,00	0,00	0,00	0,00	0,00	0,00	0,00	0,00
14.08.2025 15:17:23	0,05	0,04	0,05	0,03	0,01	0,00	0,02	0,00	0,00	0,00	0,00	0,21	0,00	0,00	0,00	0,00	0,00	0,00	0,00	0,00	0,00	0,00	0,00	0,00	0,00	0,00	0,00	0,00	0,00	0,00	0,00
14.08.2025 15:17:29	0,07	0,05	0,04	0,04	0,00	0,00	0,00	0,00	0,00	0,00	0,00	0,00	0,00	0,00	0,00	0,00	0,00	0,00	0,00	0,00	0,00	0,00	0,00	0,00	0,00	0,00	0,00	0,00	0,00	0,00	0,00
14.08.2025 15:17:35	0,07	0,03	0,03	0,03	0,01	0,00	0,02	0,00	0,00	0,00	0,00	0,00	0,00	0,00	0,00	0,00	0,00	0,00	0,00	0,00	0,00	0,00	0,00	0,00	0,00	0,00	0,00	0,00	0,00	0,00	0,00
14.08.2025 15:17:41	0,06	0,05	0,03	0,06	0,01	0,00	0,00	0,00	0,00	0,00	0,00	0,00	0,34	0,00	0,00	0,00	0,00	0,00	0,00	0,00	0,00	0,00	0,00	0,00	0,00	0,00	0,00	0,00	0,00	0,00	0,00
14.08.2025 15:17:47	0,06	0,05	0,03	0,04	0,01	0,00	0,02	0,03	0,00	0,00	0,00	0,00	0,00	0,00	0,92	0,00	0,00	0,00	0,00	0,00	0,00	0,00	0,00	0,00	0,00	0,00	0,00	0,00	0,00	0,00	0,00
14.08.2025 15:17:53	0,05	0,04	0,04	0,01	0,01	0,00	0,02	0,00	0,05	0,00	0,00	0,00	0,00	0,00	0,00	0,00	0,00	0,00	0,00	0,00	0,00	0,00	0,00	0,00	0,00	0,00	0,00	0,00	0,00	0,00	0,00
