<Header>
User name: 
Location: airlock
# of Location: 3
Model: 1.109
Serial No.: 9G070015
Firmware revision: 12.30E
Software revision: 1178 V8-26 (18--12-2023)
Unit: ug/m3
C-factor: 1,00
Comment: test room aersol conditions
online data
<Data>
[d&t31.12.2035 11:50:55]	PM10 [ug/m3]	PM2,5 [ug/m3]	PM1 [ug/m3]	Inhalable [ug/m3]	Thoracic [ug/m3]	Alveolic [ug/m3]
14.08.2025 14:28:08	15,3	3,6	2,7	53,4	21,3	5,4
14.08.2025 14:28:14	15,5	5,1	2,9	37,6	20,5	6,2
14.08.2025 14:28:20	23,9	6,2	2,9	24,3	21,2	8,6
14.08.2025 14:28:26	20,9	2,7	2,6	26,3	18,3	4,1
14.08.2025 14:28:32	6,8	4,6	2,9	6,8	6,7	5,2
14.08.2025 14:28:38	22,5	3,3	2,7	22,5	20,6	6,3
14.08.2025 14:28:44	29,9	6,6	3,0	39,9	27,1	7,7
14.08.2025 14:28:50	32,9	5,6	2,9	43,3	29,2	7,1
14.08.2025 14:28:56	15,2	4,5	2,6	15,6	13,5	6,1
14.08.2025 14:29:02	3,5	3,5	3,0	3,5	3,5	3,5
14.08.2025 14:29:08	18,0	5,6	2,8	23,0	17,1	7,2
14.08.2025 14:29:14	13,7	6,2	2,7	35,4	19,5	7,3
14.08.2025 14:29:20	30,5	5,0	2,6	35,6	27,3	7,9
14.08.2025 14:29:26	9,9	5,5	2,7	9,9	9,8	7,1
14.08.2025 14:29:32	8,3	4,5	2,7	8,3	8,2	5,8
14.08.2025 14:29:38	14,9	3,6	2,6	15,2	12,9	4,9
14.08.2025 14:29:44	24,1	4,3	2,8	24,4	20,7	6,5
14.08.2025 14:29:50	9,9	6,1	2,6	9,9	9,8	7,4
14.08.2025 14:29:56	17,7	2,9	2,8	39,5	22,4	4,2
14.08.2025 14:30:02	11,0	3,5	2,7	11,0	10,5	5,1
14.08.2025 14:30:08	11,9	6,3	2,6	11,9	11,7	8,1
14.08.2025 14:30:14	26,5	5,0	2,9	31,5	24,6	8,2
14.08.2025 14:30:20	62,8	4,2	2,8	217,2	73,3	9,7
14.08.2025 14:30:26	59,8	4,0	2,9	70,5	51,6	8,6
14.08.2025 14:30:32	17,1	5,5	3,0	17,1	16,7	8,9
14.08.2025 14:30:38	20,9	5,4	2,8	25,9	19,2	6,9
14.08.2025 14:30:44	17,8	3,7	2,8	39,9	22,5	5,7
14.08.2025 14:30:50	24,3	4,8	2,7	24,3	22,4	8,9
14.08.2025 14:30:56	18,4	3,8	2,6	23,4	17,0	5,1
14.08.2025 14:31:02	5,1	3,3	2,4	5,1	5,1	4,1
14.08.2025 14:31:08	21,3	3,8	2,1	48,4	25,4	5,1
14.08.2025 14:31:14	7,3	3,6	2,0	7,3	7,1	4,5
14.08.2025 14:31:20	25,7	2,7	1,8	35,7	23,8	5,4
14.08.2025 14:31:26	11,6	3,2	1,9	16,6	10,8	3,7
14.08.2025 14:31:32	18,1	2,9	1,7	23,1	16,8	4,7
14.08.2025 14:31:38	20,8	2,9	1,8	25,8	19,0	5,2
14.08.2025 14:31:44	15,0	1,6	1,4	15,4	12,8	2,8
14.08.2025 14:31:50	1,7	1,7	1,5	1,7	1,7	1,7
14.08.2025 14:31:56	12,6	1,9	1,6	12,9	10,9	3,5
14.08.2025 14:32:02	10,4	4,0	1,4	10,4	10,0	5,5
14.08.2025 14:32:08	3,0	1,8	1,3	3,0	3,0	2,4
14.08.2025 14:32:14	3,1	1,8	1,2	3,1	3,1	2,4
14.08.2025 14:32:20	4,1	1,8	1,1	4,1	4,0	2,5
14.08.2025 14:32:26	1,2	1,2	1,0	1,2	1,2	1,2
14.08.2025 14:32:32	0,9	0,9	0,9	0,9	0,9	0,9
14.08.2025 14:32:38	2,4	2,1	0,9	2,4	2,4	2,2
14.08.2025 14:32:44	1,3	1,2	0,8	1,3	1,3	1,2
14.08.2025 14:32:50	4,4	1,1	0,8	4,4	4,3	2,2
14.08.2025 14:32:56	2,5	1,9	0,8	2,5	2,5	2,2
14.08.2025 14:33:02	0,7	0,7	0,7	0,7	0,7	0,7
14.08.2025 14:33:08	0,8	0,8	0,5	0,8	0,8	0,8
14.08.2025 14:33:14	0,8	0,8	0,6	0,8	0,8	0,8
14.08.2025 14:33:20	2,6	1,2	0,7	2,6	2,6	1,8
14.08.2025 14:33:26	8,9	1,1	0,6	13,9	8,1	1,3
14.08.2025 14:33:32	0,5	0,5	0,5	0,5	0,5	0,5
14.08.2025 14:33:38	1,1	1,0	0,6	1,1	1,1	1,0
14.08.2025 14:33:44	0,6	0,6	0,6	0,6	0,6	0,6
14.08.2025 14:33:50	1,1	1,0	0,6	1,1	1,1	1,0
14.08.2025 14:33:56	0,6	0,6	0,5	0,6	0,6	0,6
14.08.2025 14:34:02	0,6	0,6	0,4	0,6	0,6	0,6
14.08.2025 14:34:08	0,4	0,4	0,4	0,4	0,4	0,4
14.08.2025 14:34:14	0,4	0,4	0,4	0,4	0,4	0,4
14.08.2025 14:34:20	0,3	0,3	0,3	0,3	0,3	0,3
14.08.2025 14:34:26	0,3	0,3	0,3	0,3	0,3	0,3
14.08.2025 14:34:32	0,3	0,3	0,3	0,3	0,3	0,3
14.08.2025 14:34:38	0,3	0,3	0,3	0,3	0,3	0,3
14.08.2025 14:34:44	0,4	0,4	0,4	0,4	0,4	0,4
14.08.2025 14:34:50	0,3	0,3	0,3	0,3	0,3	0,3
14.08.2025 14:34:56	0,3	0,3	0,2	0,3	0,3	0,3
14.08.2025 14:35:02	0,3	0,3	0,3	0,3	0,3	0,3
14.08.2025 14:35:08	0,3	0,3	0,3	0,3	0,3	0,3
14.08.2025 14:35:14	0,7	0,7	0,4	0,7	0,7	0,7
14.08.2025 14:35:20	0,3	0,3	0,3	0,3	0,3	0,3
14.08.2025 14:35:26	0,3	0,3	0,3	0,3	0,3	0,3
14.08.2025 14:35:32	0,2	0,2	0,2	0,2	0,2	0,2
14.08.2025 14:35:38	1,7	0,8	0,3	1,7	1,7	1,2
14.08.2025 14:35:44	0,3	0,3	0,3	0,3	0,3	0,3
14.08.2025 14:35:50	0,3	0,3	0,3	0,3	0,3	0,3
14.08.2025 14:35:56	0,2	0,2	0,2	0,2	0,2	0,2
14.08.2025 14:36:02	0,2	0,2	0,2	0,2	0,2	0,2
14.08.2025 14:36:08	0,2	0,2	0,2	0,2	0,2	0,2
14.08.2025 14:36:14	0,2	0,2	0,1	0,2	0,2	0,2
14.08.2025 14:36:20	0,2	0,2	0,2	0,2	0,2	0,2
14.08.2025 14:36:26	0,3	0,3	0,3	0,3	0,3	0,3
14.08.2025 14:36:32	0,1	0,1	0,1	0,1	0,1	0,1
14.08.2025 14:36:38	0,2	0,2	0,2	0,2	0,2	0,2
14.08.2025 14:36:44	0,1	0,1	0,1	0,1	0,1	0,1
14.08.2025 14:36:50	0,1	0,1	0,1	0,1	0,1	0,1
14.08.2025 14:36:56	0,1	0,1	0,1	0,1	0,1	0,1
14.08.2025 14:37:02	0,1	0,1	0,1	0,1	0,1	0,1
14.08.2025 14:37:08	0,2	0,2	0,2	0,2	0,2	0,2
14.08.2025 14:37:14	0,2	0,2	0,2	0,2	0,2	0,2
14.08.2025 14:37:20	0,1	0,1	0,1	0,1	0,1	0,1
14.08.2025 14:37:26	0,3	0,3	0,2	0,3	0,3	0,3
14.08.2025 14:37:32	0,1	0,1	0,1	0,1	0,1	0,1
14.08.2025 14:37:38	0,1	0,1	0,1	0,1	0,1	0,1
14.08.2025 14:37:44	0,8	0,7	0,2	0,8	0,8	0,8
14.08.2025 14:37:50	0,1	0,1	0,1	0,1	0,1	0,1
14.08.2025 14:37:56	0,1	0,1	0,1	0,1	0,1	0,1
14.08.2025 14:38:02	0,1	0,1	0,1	0,1	0,1	0,1
14.08.2025 14:38:08	0,2	0,2	0,2	0,2	0,2	0,2
14.08.2025 14:38:14	0,2	0,2	0,2	0,2	0,2	0,2
14.08.2025 14:38:20	0,2	0,2	0,2	0,2	0,2	0,2
14.08.2025 14:38:26	0,1	0,1	0,1	0,1	0,1	0,1
14.08.2025 14:38:32	0,9	0,7	0,2	0,9	0,9	0,8
14.08.2025 14:38:38	0,2	0,2	0,2	0,2	0,2	0,2
14.08.2025 14:38:44	0,1	0,1	0,1	0,1	0,1	0,1
14.08.2025 14:38:50	0,1	0,1	0,1	0,1	0,1	0,1
14.08.2025 14:38:56	0,1	0,1	0,1	0,1	0,1	0,1
14.08.2025 14:39:02	0,1	0,1	0,1	0,1	0,1	0,1
14.08.2025 14:39:08	0,1	0,1	0,1	0,1	0,1	0,1
14.08.2025 14:39:14	0,1	0,1	0,1	0,1	0,1	0,1
14.08.2025 14:39:20	0,2	0,2	0,1	0,2	0,2	0,2
14.08.2025 14:39:26	0,1	0,1	0,1	0,1	0,1	0,1
14.08.2025 14:39:32	0,1	0,1	0,1	0,1	0,1	0,1
14.08.2025 14:39:38	0,1	0,1	0,1	0,1	0,1	0,1
14.08.2025 14:39:44	0,2	0,2	0,1	0,2	0,2	0,2
14.08.2025 14:39:50	0,1	0,1	0,1	0,1	0,1	0,1
14.08.2025 14:39:56	0,2	0,2	0,2	0,2	0,2	0,2
14.08.2025 14:40:02	0,1	0,1	0,1	0,1	0,1	0,1
14.08.2025 14:40:08	0,1	0,1	0,1	0,1	0,1	0,1
14.08.2025 14:40:14	0,1	0,1	0,1	0,1	0,1	0,1
14.08.2025 14:40:20	0,1	0,1	0,1	0,1	0,1	0,1
14.08.2025 14:40:26	0,1	0,1	0,1	0,1	0,1	0,1
14.08.2025 14:40:32	0,1	0,1	0,1	0,1	0,1	0,1
14.08.2025 14:40:38	0,1	0,1	0,1	0,1	0,1	0,1
14.08.2025 14:40:44	0,1	0,1	0,1	0,1	0,1	0,1
14.08.2025 14:40:50	0,2	0,2	0,2	0,2	0,2	0,2
14.08.2025 14:40:56	0,1	0,1	0,1	0,1	0,1	0,1
14.08.2025 14:41:02	0,8	0,7	0,1	0,8	0,8	0,7
14.08.2025 14:41:08	0,1	0,1	0,1	0,1	0,1	0,1
14.08.2025 14:41:14	0,1	0,1	0,1	0,1	0,1	0,1
14.08.2025 14:41:20	0,1	0,1	0,1	0,1	0,1	0,1
14.08.2025 14:41:26	0,2	0,2	0,2	0,2	0,2	0,2
14.08.2025 14:41:32	0,1	0,1	0,1	0,1	0,1	0,1
14.08.2025 14:41:38	0,1	0,1	0,1	0,1	0,1	0,1
14.08.2025 14:41:44	0,1	0,1	0,1	0,1	0,1	0,1
14.08.2025 14:41:50	0,1	0,1	0,1	0,1	0,1	0,1
14.08.2025 14:41:56	0,1	0,1	0,1	0,1	0,1	0,1
14.08.2025 14:42:02	0,1	0,1	0,1	0,1	0,1	0,1
14.08.2025 14:42:08	0,1	0,1	0,1	0,1	0,1	0,1
14.08.2025 14:42:14	0,1	0,1	0,1	0,1	0,1	0,1
14.08.2025 14:42:20	0,1	0,1	0,1	0,1	0,1	0,1
14.08.2025 14:42:26	0,1	0,1	0,1	0,1	0,1	0,1
14.08.2025 14:42:32	0,2	0,2	0,2	0,2	0,2	0,2
14.08.2025 14:42:38	0,1	0,1	0,1	0,1	0,1	0,1
14.08.2025 14:42:44	0,1	0,1	0,1	0,1	0,1	0,1
14.08.2025 14:42:50	0,1	0,1	0,1	0,1	0,1	0,1
14.08.2025 14:42:56	0,1	0,1	0,1	0,1	0,1	0,1
14.08.2025 14:43:02	0,1	0,1	0,1	0,1	0,1	0,1
14.08.2025 14:43:08	0,1	0,1	0,1	0,1	0,1	0,1
14.08.2025 14:43:14	0,1	0,1	0,1	0,1	0,1	0,1
14.08.2025 14:43:20	0,1	0,1	0,1	0,1	0,1	0,1
14.08.2025 14:43:26	0,1	0,1	0,1	0,1	0,1	0,1
14.08.2025 14:43:32	0,2	0,2	0,2	0,2	0,2	0,2
14.08.2025 14:43:38	0,1	0,1	0,1	0,1	0,1	0,1
14.08.2025 14:43:44	0,1	0,1	0,1	0,1	0,1	0,1
14.08.2025 14:43:50	0,1	0,1	0,1	0,1	0,1	0,1
14.08.2025 14:43:56	0,1	0,1	0,1	0,1	0,1	0,1
14.08.2025 14:44:02	0,1	0,1	0,1	0,1	0,1	0,1
14.08.2025 14:44:08	0,0	0,0	0,0	0,0	0,0	0,0
14.08.2025 14:44:14	0,1	0,1	0,1	0,1	0,1	0,1
14.08.2025 14:44:20	0,1	0,1	0,1	0,1	0,1	0,1
14.08.2025 14:44:26	0,1	0,1	0,1	0,1	0,1	0,1
14.08.2025 14:44:32	0,1	0,1	0,1	0,1	0,1	0,1
14.08.2025 14:44:38	0,1	0,1	0,1	0,1	0,1	0,1
14.08.2025 14:44:44	0,1	0,1	0,1	0,1	0,1	0,1
14.08.2025 14:44:50	0,1	0,1	0,1	0,1	0,1	0,1
14.08.2025 14:44:56	0,1	0,1	0,1	0,1	0,1	0,1
14.08.2025 14:45:02	0,1	0,1	0,1	0,1	0,1	0,1
14.08.2025 14:45:08	0,8	0,7	0,1	0,8	0,8	0,7
14.08.2025 14:45:14	0,1	0,1	0,1	0,1	0,1	0,1
14.08.2025 14:45:20	0,1	0,1	0,1	0,1	0,1	0,1
14.08.2025 14:45:26	0,1	0,1	0,1	0,1	0,1	0,1
14.08.2025 14:45:32	0,1	0,1	0,1	0,1	0,1	0,1
14.08.2025 14:45:38	0,1	0,1	0,1	0,1	0,1	0,1
14.08.2025 14:45:44	0,2	0,2	0,2	0,2	0,2	0,2
14.08.2025 14:45:50	0,2	0,2	0,2	0,2	0,2	0,2
14.08.2025 14:45:56	0,1	0,1	0,1	0,1	0,1	0,1
14.08.2025 14:46:02	0,1	0,1	0,1	0,1	0,1	0,1
14.08.2025 14:46:08	0,1	0,1	0,1	0,1	0,1	0,1
14.08.2025 14:46:14	0,1	0,1	0,1	0,1	0,1	0,1
14.08.2025 14:46:20	0,3	0,3	0,3	0,3	0,3	0,3
14.08.2025 14:46:26	0,1	0,1	0,1	0,1	0,1	0,1
14.08.2025 14:46:32	0,1	0,1	0,1	0,1	0,1	0,1
14.08.2025 14:46:38	0,1	0,1	0,1	0,1	0,1	0,1
14.08.2025 14:46:44	0,1	0,1	0,1	0,1	0,1	0,1
14.08.2025 14:46:50	0,1	0,1	0,1	0,1	0,1	0,1
14.08.2025 14:46:56	0,0	0,0	0,0	0,0	0,0	0,0
14.08.2025 14:47:02	0,2	0,2	0,2	0,2	0,2	0,2
14.08.2025 14:47:08	0,1	0,1	0,1	0,1	0,1	0,1
14.08.2025 14:47:14	0,2	0,2	0,1	0,2	0,2	0,2
14.08.2025 14:47:20	0,1	0,1	0,1	0,1	0,1	0,1
14.08.2025 14:47:26	0,1	0,1	0,1	0,1	0,1	0,1
14.08.2025 14:47:32	0,1	0,1	0,1	0,1	0,1	0,1
14.08.2025 14:47:38	0,1	0,1	0,1	0,1	0,1	0,1
14.08.2025 14:47:44	0,1	0,1	0,1	0,1	0,1	0,1
14.08.2025 14:47:50	0,2	0,2	0,2	0,2	0,2	0,2
14.08.2025 14:47:56	0,2	0,2	0,2	0,2	0,2	0,2
14.08.2025 14:48:02	0,2	0,2	0,2	0,2	0,2	0,2
14.08.2025 14:48:08	0,1	0,1	0,1	0,1	0,1	0,1
14.08.2025 14:48:14	0,2	0,2	0,2	0,2	0,2	0,2
14.08.2025 14:48:20	0,1	0,1	0,1	0,1	0,1	0,1
14.08.2025 14:48:26	0,9	0,7	0,2	0,9	0,9	0,8
14.08.2025 14:48:32	0,1	0,1	0,1	0,1	0,1	0,1
14.08.2025 14:48:38	0,1	0,1	0,1	0,1	0,1	0,1
14.08.2025 14:48:44	0,2	0,2	0,2	0,2	0,2	0,2
14.08.2025 14:48:50	0,1	0,1	0,1	0,1	0,1	0,1
14.08.2025 14:48:56	0,1	0,1	0,1	0,1	0,1	0,1
14.08.2025 14:49:02	0,1	0,1	0,1	0,1	0,1	0,1
14.08.2025 14:49:08	0,8	0,7	0,2	0,8	0,8	0,7
14.08.2025 14:49:14	0,1	0,1	0,1	0,1	0,1	0,1
14.08.2025 14:49:20	0,1	0,1	0,1	0,1	0,1	0,1
14.08.2025 14:49:26	0,2	0,2	0,2	0,2	0,2	0,2
14.08.2025 14:49:32	0,3	0,3	0,1	0,3	0,3	0,3
14.08.2025 14:49:38	0,1	0,1	0,1	0,1	0,1	0,1
14.08.2025 14:49:44	0,1	0,1	0,1	0,1	0,1	0,1
14.08.2025 14:49:50	0,1	0,1	0,1	0,1	0,1	0,1
14.08.2025 14:49:56	0,1	0,1	0,1	0,1	0,1	0,1
14.08.2025 14:50:02	0,1	0,1	0,1	0,1	0,1	0,1
14.08.2025 14:50:08	0,1	0,1	0,1	0,1	0,1	0,1
14.08.2025 14:50:14	0,1	0,1	0,1	0,1	0,1	0,1
14.08.2025 14:50:20	0,1	0,1	0,1	0,1	0,1	0,1
14.08.2025 14:50:26	0,1	0,1	0,1	0,1	0,1	0,1
14.08.2025 14:50:32	0,3	0,3	0,3	0,3	0,3	0,3
14.08.2025 14:50:38	0,1	0,1	0,1	0,1	0,1	0,1
14.08.2025 14:50:44	0,2	0,2	0,2	0,2	0,2	0,2
14.08.2025 14:50:50	0,1	0,1	0,1	0,1	0,1	0,1
14.08.2025 14:50:56	0,2	0,2	0,2	0,2	0,2	0,2
14.08.2025 14:51:02	0,1	0,1	0,1	0,1	0,1	0,1
14.08.2025 14:51:08	0,2	0,2	0,2	0,2	0,2	0,2
14.08.2025 14:51:14	0,1	0,1	0,1	0,1	0,1	0,1
14.08.2025 14:51:20	0,1	0,1	0,1	0,1	0,1	0,1
14.08.2025 14:51:26	0,1	0,1	0,1	0,1	0,1	0,1
14.08.2025 14:51:32	0,0	0,0	0,0	0,0	0,0	0,0
14.08.2025 14:51:38	0,1	0,1	0,1	0,1	0,1	0,1
14.08.2025 14:51:44	0,1	0,1	0,1	0,1	0,1	0,1
14.08.2025 14:51:50	0,1	0,1	0,1	0,1	0,1	0,1
14.08.2025 14:51:56	0,2	0,2	0,2	0,2	0,2	0,2
14.08.2025 14:52:02	0,1	0,1	0,1	0,1	0,1	0,1
14.08.2025 14:52:08	0,1	0,1	0,1	0,1	0,1	0,1
14.08.2025 14:52:14	0,1	0,1	0,1	0,1	0,1	0,1
14.08.2025 14:52:20	0,1	0,1	0,1	0,1	0,1	0,1
14.08.2025 14:52:26	0,1	0,1	0,1	0,1	0,1	0,1
14.08.2025 14:52:32	0,1	0,1	0,1	0,1	0,1	0,1
14.08.2025 14:52:38	0,1	0,1	0,1	0,1	0,1	0,1
14.08.2025 14:52:44	0,1	0,1	0,1	0,1	0,1	0,1
14.08.2025 14:52:50	0,1	0,1	0,1	0,1	0,1	0,1
14.08.2025 14:52:56	0,1	0,1	0,1	0,1	0,1	0,1
14.08.2025 14:53:02	0,1	0,1	0,1	0,1	0,1	0,1
14.08.2025 14:53:08	0,1	0,1	0,1	0,1	0,1	0,1
14.08.2025 14:53:14	0,1	0,1	0,1	0,1	0,1	0,1
14.08.2025 14:53:20	0,1	0,1	0,1	0,1	0,1	0,1
14.08.2025 14:53:26	0,1	0,1	0,1	0,1	0,1	0,1
14.08.2025 14:53:32	0,1	0,1	0,1	0,1	0,1	0,1
14.08.2025 14:53:38	0,1	0,1	0,1	0,1	0,1	0,1
14.08.2025 14:53:44	0,2	0,2	0,2	0,2	0,2	0,2
14.08.2025 14:53:50	0,2	0,2	0,1	0,2	0,2	0,2
14.08.2025 14:53:56	0,2	0,2	0,2	0,2	0,2	0,2
14.08.2025 14:54:02	0,1	0,1	0,1	0,1	0,1	0,1
14.08.2025 14:54:08	0,1	0,1	0,1	0,1	0,1	0,1
14.08.2025 14:54:14	0,1	0,1	0,1	0,1	0,1	0,1
14.08.2025 14:54:20	0,1	0,1	0,1	0,1	0,1	0,1
14.08.2025 14:54:26	0,1	0,1	0,1	0,1	0,1	0,1
14.08.2025 14:54:32	0,1	0,1	0,1	0,1	0,1	0,1
14.08.2025 14:54:38	0,1	0,1	0,1	0,1	0,1	0,1
14.08.2025 14:54:44	0,1	0,1	0,1	0,1	0,1	0,1
14.08.2025 14:54:50	0,1	0,1	0,1	0,1	0,1	0,1
14.08.2025 14:54:56	0,1	0,1	0,1	0,1	0,1	0,1
14.08.2025 14:55:02	0,0	0,0	0,0	0,0	0,0	0,0
14.08.2025 14:55:08	0,1	0,1	0,1	0,1	0,1	0,1
14.08.2025 14:55:14	0,1	0,1	0,1	0,1	0,1	0,1
14.08.2025 14:55:20	8,3	0,6	0,1	13,3	7,5	0,8
14.08.2025 14:55:26	4,4	1,1	0,1	4,4	4,1	1,6
14.08.2025 14:55:32	0,2	0,2	0,1	0,2	0,2	0,2
14.08.2025 14:55:38	2,2	0,2	0,1	161,8	21,8	0,6
14.08.2025 14:55:44	1,6	0,7	0,2	1,6	1,6	1,1
14.08.2025 14:55:50	0,2	0,2	0,1	0,2	0,2	0,2
14.08.2025 14:55:56	0,0	0,0	0,0	0,0	0,0	0,0
14.08.2025 14:56:02	1,7	1,4	0,3	1,7	1,7	1,5
14.08.2025 14:56:08	0,1	0,1	0,1	0,1	0,1	0,1
14.08.2025 14:56:14	0,1	0,1	0,1	0,1	0,1	0,1
14.08.2025 14:56:20	4,4	0,5	0,2	4,4	4,0	1,2
14.08.2025 14:56:26	1,6	1,3	0,1	1,6	1,6	1,5
14.08.2025 14:56:32	0,1	0,1	0,1	0,1	0,1	0,1
14.08.2025 14:56:38	0,4	0,4	0,2	0,4	0,4	0,4
14.08.2025 14:56:44	0,7	0,6	0,2	0,7	0,7	0,6
14.08.2025 14:56:50	0,1	0,1	0,1	0,1	0,1	0,1
14.08.2025 14:56:56	1,8	1,4	0,2	1,8	1,8	1,5
14.08.2025 14:57:02	0,2	0,2	0,1	0,2	0,2	0,2
14.08.2025 14:57:08	0,1	0,1	0,1	0,1	0,1	0,1
14.08.2025 14:57:14	0,1	0,1	0,1	0,1	0,1	0,1
14.08.2025 14:57:20	0,1	0,1	0,1	0,1	0,1	0,1
14.08.2025 14:57:26	0,1	0,1	0,1	0,1	0,1	0,1
14.08.2025 14:57:32	0,1	0,1	0,1	0,1	0,1	0,1
14.08.2025 14:57:38	0,1	0,1	0,1	0,1	0,1	0,1
14.08.2025 14:57:44	0,1	0,1	0,1	0,1	0,1	0,1
14.08.2025 14:57:50	0,1	0,1	0,1	0,1	0,1	0,1
14.08.2025 14:57:56	0,1	0,1	0,1	0,1	0,1	0,1
14.08.2025 14:58:02	0,1	0,1	0,1	0,1	0,1	0,1
14.08.2025 14:58:08	0,1	0,1	0,1	0,1	0,1	0,1
14.08.2025 14:58:14	0,1	0,1	0,1	0,1	0,1	0,1
14.08.2025 14:58:20	0,1	0,1	0,1	0,1	0,1	0,1
14.08.2025 14:58:26	0,1	0,1	0,1	0,1	0,1	0,1
14.08.2025 14:58:32	0,2	0,2	0,2	0,2	0,2	0,2
14.08.2025 14:58:38	0,2	0,2	0,2	0,2	0,2	0,2
14.08.2025 14:58:44	0,1	0,1	0,1	0,1	0,1	0,1
14.08.2025 14:58:50	0,1	0,1	0,1	0,1	0,1	0,1
14.08.2025 14:58:56	0,1	0,1	0,1	0,1	0,1	0,1
14.08.2025 14:59:02	0,1	0,1	0,1	0,1	0,1	0,1
14.08.2025 14:59:08	0,2	0,2	0,2	0,2	0,2	0,2
14.08.2025 14:59:14	0,1	0,1	0,1	0,1	0,1	0,1
14.08.2025 14:59:20	0,1	0,1	0,1	0,1	0,1	0,1
14.08.2025 14:59:26	0,2	0,2	0,2	0,2	0,2	0,2
14.08.2025 14:59:32	0,1	0,1	0,1	0,1	0,1	0,1
14.08.2025 14:59:38	1,0	0,7	0,1	1,0	1,0	0,9
14.08.2025 14:59:44	0,1	0,1	0,1	0,1	0,1	0,1
14.08.2025 14:59:50	0,8	0,7	0,2	0,8	0,8	0,8
14.08.2025 14:59:56	0,2	0,2	0,2	0,2	0,2	0,2
14.08.2025 15:00:02	0,1	0,1	0,1	0,1	0,1	0,1
14.08.2025 15:00:08	0,6	0,5	0,1	0,6	0,6	0,6
14.08.2025 15:00:14	0,1	0,1	0,1	0,1	0,1	0,1
14.08.2025 15:00:20	0,1	0,1	0,1	0,1	0,1	0,1
14.08.2025 15:00:26	0,1	0,1	0,1	0,1	0,1	0,1
14.08.2025 15:00:32	0,1	0,1	0,1	0,1	0,1	0,1
14.08.2025 15:00:38	0,1	0,1	0,1	0,1	0,1	0,1
14.08.2025 15:00:44	0,4	0,4	0,1	0,4	0,4	0,4
14.08.2025 15:00:50	0,1	0,1	0,1	0,1	0,1	0,1
14.08.2025 15:00:56	0,1	0,1	0,1	0,1	0,1	0,1
14.08.2025 15:01:02	0,2	0,2	0,2	0,2	0,2	0,2
14.08.2025 15:01:08	0,9	0,7	0,2	0,9	0,9	0,8
14.08.2025 15:01:14	0,2	0,2	0,2	0,2	0,2	0,2
14.08.2025 15:01:20	0,1	0,1	0,1	0,1	0,1	0,1
14.08.2025 15:01:26	0,1	0,1	0,1	0,1	0,1	0,1
14.08.2025 15:01:32	0,1	0,1	0,1	0,1	0,1	0,1
14.08.2025 15:01:38	0,1	0,1	0,1	0,1	0,1	0,1
14.08.2025 15:01:44	0,2	0,2	0,2	0,2	0,2	0,2
14.08.2025 15:01:50	0,2	0,2	0,2	0,2	0,2	0,2
14.08.2025 15:01:56	0,1	0,1	0,1	0,1	0,1	0,1
14.08.2025 15:02:02	0,1	0,1	0,1	0,1	0,1	0,1
14.08.2025 15:02:08	0,1	0,1	0,1	0,1	0,1	0,1
14.08.2025 15:02:14	0,2	0,2	0,2	0,2	0,2	0,2
14.08.2025 15:02:20	0,2	0,2	0,2	0,2	0,2	0,2
14.08.2025 15:02:26	0,1	0,1	0,1	0,1	0,1	0,1
14.08.2025 15:02:32	0,1	0,1	0,1	0,1	0,1	0,1
14.08.2025 15:02:38	0,1	0,1	0,1	0,1	0,1	0,1
14.08.2025 15:02:44	0,2	0,2	0,2	0,2	0,2	0,2
14.08.2025 15:02:50	0,1	0,1	0,1	0,1	0,1	0,1
14.08.2025 15:02:56	0,1	0,1	0,1	0,1	0,1	0,1
14.08.2025 15:03:02	0,1	0,1	0,1	0,1	0,1	0,1
14.08.2025 15:03:08	0,1	0,1	0,1	0,1	0,1	0,1
14.08.2025 15:03:14	0,2	0,2	0,2	0,2	0,2	0,2
14.08.2025 15:03:20	0,2	0,2	0,2	0,2	0,2	0,2
14.08.2025 15:03:26	0,1	0,1	0,1	0,1	0,1	0,1
14.08.2025 15:03:32	0,1	0,1	0,1	0,1	0,1	0,1
14.08.2025 15:03:38	0,1	0,1	0,1	0,1	0,1	0,1
14.08.2025 15:03:44	0,3	0,3	0,3	0,3	0,3	0,3
14.08.2025 15:03:50	0,2	0,2	0,2	0,2	0,2	0,2
14.08.2025 15:03:56	0,3	0,3	0,3	0,3	0,3	0,3
14.08.2025 15:04:02	0,2	0,2	0,2	0,2	0,2	0,2
14.08.2025 15:04:08	0,3	0,3	0,3	0,3	0,3	0,3
14.08.2025 15:04:14	0,1	0,1	0,1	0,1	0,1	0,1
14.08.2025 15:04:20	0,2	0,2	0,2	0,2	0,2	0,2
14.08.2025 15:04:26	0,1	0,1	0,1	0,1	0,1	0,1
14.08.2025 15:04:32	0,2	0,2	0,1	0,2	0,2	0,2
14.08.2025 15:04:38	0,1	0,1	0,1	0,1	0,1	0,1
14.08.2025 15:04:44	0,1	0,1	0,1	0,1	0,1	0,1
14.08.2025 15:04:50	0,2	0,2	0,2	0,2	0,2	0,2
14.08.2025 15:04:56	0,2	0,2	0,2	0,2	0,2	0,2
14.08.2025 15:05:02	0,2	0,2	0,2	0,2	0,2	0,2
14.08.2025 15:05:08	0,2	0,2	0,2	0,2	0,2	0,2
14.08.2025 15:05:14	0,2	0,2	0,2	0,2	0,2	0,2
14.08.2025 15:05:20	0,1	0,1	0,1	0,1	0,1	0,1
14.08.2025 15:05:26	0,1	0,1	0,1	0,1	0,1	0,1
14.08.2025 15:05:32	0,1	0,1	0,1	0,1	0,1	0,1
14.08.2025 15:05:38	0,2	0,2	0,2	0,2	0,2	0,2
14.08.2025 15:05:44	0,1	0,1	0,1	0,1	0,1	0,1
14.08.2025 15:05:50	0,1	0,1	0,1	0,1	0,1	0,1
14.08.2025 15:05:56	0,1	0,1	0,1	0,1	0,1	0,1
14.08.2025 15:06:02	0,1	0,1	0,1	0,1	0,1	0,1
14.08.2025 15:06:08	0,5	0,5	0,2	0,5	0,5	0,5
14.08.2025 15:06:14	0,2	0,2	0,2	0,2	0,2	0,2
14.08.2025 15:06:20	0,1	0,1	0,1	0,1	0,1	0,1
14.08.2025 15:06:26	0,2	0,2	0,2	0,2	0,2	0,2
14.08.2025 15:06:32	0,1	0,1	0,1	0,1	0,1	0,1
14.08.2025 15:06:38	0,2	0,2	0,2	0,2	0,2	0,2
14.08.2025 15:06:44	0,1	0,1	0,1	0,1	0,1	0,1
14.08.2025 15:06:50	0,2	0,2	0,2	0,2	0,2	0,2
14.08.2025 15:06:56	0,1	0,1	0,1	0,1	0,1	0,1
14.08.2025 15:07:02	0,1	0,1	0,1	0,1	0,1	0,1
14.08.2025 15:07:08	0,2	0,2	0,2	0,2	0,2	0,2
14.08.2025 15:07:14	0,1	0,1	0,1	0,1	0,1	0,1
14.08.2025 15:07:20	0,1	0,1	0,1	0,1	0,1	0,1
14.08.2025 15:07:26	0,1	0,1	0,1	0,1	0,1	0,1
14.08.2025 15:07:32	0,2	0,2	0,2	0,2	0,2	0,2
14.08.2025 15:07:38	0,2	0,2	0,2	0,2	0,2	0,2
14.08.2025 15:07:44	0,1	0,1	0,1	0,1	0,1	0,1
14.08.2025 15:07:50	0,1	0,1	0,1	0,1	0,1	0,1
14.08.2025 15:07:56	0,1	0,1	0,1	0,1	0,1	0,1
14.08.2025 15:08:02	1,0	0,8	0,3	1,0	1,0	0,9
14.08.2025 15:08:08	0,1	0,1	0,1	0,1	0,1	0,1
14.08.2025 15:08:14	0,1	0,1	0,1	0,1	0,1	0,1
14.08.2025 15:08:20	0,2	0,2	0,2	0,2	0,2	0,2
14.08.2025 15:08:26	0,1	0,1	0,1	0,1	0,1	0,1
14.08.2025 15:08:32	0,1	0,1	0,1	0,1	0,1	0,1
14.08.2025 15:08:38	0,1	0,1	0,1	0,1	0,1	0,1
14.08.2025 15:08:44	0,3	0,3	0,1	0,3	0,3	0,3
14.08.2025 15:08:50	0,1	0,1	0,1	0,1	0,1	0,1
14.08.2025 15:08:56	0,1	0,1	0,1	0,1	0,1	0,1
14.08.2025 15:09:02	0,1	0,1	0,1	0,1	0,1	0,1
14.08.2025 15:09:08	0,1	0,1	0,1	0,1	0,1	0,1
14.08.2025 15:09:14	0,1	0,1	0,1	0,1	0,1	0,1
14.08.2025 15:09:20	0,2	0,2	0,2	0,2	0,2	0,2
14.08.2025 15:09:26	0,1	0,1	0,1	0,1	0,1	0,1
14.08.2025 15:09:32	0,1	0,1	0,1	0,1	0,1	0,1
14.08.2025 15:09:38	0,1	0,1	0,1	0,1	0,1	0,1
14.08.2025 15:09:44	0,1	0,1	0,1	0,1	0,1	0,1
14.08.2025 15:09:50	0,1	0,1	0,1	0,1	0,1	0,1
14.08.2025 15:09:56	0,8	0,7	0,1	0,8	0,8	0,7
14.08.2025 15:10:02	0,1	0,1	0,1	0,1	0,1	0,1
14.08.2025 15:10:08	0,1	0,1	0,1	0,1	0,1	0,1
14.08.2025 15:10:14	0,4	0,4	0,1	0,4	0,4	0,4
14.08.2025 15:10:20	0,1	0,1	0,1	0,1	0,1	0,1
14.08.2025 15:10:26	1,5	1,3	0,3	1,5	1,5	1,4
14.08.2025 15:10:32	0,8	0,7	0,2	0,8	0,8	0,8
14.08.2025 15:10:38	0,1	0,1	0,1	0,1	0,1	0,1
14.08.2025 15:10:44	0,2	0,2	0,2	0,2	0,2	0,2
14.08.2025 15:10:50	0,2	0,2	0,2	0,2	0,2	0,2
14.08.2025 15:10:56	0,2	0,2	0,2	0,2	0,2	0,2
14.08.2025 15:11:02	0,1	0,1	0,1	0,1	0,1	0,1
14.08.2025 15:11:08	0,1	0,1	0,1	0,1	0,1	0,1
14.08.2025 15:11:14	0,3	0,3	0,3	0,3	0,3	0,3
14.08.2025 15:11:20	0,1	0,1	0,1	0,1	0,1	0,1
14.08.2025 15:11:26	0,3	0,3	0,3	0,3	0,3	0,3
14.08.2025 15:11:32	0,2	0,2	0,2	0,2	0,2	0,2
14.08.2025 15:11:38	0,5	0,5	0,5	0,5	0,5	0,5
14.08.2025 15:11:44	0,1	0,1	0,1	0,1	0,1	0,1
14.08.2025 15:11:50	0,7	0,6	0,1	0,7	0,7	0,7
14.08.2025 15:11:56	0,2	0,2	0,2	0,2	0,2	0,2
14.08.2025 15:12:02	0,1	0,1	0,1	0,1	0,1	0,1
14.08.2025 15:12:08	0,1	0,1	0,1	0,1	0,1	0,1
14.08.2025 15:12:14	0,0	0,0	0,0	0,0	0,0	0,0
14.08.2025 15:12:20	0,1	0,1	0,1	0,1	0,1	0,1
14.08.2025 15:12:26	0,1	0,1	0,1	0,1	0,1	0,1
14.08.2025 15:12:32	0,1	0,1	0,1	0,1	0,1	0,1
14.08.2025 15:12:38	0,1	0,1	0,1	0,1	0,1	0,1
14.08.2025 15:12:44	0,0	0,0	0,0	0,0	0,0	0,0
14.08.2025 15:12:50	0,1	0,1	0,1	0,1	0,1	0,1
14.08.2025 15:12:56	0,0	0,0	0,0	0,0	0,0	0,0
14.08.2025 15:13:02	0,2	0,2	0,2	0,2	0,2	0,2
14.08.2025 15:13:08	0,1	0,1	0,1	0,1	0,1	0,1
14.08.2025 15:13:14	13,1	0,3	0,1	18,1	12,1	1,7
14.08.2025 15:13:20	0,1	0,1	0,1	0,1	0,1	0,1
14.08.2025 15:13:26	0,1	0,1	0,1	0,1	0,1	0,1
14.08.2025 15:13:32	0,9	0,7	0,1	0,9	0,9	0,8
14.08.2025 15:13:38	0,1	0,1	0,1	0,1	0,1	0,1
14.08.2025 15:13:44	8,9	0,9	0,4	13,9	8,1	1,2
14.08.2025 15:13:50	0,0	0,0	0,0	0,0	0,0	0,0
14.08.2025 15:13:56	0,1	0,1	0,1	0,1	0,1	0,1
14.08.2025 15:14:02	0,2	0,2	0,1	0,2	0,2	0,2
14.08.2025 15:14:08	0,2	0,2	0,1	0,2	0,2	0,2
14.08.2025 15:14:14	3,5	0,4	0,1	3,5	3,2	0,8
14.08.2025 15:14:20	1,6	0,6	0,2	1,6	1,6	1,1
14.08.2025 15:14:26	1,0	0,9	0,2	1,0	1,0	1,0
14.08.2025 15:14:32	0,3	0,3	0,3	0,3	0,3	0,3
14.08.2025 15:14:38	2,7	1,0	0,2	2,7	2,7	1,4
14.08.2025 15:14:44	0,3	0,3	0,3	0,3	0,3	0,3
14.08.2025 15:14:50	0,1	0,1	0,1	0,1	0,1	0,1
14.08.2025 15:14:56	14,7	0,5	0,1	20,0	12,2	0,8
14.08.2025 15:15:02	0,1	0,1	0,1	0,1	0,1	0,1
14.08.2025 15:15:08	0,1	0,1	0,1	0,1	0,1	0,1
14.08.2025 15:15:14	7,0	0,6	0,3	7,0	6,1	1,4
14.08.2025 15:15:20	0,1	0,1	0,1	0,1	0,1	0,1
14.08.2025 15:15:26	0,1	0,1	0,1	0,1	0,1	0,1
14.08.2025 15:15:32	1,0	0,7	0,1	1,0	1,0	0,9
14.08.2025 15:15:38	8,0	1,4	0,2	8,0	7,2	2,2
14.08.2025 15:15:44	0,1	0,1	0,1	0,1	0,1	0,1
14.08.2025 15:15:50	3,0	3,0	2,6	3,0	3,0	3,0
14.08.2025 15:15:56	9,5	1,0	0,6	14,5	8,7	1,6
14.08.2025 15:16:02	0,1	0,1	0,1	0,1	0,1	0,1
14.08.2025 15:16:08	0,1	0,1	0,1	0,1	0,1	0,1
14.08.2025 15:16:14	1,7	1,3	0,1	1,7	1,7	1,5
14.08.2025 15:16:20	3,8	3,5	2,4	3,8	3,8	3,6
14.08.2025 15:16:26	1,7	0,7	0,1	1,7	1,7	1,2
14.08.2025 15:16:32	0,2	0,2	0,2	0,2	0,2	0,2
14.08.2025 15:16:38	5,2	2,7	2,4	5,2	5,2	3,5
14.08.2025 15:16:44	5,9	5,5	3,5	5,9	5,9	5,7
14.08.2025 15:16:50	0,4	0,4	0,4	0,4	0,4	0,4
14.08.2025 15:16:56	2,4	1,7	0,2	2,4	2,4	2,0
14.08.2025 15:17:02	1,9	1,9	1,3	1,9	1,9	1,9
14.08.2025 15:17:08	20,1	4,8	3,8	20,5	17,6	6,7
14.08.2025 15:17:14	12,8	7,9	6,4	12,8	12,4	8,7
14.08.2025 15:17:20	0,1	0,1	0,1	0,1	0,1	0,1
14.08.2025 15:17:26	0,4	0,4	0,4	0,4	0,4	0,4
14.08.2025 15:17:32	9,2	0,5	0,2	14,3	8,4	1,2
14.08.2025 15:17:38	0,1	0,1	0,1	0,1	0,1	0,1
14.08.2025 15:17:44	0,2	0,2	0,2	0,2	0,2	0,2
14.08.2025 15:17:50	0,3	0,3	0,3	0,3	0,3	0,3
14.08.2025 15:17:56	3,4	0,4	0,1	62,8	17,7	0,9
14.08.2025 15:18:02	0,2	0,2	0,2	0,2	0,2	0,2
14.08.2025 15:18:08	0,2	0,2	0,2	0,2	0,2	0,2
14.08.2025 15:18:14	0,3	0,3	0,2	0,3	0,3	0,3
14.08.2025 15:18:20	7,6	0,8	0,1	7,9	6,0	1,1
14.08.2025 15:18:26	0,1	0,1	0,1	0,1	0,1	0,1
14.08.2025 15:18:32	0,1	0,1	0,1	0,1	0,1	0,1
14.08.2025 15:18:38	5,2	0,6	0,1	5,2	4,4	0,9
14.08.2025 15:18:44	1,2	1,1	0,5	1,2	1,2	1,1
14.08.2025 15:18:50	1,1	0,9	0,4	1,1	1,1	1,0
14.08.2025 15:18:56	4,2	3,2	2,7	4,2	4,2	3,7
