<Header>
User name: CF
Location: laboratory
# of Location: 1
Model: 1.109
Serial No.: 9G050007
Firmware revision: 12.30E
Software revision: 7-1 Rev XII (27-02-2019)
Unit: ug/m3
C-factor: 1,00
Comment: test room aerosol conditions
online data
<Data>
[d&t31.12.2035 11:50:55]	PM10 [ug/m3]	PM2,5 [ug/m3]	PM1 [ug/m3]	Inhalable [ug/m3]	Thoracic [ug/m3]	Alveolic [ug/m3]
14.08.2025 14:29:23	121,6	17,7	8,5	4225,9	339,5	30,0
14.08.2025 14:29:29	132,8	18,0	8,9	1774,3	211,2	37,6
14.08.2025 14:29:35	154,3	19,5	8,9	1332,8	201,3	32,6
14.08.2025 14:29:41	227,8	17,0	8,6	4292,4	415,7	38,2
14.08.2025 14:29:47	123,7	16,7	8,5	2052,1	198,8	34,9
14.08.2025 14:29:53	91,5	15,4	7,8	1944,0	165,4	39,5
14.08.2025 14:29:59	123,3	16,7	9,1	3255,7	271,2	32,0
14.08.2025 14:30:05	280,5	19,4	9,2	4996,5	510,3	43,2
14.08.2025 14:30:11	128,2	16,4	8,1	2205,3	245,5	33,8
14.08.2025 14:30:17	286,4	20,0	8,8	6879,7	619,8	44,8
14.08.2025 14:30:23	336,3	19,4	9,2	3085,8	468,3	57,5
14.08.2025 14:30:29	86,3	16,4	8,2	4119,3	260,1	32,9
14.08.2025 14:30:35	254,2	19,3	8,5	6983,3	581,4	42,3
14.08.2025 14:30:41	83,1	19,0	8,4	4602,4	291,8	30,7
14.08.2025 14:30:47	153,0	18,6	8,9	3214,0	301,9	33,4
14.08.2025 14:30:53	289,6	15,6	8,2	2642,0	426,3	39,5
14.08.2025 14:30:59	213,9	17,7	8,2	4923,0	557,3	45,0
14.08.2025 14:31:05	136,4	18,0	8,5	2852,8	247,1	28,6
14.08.2025 14:31:11	173,1	17,5	9,2	2470,0	249,8	32,4
14.08.2025 14:31:17	130,2	19,7	8,8	3448,6	314,5	49,0
14.08.2025 14:31:23	124,9	17,1	8,6	2291,2	201,6	40,0
14.08.2025 14:31:29	64,1	18,0	8,9	3263,1	162,7	35,2
14.08.2025 14:31:35	183,7	17,3	8,6	2203,4	264,5	28,5
14.08.2025 14:31:41	65,1	14,7	7,9	3462,3	201,5	30,5
14.08.2025 14:31:47	202,4	16,9	7,7	1449,2	251,9	41,4
14.08.2025 14:31:53	33,6	18,0	8,0	2938,7	130,6	24,8
14.08.2025 14:31:59	249,9	17,8	8,8	2638,1	333,2	41,2
14.08.2025 14:32:05	100,8	15,4	6,8	3648,6	240,6	44,0
14.08.2025 14:32:11	258,8	17,5	7,7	5010,0	449,9	44,9
14.08.2025 14:32:17	142,6	20,4	8,0	4742,3	355,9	35,3
14.08.2025 14:32:23	173,3	12,2	6,4	1750,0	256,3	26,0
14.08.2025 14:32:29	93,5	14,4	7,2	2093,1	167,5	34,3
14.08.2025 14:32:35	174,8	19,1	7,8	6819,9	494,9	31,3
14.08.2025 14:32:41	226,9	15,7	7,2	2408,9	312,9	35,2
14.08.2025 14:32:47	168,6	13,8	6,9	3615,3	320,5	38,0
14.08.2025 14:32:53	60,5	12,5	5,9	1141,7	97,9	25,0
14.08.2025 14:32:59	117,2	13,0	5,9	2281,8	193,1	36,7
14.08.2025 14:33:05	49,2	13,0	6,3	1118,4	84,4	28,5
14.08.2025 14:33:11	93,0	12,4	5,5	1240,8	131,3	26,0
14.08.2025 14:33:17	93,4	10,6	5,5	2598,7	203,9	17,6
14.08.2025 14:33:23	64,7	12,3	5,5	3462,1	201,3	29,5
14.08.2025 14:33:29	127,1	11,8	6,0	2843,0	237,4	20,0
14.08.2025 14:33:35	197,0	15,1	6,0	3745,3	387,5	44,6
14.08.2025 14:33:41	222,7	12,4	5,6	2449,3	347,0	31,3
14.08.2025 14:33:47	94,5	14,5	5,3	2256,6	168,2	26,1
14.08.2025 14:33:53	163,2	10,6	5,2	5068,8	379,3	20,5
14.08.2025 14:33:59	177,4	10,4	5,0	3886,4	365,7	20,7
14.08.2025 14:34:05	26,9	10,1	4,7	661,1	63,5	14,6
14.08.2025 14:34:11	65,6	11,7	4,6	2401,1	172,1	25,8
14.08.2025 14:34:17	111,0	9,2	5,1	2466,8	224,9	24,8
14.08.2025 14:34:23	63,2	8,8	4,4	1922,5	135,2	16,0
14.08.2025 14:34:29	91,7	7,1	3,9	1097,8	132,3	13,8
14.08.2025 14:34:35	84,6	12,5	4,5	1231,8	122,3	20,3
14.08.2025 14:34:41	107,7	9,3	3,9	197,1	118,2	21,9
14.08.2025 14:34:47	49,1	8,0	3,5	1030,4	125,4	15,7
14.08.2025 14:34:53	22,5	7,4	3,5	1089,3	55,6	11,6
14.08.2025 14:34:59	41,4	6,2	3,5	48,4	46,2	16,4
14.08.2025 14:35:05	18,2	8,3	3,6	19,4	19,3	14,5
14.08.2025 14:35:11	175,9	7,8	3,6	978,9	226,7	23,6
14.08.2025 14:35:17	14,9	7,6	3,2	15,8	15,7	13,3
14.08.2025 14:35:23	77,6	5,9	3,3	1224,5	114,9	12,8
14.08.2025 14:35:29	11,9	5,7	3,7	932,3	44,6	7,5
14.08.2025 14:35:35	36,1	7,6	3,4	1102,9	69,9	23,3
14.08.2025 14:35:41	29,0	6,7	3,6	1295,9	100,9	7,2
14.08.2025 14:35:47	58,5	8,7	3,5	2106,0	167,2	15,8
14.08.2025 14:35:53	40,6	8,0	3,5	47,3	45,2	17,7
14.08.2025 14:35:59	83,4	6,1	3,5	167,3	90,5	15,7
14.08.2025 14:36:05	57,3	4,1	2,6	1200,7	92,2	4,6
14.08.2025 14:36:11	67,0	5,4	2,7	147,8	72,0	10,8
14.08.2025 14:36:17	44,1	7,2	3,3	1314,2	118,0	11,5
14.08.2025 14:36:23	40,9	7,0	3,1	56,9	46,0	11,8
14.08.2025 14:36:29	71,7	5,6	2,6	103,3	81,3	13,4
14.08.2025 14:36:35	93,7	7,0	2,7	1242,2	132,6	22,4
14.08.2025 14:36:41	35,5	4,9	2,7	1736,2	104,8	11,0
14.08.2025 14:36:47	23,1	7,8	3,2	657,0	59,5	11,3
14.08.2025 14:36:53	58,8	4,7	2,2	138,8	63,1	6,1
14.08.2025 14:36:59	93,2	3,8	2,3	1730,4	168,3	11,7
14.08.2025 14:37:05	48,2	4,7	2,4	1318,6	122,5	13,4
14.08.2025 14:37:11	109,0	6,1	2,5	1127,8	152,4	13,3
14.08.2025 14:37:17	52,2	4,6	2,3	558,1	94,6	8,6
14.08.2025 14:37:23	8,5	6,6	2,5	8,9	8,9	8,4
14.08.2025 14:37:29	37,5	4,1	2,4	963,9	74,2	11,6
14.08.2025 14:37:35	46,7	4,2	2,2	2235,4	152,5	14,1
14.08.2025 14:37:41	28,3	4,4	2,1	808,4	64,8	9,5
14.08.2025 14:37:47	46,8	4,2	2,1	1173,5	122,4	9,8
14.08.2025 14:37:53	18,5	4,0	2,1	21,7	20,7	7,7
14.08.2025 14:37:59	28,1	6,0	2,1	1438,7	98,6	9,2
14.08.2025 14:38:05	73,4	4,2	2,0	643,3	115,1	6,1
14.08.2025 14:38:11	6,0	5,1	2,1	6,3	6,3	6,0
14.08.2025 14:38:17	77,6	4,9	1,8	161,0	84,2	12,7
14.08.2025 14:38:23	15,3	3,8	1,8	16,7	16,6	9,7
14.08.2025 14:38:29	3,4	2,9	1,7	3,5	3,5	3,3
14.08.2025 14:38:35	34,7	3,6	1,4	41,1	39,0	12,3
14.08.2025 14:38:41	4,9	4,0	1,8	5,1	5,1	4,8
14.08.2025 14:38:47	32,5	3,5	1,6	1156,2	106,2	6,3
14.08.2025 14:38:53	8,3	3,7	1,7	928,6	40,9	4,6
14.08.2025 14:38:59	7,4	3,3	1,6	927,7	40,1	3,8
14.08.2025 14:39:05	69,9	2,6	1,4	152,7	75,9	6,4
14.08.2025 14:39:11	35,2	4,6	1,9	1015,4	110,4	6,1
14.08.2025 14:39:17	4,0	3,0	1,6	4,1	4,1	3,9
14.08.2025 14:39:23	3,4	2,9	1,3	3,5	3,5	3,4
14.08.2025 14:39:29	15,2	3,8	1,4	648,8	51,2	4,3
14.08.2025 14:39:35	38,0	2,5	1,2	1307,8	111,7	5,5
14.08.2025 14:39:41	2,9	2,5	1,3	3,0	3,0	2,9
14.08.2025 14:39:47	14,3	2,7	1,2	15,6	15,5	8,6
14.08.2025 14:39:53	113,6	2,3	1,2	273,6	122,0	6,8
14.08.2025 14:39:59	1,5	1,5	1,2	1,6	1,6	1,5
14.08.2025 14:40:05	111,2	5,1	1,4	1951,0	226,7	11,2
14.08.2025 14:40:11	5,3	2,9	1,4	5,6	5,6	4,7
14.08.2025 14:40:17	20,8	2,1	1,3	1431,0	90,9	2,6
14.08.2025 14:40:23	7,1	1,5	0,8	7,7	7,6	4,2
14.08.2025 14:40:29	3,0	2,5	1,3	3,1	3,1	3,0
14.08.2025 14:40:35	17,5	2,4	1,0	507,5	55,1	2,9
14.08.2025 14:40:41	13,9	2,4	1,2	15,2	15,1	8,2
14.08.2025 14:40:47	2,0	1,5	0,9	2,0	2,0	1,9
14.08.2025 14:40:53	16,3	1,7	0,9	1569,8	84,6	1,8
14.08.2025 14:40:59	2,8	2,8	1,1	2,9	2,9	2,8
14.08.2025 14:41:05	107,4	1,0	0,9	266,9	115,4	2,0
14.08.2025 14:41:11	152,1	2,0	1,0	330,2	166,7	7,6
14.08.2025 14:41:17	9,2	1,9	1,0	786,0	43,4	1,9
14.08.2025 14:41:23	22,0	2,5	1,1	656,3	58,7	7,5
14.08.2025 14:41:29	56,1	2,5	1,2	136,0	60,2	3,4
14.08.2025 14:41:35	4,6	2,1	1,2	4,8	4,8	3,9
14.08.2025 14:41:41	1,4	1,4	0,9	1,4	1,4	1,4
14.08.2025 14:41:47	3,7	2,8	1,1	3,9	3,9	3,6
14.08.2025 14:41:53	25,6	3,3	1,3	805,6	61,9	7,4
14.08.2025 14:41:59	17,6	2,5	1,5	1571,2	86,0	3,0
14.08.2025 14:42:05	8,6	4,7	1,7	9,1	9,1	7,9
14.08.2025 14:42:11	6,0	3,0	1,3	6,3	6,3	5,2
14.08.2025 14:42:17	14,5	3,1	1,4	648,0	50,5	3,6
14.08.2025 14:42:23	16,1	2,5	1,5	19,2	18,1	5,4
14.08.2025 14:42:29	15,1	3,0	1,3	936,2	48,5	7,9
14.08.2025 14:42:35	19,9	3,7	1,4	23,2	22,1	8,4
14.08.2025 14:42:41	17,1	2,5	1,4	1570,7	85,5	2,6
14.08.2025 14:42:47	42,0	3,7	1,4	834,5	80,9	6,3
14.08.2025 14:42:53	28,3	2,4	1,1	808,5	64,9	8,8
14.08.2025 14:42:59	24,2	4,1	1,5	1434,6	94,5	5,9
14.08.2025 14:43:05	27,0	2,7	1,2	807,1	63,5	8,2
14.08.2025 14:43:11	9,1	3,1	1,2	9,9	9,8	6,3
14.08.2025 14:43:17	12,0	3,3	1,2	789,0	46,4	4,6
14.08.2025 14:43:23	9,1	2,5	1,2	929,5	41,9	4,7
14.08.2025 14:43:29	9,4	2,9	1,2	10,1	10,1	6,5
14.08.2025 14:43:35	17,9	2,9	1,0	21,1	20,0	7,0
14.08.2025 14:43:41	35,1	2,3	0,9	384,8	76,4	6,1
14.08.2025 14:43:47	60,4	2,6	1,1	1060,4	97,0	4,0
14.08.2025 14:43:53	7,5	2,5	1,0	8,0	8,0	6,1
14.08.2025 14:43:59	1,6	1,6	0,9	1,7	1,7	1,6
14.08.2025 14:44:05	7,7	2,2	1,0	8,4	8,3	4,9
14.08.2025 14:44:11	30,1	1,8	1,2	1586,6	100,4	4,7
14.08.2025 14:44:17	2,1	2,1	1,1	2,2	2,2	2,2
14.08.2025 14:44:23	25,6	0,9	0,7	29,9	28,7	9,2
14.08.2025 14:44:29	55,9	2,2	1,0	135,7	60,0	3,2
14.08.2025 14:44:35	4,8	1,9	0,9	5,1	5,1	4,0
14.08.2025 14:44:41	7,5	1,9	0,9	8,2	8,1	4,7
14.08.2025 14:44:47	76,4	1,8	1,0	935,9	116,6	5,6
14.08.2025 14:44:53	73,0	2,9	0,9	154,6	78,7	13,2
14.08.2025 14:44:59	6,2	2,8	1,0	6,6	6,6	5,5
14.08.2025 14:45:05	0,7	0,7	0,6	0,8	0,8	0,7
14.08.2025 14:45:11	68,2	1,4	0,8	151,0	74,2	4,8
14.08.2025 14:45:17	27,7	1,7	0,8	1151,1	101,1	2,2
14.08.2025 14:45:23	6,4	0,9	0,6	7,1	7,0	3,6
14.08.2025 14:45:29	1,5	1,5	0,8	1,6	1,6	1,5
14.08.2025 14:45:35	2,4	1,9	0,7	2,5	2,5	2,4
14.08.2025 14:45:41	26,0	1,7	0,8	373,2	65,7	4,9
14.08.2025 14:45:47	71,5	1,5	0,7	879,5	115,0	6,8
14.08.2025 14:45:53	53,3	1,3	0,8	1335,5	129,5	3,1
14.08.2025 14:45:59	62,2	1,7	0,9	918,8	100,4	2,3
14.08.2025 14:46:05	59,7	1,0	0,8	140,1	64,3	4,2
14.08.2025 14:46:11	23,0	1,3	0,6	26,8	25,7	8,7
14.08.2025 14:46:17	1,0	1,0	0,6	1,0	1,0	1,0
14.08.2025 14:46:23	35,3	0,8	0,5	818,1	73,4	6,5
14.08.2025 14:46:29	4,4	0,8	0,4	924,6	37,0	0,8
14.08.2025 14:46:35	37,6	2,3	0,7	1449,7	109,4	11,0
14.08.2025 14:46:41	56,6	1,0	0,6	136,6	60,9	3,3
14.08.2025 14:46:47	82,1	0,7	0,5	654,8	125,5	4,1
14.08.2025 14:46:53	8,1	2,1	0,7	8,9	8,8	5,3
14.08.2025 14:46:59	55,4	1,8	0,5	135,3	59,5	2,7
14.08.2025 14:47:05	32,8	1,5	0,7	959,1	69,3	7,6
14.08.2025 14:47:11	19,1	0,8	0,4	365,7	58,2	0,9
14.08.2025 14:47:17	14,5	1,8	0,6	791,8	49,2	5,8
14.08.2025 14:47:23	28,6	1,3	0,5	34,6	32,5	7,0
14.08.2025 14:47:29	0,9	0,9	0,5	0,9	0,9	0,9
14.08.2025 14:47:35	18,7	0,5	0,4	365,3	57,9	0,6
14.08.2025 14:47:41	18,1	3,4	0,7	795,8	53,1	7,9
14.08.2025 14:47:47	12,2	2,1	0,6	933,2	45,4	5,7
14.08.2025 14:47:53	60,5	1,4	0,5	141,0	65,2	5,0
14.08.2025 14:47:59	24,1	1,8	0,8	2354,5	126,7	2,3
14.08.2025 14:48:05	31,3	2,1	0,6	1587,9	101,7	5,9
14.08.2025 14:48:11	54,6	1,4	0,6	134,4	58,7	2,0
14.08.2025 14:48:17	0,4	0,4	0,4	0,4	0,4	0,4
14.08.2025 14:48:23	59,1	2,5	0,5	139,2	63,5	5,7
14.08.2025 14:48:29	102,1	1,1	0,5	1120,6	145,2	6,6
14.08.2025 14:48:35	85,0	3,4	0,8	2352,1	193,6	6,3
14.08.2025 14:48:41	0,5	0,5	0,4	0,5	0,5	0,5
14.08.2025 14:48:47	31,0	0,9	0,4	46,6	35,6	2,7
14.08.2025 14:48:53	18,2	1,7	0,5	21,5	20,5	6,7
14.08.2025 14:48:59	107,4	1,0	0,5	1330,5	146,2	2,0
14.08.2025 14:49:05	14,6	0,9	0,4	1081,1	47,4	3,8
14.08.2025 14:49:11	4,7	1,8	0,6	5,0	5,0	4,0
14.08.2025 14:49:17	14,2	0,6	0,4	17,2	16,2	3,4
14.08.2025 14:49:23	6,0	0,5	0,4	6,6	6,6	3,2
14.08.2025 14:49:29	7,2	1,2	0,4	7,9	7,8	4,3
14.08.2025 14:49:35	56,7	1,5	0,5	708,6	99,0	6,5
14.08.2025 14:49:41	4,3	0,6	0,3	924,5	36,8	0,7
14.08.2025 14:49:47	5,2	1,1	0,5	925,5	37,8	1,6
14.08.2025 14:49:53	4,4	0,8	0,5	924,6	36,9	0,8
14.08.2025 14:49:59	0,2	0,2	0,2	0,2	0,2	0,2
14.08.2025 14:50:05	0,3	0,3	0,2	0,3	0,3	0,3
14.08.2025 14:50:11	12,1	1,1	0,4	645,5	48,0	1,2
14.08.2025 14:50:17	10,8	1,1	0,4	787,9	45,3	2,9
14.08.2025 14:50:23	0,6	0,6	0,2	0,6	0,6	0,6
14.08.2025 14:50:29	34,4	1,6	0,4	2365,9	138,0	8,4
14.08.2025 14:50:35	1,4	1,0	0,3	1,5	1,5	1,4
14.08.2025 14:50:41	6,5	1,0	0,4	7,1	7,1	3,7
14.08.2025 14:50:47	53,4	0,2	0,2	133,2	57,4	0,7
14.08.2025 14:50:53	8,6	0,8	0,3	785,4	42,8	1,3
14.08.2025 14:50:59	32,9	1,5	0,4	959,1	69,4	7,7
14.08.2025 14:51:05	67,1	0,3	0,3	149,9	73,1	3,7
14.08.2025 14:51:11	0,7	0,7	0,3	0,7	0,7	0,7
14.08.2025 14:51:17	25,8	0,2	0,2	2212,6	129,9	0,3
14.08.2025 14:51:23	1,7	1,3	0,4	1,8	1,8	1,7
14.08.2025 14:51:29	0,3	0,3	0,2	0,3	0,3	0,3
14.08.2025 14:51:35	11,2	0,8	0,2	12,3	12,2	7,0
14.08.2025 14:51:41	24,2	0,5	0,3	371,4	63,9	3,2
14.08.2025 14:51:47	53,9	0,7	0,4	133,7	57,9	1,3
14.08.2025 14:51:53	7,6	0,3	0,2	784,3	41,7	0,3
14.08.2025 14:51:59	0,3	0,3	0,2	0,3	0,3	0,3
14.08.2025 14:52:05	0,7	0,7	0,3	0,7	0,7	0,7
14.08.2025 14:52:11	1,1	1,1	0,4	1,2	1,2	1,2
14.08.2025 14:52:17	0,3	0,3	0,3	0,3	0,3	0,3
14.08.2025 14:52:23	2,9	0,5	0,2	3,1	3,1	2,2
14.08.2025 14:52:29	13,9	0,3	0,2	16,9	15,9	3,1
14.08.2025 14:52:35	0,3	0,3	0,3	0,3	0,3	0,3
14.08.2025 14:52:41	20,4	1,7	0,4	1430,7	90,5	2,3
14.08.2025 14:52:47	8,2	0,9	0,4	785,0	42,4	0,9
14.08.2025 14:52:53	20,0	1,3	0,4	1430,2	90,0	1,8
14.08.2025 14:52:59	72,9	1,0	0,4	1562,8	147,0	2,0
14.08.2025 14:53:05	0,2	0,2	0,2	0,2	0,2	0,2
14.08.2025 14:53:11	0,6	0,6	0,2	0,6	0,6	0,6
14.08.2025 14:53:17	7,5	0,2	0,2	784,3	41,7	0,3
14.08.2025 14:53:23	2,2	1,3	0,3	2,4	2,4	2,2
14.08.2025 14:53:29	0,6	0,6	0,3	0,7	0,7	0,7
14.08.2025 14:53:35	0,6	0,6	0,4	0,6	0,6	0,6
14.08.2025 14:53:41	0,7	0,7	0,3	0,7	0,7	0,7
14.08.2025 14:53:47	0,5	0,5	0,1	0,5	0,5	0,5
14.08.2025 14:53:53	64,7	0,6	0,2	777,8	104,6	1,1
14.08.2025 14:53:59	18,5	0,3	0,3	365,1	57,7	0,4
14.08.2025 14:54:05	0,2	0,2	0,2	0,2	0,2	0,2
14.08.2025 14:54:11	0,1	0,1	0,1	0,1	0,1	0,1
14.08.2025 14:54:17	0,4	0,4	0,3	0,4	0,4	0,4
14.08.2025 14:54:23	53,5	0,3	0,3	133,3	57,5	0,8
14.08.2025 14:54:29	8,2	1,7	0,3	8,9	8,9	5,3
14.08.2025 14:54:35	0,2	0,2	0,2	0,2	0,2	0,2
14.08.2025 14:54:41	0,2	0,2	0,2	0,2	0,2	0,2
14.08.2025 14:54:47	7,5	0,2	0,1	784,3	41,7	0,3
14.08.2025 14:54:53	0,2	0,2	0,1	0,2	0,2	0,2
14.08.2025 14:54:59	32,5	2,4	0,4	2076,2	138,5	3,4
14.08.2025 14:55:05	54,0	0,9	0,3	133,8	58,1	1,4
14.08.2025 14:55:11	12,5	1,1	0,4	646,0	48,4	1,6
14.08.2025 14:55:17	0,4	0,4	0,3	0,4	0,4	0,4
14.08.2025 14:55:23	64,3	0,6	0,2	763,4	146,5	6,4
14.08.2025 14:55:29	2,8	0,3	0,1	3,0	3,0	2,1
14.08.2025 14:55:35	5,3	1,9	0,3	5,6	5,6	4,5
14.08.2025 14:55:41	0,7	0,7	0,3	0,7	0,7	0,7
14.08.2025 14:55:47	53,4	0,2	0,2	133,1	57,4	0,7
14.08.2025 14:55:53	15,8	0,7	0,2	505,8	53,3	1,2
14.08.2025 14:55:59	46,9	1,7	0,5	2237,5	153,7	7,8
14.08.2025 14:56:05	11,4	0,3	0,2	12,6	12,5	5,7
14.08.2025 14:56:11	0,4	0,4	0,2	0,4	0,4	0,4
14.08.2025 14:56:17	33,7	0,9	0,2	1933,8	141,2	1,0
14.08.2025 14:56:23	55,9	1,0	0,2	1959,9	166,2	8,9
14.08.2025 14:56:29	15,8	0,7	0,2	505,8	53,3	1,2
14.08.2025 14:56:35	4,0	0,4	0,2	924,2	36,5	0,4
14.08.2025 14:56:41	9,3	0,7	0,2	929,9	42,2	4,2
14.08.2025 14:56:47	32,7	0,9	0,3	1444,3	104,0	8,1
14.08.2025 14:56:53	13,7	1,5	0,4	1998,3	77,9	6,5
14.08.2025 14:56:59	1,1	0,7	0,2	1064,8	32,0	1,1
14.08.2025 14:57:05	53,5	0,3	0,2	133,2	57,5	0,8
14.08.2025 14:57:11	14,1	0,5	0,1	17,1	16,1	3,3
14.08.2025 14:57:17	9,4	0,9	0,2	10,3	10,3	5,8
14.08.2025 14:57:23	120,4	3,4	0,8	4144,1	338,0	5,9
14.08.2025 14:57:29	10,4	2,1	0,4	787,3	44,7	3,0
14.08.2025 14:57:35	28,4	0,9	0,2	665,1	66,5	6,0
14.08.2025 14:57:41	7,8	0,5	0,2	784,5	41,9	0,5
14.08.2025 14:57:47	4,8	1,1	0,3	925,0	37,3	1,1
14.08.2025 14:57:53	38,1	0,7	0,3	830,4	76,8	2,4
14.08.2025 14:57:59	12,2	1,1	0,3	13,4	13,3	6,5
14.08.2025 14:58:05	25,7	0,2	0,1	1149,0	99,0	0,3
14.08.2025 14:58:11	1,8	1,4	0,2	1,9	1,9	1,8
14.08.2025 14:58:17	30,3	0,2	0,1	1109,3	65,6	1,9
14.08.2025 14:58:23	3,6	1,1	0,2	3,9	3,9	2,9
14.08.2025 14:58:29	0,6	0,6	0,2	0,6	0,6	0,6
14.08.2025 14:58:35	0,3	0,3	0,2	0,3	0,3	0,3
14.08.2025 14:58:41	3,1	0,6	0,3	3,3	3,3	2,4
14.08.2025 14:58:47	14,7	0,1	0,1	504,7	52,2	0,2
14.08.2025 14:58:53	0,6	0,6	0,2	0,6	0,6	0,6
14.08.2025 14:58:59	45,7	0,4	0,2	1028,8	122,8	5,1
14.08.2025 14:59:05	7,8	0,5	0,2	784,6	42,0	0,6
14.08.2025 14:59:11	67,9	0,1	0,1	637,6	109,4	0,7
14.08.2025 14:59:17	13,8	0,2	0,1	16,8	15,7	3,0
14.08.2025 14:59:23	0,3	0,3	0,2	0,3	0,3	0,3
14.08.2025 14:59:29	0,1	0,1	0,1	0,1	0,1	0,1
14.08.2025 14:59:35	0,3	0,3	0,2	0,3	0,3	0,3
14.08.2025 14:59:41	53,6	0,5	0,2	133,4	57,7	1,0
14.08.2025 14:59:47	0,3	0,3	0,2	0,3	0,3	0,2
14.08.2025 14:59:53	53,3	0,1	0,1	133,1	57,3	0,6
14.08.2025 14:59:59	4,3	0,6	0,3	924,5	36,8	0,6
14.08.2025 15:00:05	3,3	0,8	0,2	3,5	3,5	2,6
14.08.2025 15:00:11	0,2	0,2	0,1	0,2	0,2	0,2
14.08.2025 15:00:17	0,4	0,4	0,3	0,4	0,4	0,4
14.08.2025 15:00:23	48,2	1,2	0,4	1951,3	157,7	4,6
14.08.2025 15:00:29	0,2	0,2	0,1	0,2	0,2	0,2
14.08.2025 15:00:35	7,6	0,3	0,3	784,4	41,8	0,3
14.08.2025 15:00:41	20,3	0,7	0,2	510,7	58,2	4,3
14.08.2025 15:00:47	1,3	0,9	0,2	1,4	1,4	1,3
14.08.2025 15:00:53	0,0	0,0	0,0	0,0	0,0	0,0
14.08.2025 15:00:59	0,1	0,1	0,1	0,1	0,1	0,1
14.08.2025 15:01:05	0,1	0,1	0,1	0,1	0,1	0,1
14.08.2025 15:01:11	12,4	1,0	0,4	645,9	48,3	1,5
14.08.2025 15:01:17	0,6	0,6	0,2	0,6	0,6	0,6
14.08.2025 15:01:23	0,2	0,2	0,2	0,2	0,2	0,2
14.08.2025 15:01:29	24,8	0,2	0,2	661,1	62,6	3,1
14.08.2025 15:01:35	1,3	0,8	0,2	1,4	1,4	1,3
14.08.2025 15:01:41	43,9	0,2	0,1	62,4	50,4	4,7
14.08.2025 15:01:47	0,2	0,2	0,2	0,2	0,2	0,2
14.08.2025 15:01:53	0,1	0,1	0,1	0,1	0,1	0,1
14.08.2025 15:01:59	16,9	0,8	0,1	20,1	19,1	5,4
14.08.2025 15:02:05	0,2	0,2	0,2	0,2	0,2	0,2
14.08.2025 15:02:11	4,1	0,4	0,3	924,2	36,6	0,4
14.08.2025 15:02:17	6,3	0,7	0,2	6,9	6,9	3,5
14.08.2025 15:02:23	49,0	0,7	0,2	411,1	92,7	2,5
14.08.2025 15:02:29	41,1	0,1	0,1	690,0	81,5	1,9
14.08.2025 15:02:35	5,8	0,3	0,2	6,4	6,4	3,0
14.08.2025 15:02:41	14,8	0,2	0,2	504,8	52,3	0,3
14.08.2025 15:02:47	0,1	0,1	0,1	0,1	0,1	0,1
14.08.2025 15:02:53	14,0	0,4	0,2	17,0	16,0	3,2
14.08.2025 15:02:59	0,2	0,2	0,2	0,2	0,2	0,2
14.08.2025 15:03:05	0,6	0,6	0,2	0,6	0,6	0,6
14.08.2025 15:03:11	1,1	0,6	0,1	1,2	1,2	1,1
14.08.2025 15:03:17	0,1	0,1	0,1	0,1	0,1	0,1
14.08.2025 15:03:23	0,1	0,1	0,1	0,1	0,1	0,1
14.08.2025 15:03:29	0,1	0,1	0,1	0,1	0,1	0,1
14.08.2025 15:03:35	13,8	0,2	0,1	16,8	15,7	3,0
14.08.2025 15:03:41	0,6	0,6	0,2	0,6	0,6	0,6
14.08.2025 15:03:47	0,0	0,0	0,0	0,0	0,0	0,0
14.08.2025 15:03:53	0,2	0,2	0,2	0,2	0,2	0,2
14.08.2025 15:03:59	0,1	0,1	0,1	0,1	0,1	0,1
14.08.2025 15:04:05	0,3	0,3	0,2	0,3	0,3	0,3
14.08.2025 15:04:11	0,2	0,2	0,1	0,2	0,2	0,2
14.08.2025 15:04:17	0,6	0,6	0,2	0,6	0,6	0,6
14.08.2025 15:04:23	30,3	0,2	0,1	45,8	34,8	1,9
14.08.2025 15:04:29	0,5	0,5	0,1	0,5	0,5	0,5
14.08.2025 15:04:35	0,2	0,2	0,1	0,2	0,2	0,2
14.08.2025 15:04:41	0,3	0,3	0,2	0,3	0,3	0,3
14.08.2025 15:04:47	35,1	0,4	0,2	1015,7	110,7	3,2
14.08.2025 15:04:53	0,1	0,1	0,1	0,1	0,1	0,1
14.08.2025 15:04:59	12,9	1,5	0,3	646,4	48,9	2,0
14.08.2025 15:05:05	0,3	0,3	0,2	0,3	0,3	0,3
14.08.2025 15:05:11	0,3	0,3	0,1	0,3	0,3	0,3
14.08.2025 15:05:17	0,4	0,4	0,2	0,4	0,4	0,4
14.08.2025 15:05:23	0,1	0,1	0,1	0,1	0,1	0,1
14.08.2025 15:05:29	0,1	0,1	0,1	0,1	0,1	0,1
14.08.2025 15:05:35	0,1	0,1	0,1	0,1	0,1	0,1
14.08.2025 15:05:41	0,5	0,5	0,2	0,6	0,6	0,6
14.08.2025 15:05:47	0,7	0,7	0,2	0,7	0,7	0,7
14.08.2025 15:05:53	11,3	0,3	0,3	644,6	47,1	0,4
14.08.2025 15:05:59	6,1	0,6	0,2	6,7	6,7	3,3
14.08.2025 15:06:05	0,2	0,2	0,2	0,2	0,2	0,2
14.08.2025 15:06:11	0,2	0,2	0,2	0,2	0,2	0,2
14.08.2025 15:06:17	0,1	0,1	0,1	0,1	0,1	0,1
14.08.2025 15:06:23	0,3	0,3	0,2	0,3	0,3	0,3
14.08.2025 15:06:29	30,2	0,1	0,1	45,7	34,8	1,9
14.08.2025 15:06:35	0,1	0,1	0,1	0,1	0,1	0,1
14.08.2025 15:06:41	0,3	0,3	0,2	0,3	0,3	0,3
14.08.2025 15:06:47	30,4	0,3	0,2	45,9	34,9	2,0
14.08.2025 15:06:53	0,5	0,5	0,1	0,5	0,5	0,5
14.08.2025 15:06:59	0,2	0,2	0,2	0,2	0,2	0,2
14.08.2025 15:07:05	0,1	0,1	0,1	0,1	0,1	0,1
14.08.2025 15:07:11	0,6	0,6	0,2	0,6	0,6	0,6
14.08.2025 15:07:17	13,8	0,2	0,1	16,8	15,8	3,0
14.08.2025 15:07:23	0,3	0,3	0,2	0,3	0,3	0,3
14.08.2025 15:07:29	0,1	0,1	0,1	0,1	0,1	0,1
14.08.2025 15:07:35	30,2	0,1	0,1	45,7	34,8	1,9
14.08.2025 15:07:41	13,8	0,1	0,1	16,7	15,7	3,0
14.08.2025 15:07:47	0,3	0,3	0,2	0,3	0,3	0,3
14.08.2025 15:07:53	0,2	0,2	0,1	0,2	0,2	0,2
14.08.2025 15:07:59	13,7	0,1	0,1	16,7	15,7	3,0
14.08.2025 15:08:05	0,1	0,1	0,1	0,1	0,1	0,1
14.08.2025 15:08:11	0,4	0,5	0,3	0,5	0,5	0,4
14.08.2025 15:08:17	5,7	0,2	0,1	6,3	6,2	2,9
14.08.2025 15:08:23	0,5	0,5	0,2	0,6	0,6	0,6
14.08.2025 15:08:29	13,9	0,2	0,2	16,8	15,8	3,1
14.08.2025 15:08:35	0,5	0,5	0,2	0,5	0,5	0,5
14.08.2025 15:08:41	1,1	0,6	0,1	1,1	1,1	1,0
14.08.2025 15:08:47	4,9	1,5	0,2	5,2	5,2	4,1
14.08.2025 15:08:53	64,6	0,5	0,3	777,7	104,4	1,0
14.08.2025 15:08:59	0,2	0,2	0,2	0,2	0,2	0,2
14.08.2025 15:09:05	0,9	0,9	0,2	0,9	0,9	0,9
14.08.2025 15:09:11	0,2	0,2	0,2	0,2	0,2	0,2
14.08.2025 15:09:17	0,1	0,1	0,1	0,1	0,1	0,1
14.08.2025 15:09:23	0,4	0,4	0,1	0,5	0,5	0,5
14.08.2025 15:09:29	0,2	0,2	0,1	0,2	0,2	0,2
14.08.2025 15:09:35	0,1	0,1	0,1	0,1	0,1	0,1
14.08.2025 15:09:41	0,1	0,1	0,1	0,1	0,1	0,1
14.08.2025 15:09:47	0,1	0,1	0,1	0,1	0,1	0,1
14.08.2025 15:09:53	0,3	0,3	0,1	0,3	0,3	0,3
14.08.2025 15:09:59	0,2	0,2	0,1	0,2	0,2	0,2
14.08.2025 15:10:05	0,1	0,1	0,1	0,1	0,1	0,1
14.08.2025 15:10:11	11,1	0,2	0,2	644,5	47,0	0,2
14.08.2025 15:10:17	0,3	0,3	0,2	0,3	0,3	0,3
14.08.2025 15:10:23	0,1	0,1	0,1	0,1	0,1	0,1
14.08.2025 15:10:29	2,9	0,4	0,2	3,1	3,1	2,2
14.08.2025 15:10:35	11,3	0,3	0,2	644,6	47,1	0,4
14.08.2025 15:10:41	18,5	0,3	0,2	365,1	57,7	0,4
14.08.2025 15:10:47	0,6	0,6	0,2	0,6	0,6	0,6
14.08.2025 15:10:53	0,2	0,2	0,1	0,2	0,2	0,2
14.08.2025 15:10:59	11,2	0,2	0,2	644,5	47,0	0,2
14.08.2025 15:11:05	0,6	0,6	0,2	0,7	0,7	0,6
14.08.2025 15:11:11	0,2	0,2	0,2	0,2	0,2	0,2
14.08.2025 15:11:17	0,0	0,0	0,0	0,0	0,0	0,0
14.08.2025 15:11:23	1,1	0,6	0,1	1,1	1,1	1,0
14.08.2025 15:11:29	1,1	0,6	0,1	1,1	1,1	1,0
14.08.2025 15:11:35	0,1	0,1	0,1	0,1	0,1	0,1
14.08.2025 15:11:41	7,4	0,2	0,1	784,2	41,6	0,2
14.08.2025 15:11:47	0,1	0,1	0,0	0,1	0,1	0,1
14.08.2025 15:11:53	20,3	0,7	0,1	24,0	22,9	6,7
14.08.2025 15:11:59	0,2	0,2	0,1	0,2	0,2	0,2
14.08.2025 15:12:05	43,9	0,1	0,1	62,4	50,3	4,7
14.08.2025 15:12:11	5,0	0,9	0,3	925,2	37,6	1,3
14.08.2025 15:12:17	15,5	1,4	0,2	18,6	17,5	4,7
14.08.2025 15:12:23	30,2	0,1	0,1	45,7	34,8	1,8
14.08.2025 15:12:29	53,3	0,1	0,1	133,1	57,3	0,7
14.08.2025 15:12:35	4,2	0,6	0,2	924,4	36,8	0,6
14.08.2025 15:12:41	1,6	1,2	0,2	1,7	1,7	1,6
14.08.2025 15:12:47	0,5	0,5	0,1	0,5	0,5	0,5
14.08.2025 15:12:53	0,3	0,3	0,2	0,3	0,3	0,3
14.08.2025 15:12:59	21,0	0,3	0,1	1431,4	91,2	2,2
14.08.2025 15:13:05	69,1	0,9	0,3	101,0	79,0	8,8
14.08.2025 15:13:11	32,9	0,3	0,1	48,6	37,6	3,8
14.08.2025 15:13:17	20,8	1,6	0,3	1431,1	90,9	2,6
14.08.2025 15:13:23	30,0	0,8	0,3	2073,5	135,8	0,9
14.08.2025 15:13:29	15,4	0,8	0,1	505,4	52,9	0,9
14.08.2025 15:13:35	61,6	1,1	0,4	918,2	99,8	1,7
14.08.2025 15:13:41	18,4	0,2	0,1	365,0	57,5	0,2
14.08.2025 15:13:47	15,2	0,6	0,2	1568,7	83,5	0,6
14.08.2025 15:13:53	0,3	0,3	0,2	0,3	0,3	0,3
14.08.2025 15:13:59	5,8	0,2	0,1	6,4	6,3	2,9
14.08.2025 15:14:05	0,7	0,7	0,3	0,7	0,7	0,7
14.08.2025 15:14:11	0,1	0,1	0,1	0,1	0,1	0,1
14.08.2025 15:14:17	58,9	0,2	0,1	139,3	63,5	3,4
14.08.2025 15:14:23	13,8	0,2	0,1	16,8	15,8	3,0
14.08.2025 15:14:29	54,4	0,8	0,2	134,3	58,5	1,7
14.08.2025 15:14:35	0,1	0,1	0,1	0,1	0,1	0,1
14.08.2025 15:14:41	4,0	0,3	0,3	924,1	36,5	0,3
14.08.2025 15:14:47	0,5	0,5	0,2	0,5	0,5	0,5
14.08.2025 15:14:53	18,3	0,1	0,1	364,9	57,5	0,2
14.08.2025 15:14:59	8,6	0,8	0,2	785,4	42,8	1,3
14.08.2025 15:15:05	0,6	0,6	0,2	0,7	0,7	0,7
14.08.2025 15:15:11	1,2	0,7	0,2	1,2	1,2	1,1
14.08.2025 15:15:17	0,7	0,7	0,2	0,7	0,7	0,7
14.08.2025 15:15:23	1,1	0,7	0,1	1,2	1,2	1,1
14.08.2025 15:15:29	0,2	0,2	0,2	0,2	0,2	0,2
14.08.2025 15:15:35	8,5	0,8	0,2	785,3	42,7	1,2
14.08.2025 15:15:41	0,1	0,1	0,1	0,1	0,1	0,1
14.08.2025 15:15:47	53,6	0,4	0,1	133,4	57,7	1,0
14.08.2025 15:15:53	1,5	1,0	0,2	1,6	1,6	1,5
14.08.2025 15:15:59	30,2	0,1	0,1	45,7	34,7	1,8
14.08.2025 15:16:05	0,5	0,5	0,2	0,5	0,5	0,5
14.08.2025 15:16:11	0,4	0,4	0,2	0,4	0,4	0,4
14.08.2025 15:16:17	0,1	0,1	0,0	0,1	0,1	0,1
14.08.2025 15:16:23	0,1	0,1	0,1	0,1	0,1	0,1
14.08.2025 15:16:29	0,1	0,1	0,1	0,1	0,1	0,1
14.08.2025 15:16:35	30,3	0,2	0,1	45,8	34,8	1,9
14.08.2025 15:16:41	0,1	0,1	0,1	0,1	0,1	0,1
14.08.2025 15:16:47	0,2	0,2	0,1	0,2	0,2	0,1
14.08.2025 15:16:53	1,2	0,7	0,2	1,3	1,3	1,2
14.08.2025 15:16:59	14,8	0,2	0,2	1568,3	83,1	0,2
14.08.2025 15:17:05	0,3	0,3	0,2	0,3	0,3	0,3
14.08.2025 15:17:11	14,1	0,5	0,1	17,1	16,1	3,3
14.08.2025 15:17:17	20,2	1,1	0,2	23,7	22,6	7,9
14.08.2025 15:17:23	0,1	0,1	0,1	0,1	0,1	0,1
14.08.2025 15:17:29	18,3	0,1	0,1	1428,4	88,3	0,1
14.08.2025 15:17:35	1,2	0,7	0,1	1,3	1,3	1,2
14.08.2025 15:17:41	13,7	0,1	0,1	16,7	15,6	2,9
14.08.2025 15:17:47	8,5	0,7	0,2	785,3	42,7	1,2
14.08.2025 15:17:53	1,2	0,7	0,2	1,3	1,3	1,2
14.08.2025 15:17:59	9,4	0,9	0,1	10,3	10,2	5,8
14.08.2025 15:18:05	21,0	0,1	0,1	800,8	57,1	3,0
14.08.2025 15:18:11	69,4	0,9	0,2	926,8	108,3	5,9
14.08.2025 15:18:17	54,4	0,8	0,2	134,2	58,5	1,7
14.08.2025 15:18:23	60,3	1,1	0,2	140,7	64,9	4,8
14.08.2025 15:18:29	0,4	0,4	0,1	0,5	0,5	0,4
14.08.2025 15:18:35	0,4	0,4	0,2	0,4	0,4	0,4
14.08.2025 15:18:41	0,2	0,2	0,2	0,2	0,2	0,2
14.08.2025 15:18:47	0,2	0,2	0,1	0,2	0,2	0,2
14.08.2025 15:18:53	9,3	1,6	0,3	786,2	43,6	2,1
14.08.2025 15:18:59	1,3	0,9	0,3	1,4	1,4	1,3
14.08.2025 15:19:05	1,0	1,0	0,2	1,0	1,0	1,0
