<Header>
User name: 
Location: probe cabin
# of Location: 2
Model: 11-D
Serial No.: 11D20167
Firmware revision: 12.50E
Software revision: 1179-V2-10 (23-01-2023)
Unit: Mass fraction [ug/m3]
C-factor: 1,00
location factor: 1,00
Comment: test room aerosol conditions
online data
<Data>
[d&t31.12.2035 11:50:55]	TSP [ug/m3]	PM10 [ug/m3]	PM4 [ug/m3]	PM2,5 [ug/m3]	PM1 [ug/m3]	PMcoarse [ug/m3]	Inhalable [ug/m3]	Thoracic [ug/m3]	Respirable [ug/m3]	pm10-IAQ [ug/m3]	pm2,5-IAQ [ug/m3]	pm1-IAQ [ug/m3]
14.08.2025 14:27:29	34,0	16,0	10,3	6,1	3,3	10,0	26,1	18,7	8,2	16,0	4,7	2,6
14.08.2025 14:27:35	26,7	19,7	8,5	4,8	3,6	14,9	25,6	22,0	7,3	23,0	3,8	2,9
14.08.2025 14:27:41	13,1	11,4	7,5	5,8	3,5	5,6	11,7	10,7	6,0	11,6	4,5	2,9
14.08.2025 14:27:47	34,6	16,3	8,8	5,8	3,7	10,6	28,1	20,4	7,3	18,0	4,5	3,0
14.08.2025 14:27:53	36,8	22,7	9,1	6,1	4,0	16,5	32,9	26,4	7,8	27,6	4,8	3,2
14.08.2025 14:27:59	114,0	27,9	7,3	4,8	3,8	23,0	85,3	49,4	6,8	37,2	3,8	3,1
14.08.2025 14:28:05	12,2	12,2	11,3	7,1	3,9	5,0	9,3	9,3	8,7	9,3	5,5	3,1
14.08.2025 14:28:11	158,5	10,7	8,8	5,3	3,3	5,4	77,9	17,4	7,1	9,3	4,1	2,6
14.08.2025 14:28:17	19,1	12,9	7,5	5,3	3,6	7,7	16,6	13,8	6,3	14,0	4,1	2,9
14.08.2025 14:28:23	23,8	17,6	12,4	7,9	3,4	9,7	19,4	16,7	9,6	16,8	6,1	2,8
14.08.2025 14:28:29	40,5	16,4	7,8	5,5	3,5	10,9	31,4	21,4	6,3	18,7	4,3	2,9
14.08.2025 14:28:35	3,7	3,7	3,7	3,7	3,5	0,0	3,0	3,0	3,0	3,0	3,0	2,8
14.08.2025 14:28:41	36,7	23,8	9,9	5,2	3,3	18,6	33,6	27,6	8,6	28,4	4,1	2,7
14.08.2025 14:28:47	35,1	17,3	11,5	7,2	3,8	10,1	28,0	20,6	9,7	17,8	5,6	3,1
14.08.2025 14:28:53	7,8	7,8	7,4	5,6	3,7	2,2	6,0	6,0	5,7	6,0	4,4	3,0
14.08.2025 14:28:59	51,2	9,2	6,3	4,5	3,3	4,7	34,5	17,5	5,4	9,5	3,5	2,6
14.08.2025 14:29:05	20,6	14,0	6,6	4,7	3,6	9,4	18,5	15,4	5,4	15,9	3,7	2,9
14.08.2025 14:29:11	70,0	21,5	11,8	6,9	3,3	14,6	50,5	30,4	9,6	22,9	5,4	2,6
14.08.2025 14:29:17	28,2	21,9	12,4	7,0	4,2	14,9	26,8	23,8	11,0	24,2	5,5	3,4
14.08.2025 14:29:23	33,9	16,1	9,8	5,2	3,1	10,8	26,4	19,1	8,2	16,2	4,1	2,5
14.08.2025 14:29:29	39,5	15,3	5,1	3,7	3,5	11,6	33,0	22,8	5,0	20,2	3,0	2,8
14.08.2025 14:29:35	14,6	13,5	6,2	4,2	3,5	9,3	16,3	15,2	5,7	16,3	3,4	2,9
14.08.2025 14:29:41	31,3	23,1	10,8	6,1	3,5	17,0	29,6	25,4	9,4	26,9	4,8	2,8
14.08.2025 14:29:47	61,7	24,3	10,3	5,2	3,4	19,1	48,8	33,1	8,7	28,4	4,1	2,8
14.08.2025 14:29:53	4,2	4,2	4,2	4,1	3,5	0,1	3,4	3,4	3,4	3,4	3,3	2,9
14.08.2025 14:29:59	36,3	18,1	10,2	5,8	3,4	12,3	29,0	21,3	8,4	18,9	4,5	2,8
14.08.2025 14:30:05	8,8	8,5	5,8	4,0	3,2	4,5	8,3	7,9	4,7	8,3	3,2	2,6
14.08.2025 14:30:11	41,7	17,6	8,4	5,4	3,3	12,2	32,9	22,9	6,9	20,2	4,2	2,6
14.08.2025 14:30:17	98,7	13,5	8,5	6,0	3,7	7,5	58,2	22,2	6,7	13,8	4,7	3,0
14.08.2025 14:30:23	16,2	15,8	11,9	6,3	3,7	9,5	14,5	14,1	9,6	14,5	5,0	3,0
14.08.2025 14:30:29	21,7	19,7	10,9	5,7	3,4	14,0	21,4	19,9	9,2	21,2	4,5	2,7
14.08.2025 14:30:35	35,8	17,6	10,4	6,4	3,5	11,1	28,6	21,0	8,6	18,5	5,0	2,8
14.08.2025 14:30:41	16,5	13,2	5,2	3,7	3,3	9,5	16,6	14,5	4,8	16,4	3,0	2,6
14.08.2025 14:30:47	59,4	15,9	9,5	6,0	3,5	9,9	42,1	24,1	8,1	16,9	4,7	2,9
14.08.2025 14:30:53	43,0	24,3	9,1	5,2	3,7	19,1	37,8	29,6	8,0	30,1	4,1	3,0
14.08.2025 14:30:59	14,9	13,2	7,9	5,0	3,5	8,3	14,4	13,3	6,9	14,3	3,9	2,8
14.08.2025 14:31:05	17,8	16,1	9,1	5,2	3,5	10,9	18,2	17,1	8,3	18,1	4,1	2,8
14.08.2025 14:31:11	20,5	14,3	8,1	5,2	3,9	9,0	17,6	14,8	6,7	15,0	4,1	3,1
14.08.2025 14:31:17	23,9	20,6	10,1	5,7	3,3	14,8	23,9	21,7	8,9	23,6	4,5	2,7
14.08.2025 14:31:23	21,5	15,2	9,0	5,4	3,6	9,8	18,3	15,6	7,4	15,7	4,3	2,9
14.08.2025 14:31:29	28,8	10,9	6,5	4,5	3,3	6,4	21,9	14,6	5,4	11,7	3,6	2,7
14.08.2025 14:31:35	3,3	3,3	3,3	3,3	3,1	0,0	2,7	2,7	2,7	2,7	2,7	2,5
14.08.2025 14:31:41	174,9	9,3	5,0	3,9	3,3	5,3	89,3	21,6	4,3	10,5	3,2	2,7
14.08.2025 14:31:47	38,8	19,3	10,5	5,7	3,3	13,6	30,5	22,1	8,3	20,2	4,5	2,7
14.08.2025 14:31:53	25,3	18,7	10,5	6,2	3,7	12,5	22,0	18,9	8,4	19,4	4,8	3,0
14.08.2025 14:31:59	32,8	14,8	8,5	5,5	3,4	9,3	26,5	19,1	7,5	16,4	4,4	2,7
14.08.2025 14:32:05	4,4	4,4	4,4	4,2	3,3	0,3	3,5	3,5	3,5	3,5	3,3	2,7
14.08.2025 14:32:11	17,2	15,5	9,0	5,5	3,2	10,0	16,5	15,3	7,6	16,4	4,3	2,6
14.08.2025 14:32:17	4,9	4,9	4,9	4,6	3,5	0,3	3,9	3,9	3,9	3,9	3,7	2,8
14.08.2025 14:32:23	17,6	11,3	5,5	4,3	3,2	7,0	15,7	12,9	4,7	13,1	3,4	2,6
14.08.2025 14:32:29	12,3	12,2	9,3	5,7	3,5	6,5	11,7	11,6	8,0	11,7	4,5	2,9
14.08.2025 14:32:35	23,3	17,0	9,8	5,9	3,6	11,1	20,7	17,9	8,2	18,1	4,6	2,9
14.08.2025 14:32:41	13,1	11,5	6,1	3,7	3,2	7,8	12,4	11,3	5,2	12,3	2,9	2,5
14.08.2025 14:32:47	24,5	16,5	5,7	4,0	3,4	12,5	23,7	19,7	5,3	21,0	3,2	2,7
14.08.2025 14:32:53	33,4	15,5	9,9	6,6	3,6	8,9	25,7	18,3	7,9	15,6	5,2	2,9
14.08.2025 14:32:59	2,9	2,9	2,9	2,9	2,8	0,0	2,4	2,4	2,4	2,4	2,4	2,2
14.08.2025 14:33:05	4,4	4,4	4,4	4,2	3,4	0,3	3,5	3,5	3,5	3,5	3,3	2,7
14.08.2025 14:33:11	45,4	20,9	8,3	5,1	3,3	15,8	38,9	28,4	7,6	26,1	4,0	2,6
14.08.2025 14:33:17	2,8	2,8	2,8	2,8	2,7	0,0	2,3	2,3	2,3	2,3	2,3	2,2
14.08.2025 14:33:23	3,6	3,6	3,6	3,6	3,3	0,0	2,9	2,9	2,9	2,9	2,9	2,7
14.08.2025 14:33:29	5,1	5,1	5,1	4,7	3,5	0,4	4,0	4,0	4,0	4,0	3,8	2,9
14.08.2025 14:33:35	13,1	12,7	9,7	6,0	3,3	6,8	11,5	11,1	7,6	11,5	4,7	2,7
14.08.2025 14:33:41	13,4	13,4	10,8	6,3	3,8	7,0	11,3	11,2	8,5	11,3	4,9	3,0
14.08.2025 14:33:47	22,9	19,6	9,9	4,4	3,3	15,2	20,8	18,7	7,9	20,5	3,5	2,6
14.08.2025 14:33:53	26,3	18,1	7,0	4,1	3,4	14,0	24,5	20,4	5,9	21,8	3,3	2,7
14.08.2025 14:33:59	3,7	3,7	3,7	3,7	3,4	0,0	3,0	3,0	3,0	3,0	3,0	2,7
14.08.2025 14:34:05	29,0	22,7	12,2	6,0	3,8	16,6	28,0	25,0	11,1	25,4	4,7	3,0
14.08.2025 14:34:11	32,5	14,2	7,6	5,1	3,6	9,1	26,2	18,5	6,4	16,0	4,1	2,9
14.08.2025 14:34:17	118,2	15,2	6,3	4,5	3,5	10,7	72,4	29,1	5,1	17,7	3,6	2,8
14.08.2025 14:34:23	7,8	7,8	7,0	4,8	3,5	3,0	6,0	6,0	5,5	6,0	3,8	2,8
14.08.2025 14:34:29	10,8	10,4	6,2	3,9	3,1	6,5	11,5	11,0	5,6	11,5	3,1	2,5
14.08.2025 14:34:35	15,6	14,0	8,1	4,6	3,3	9,4	15,6	14,5	7,3	15,4	3,6	2,6
14.08.2025 14:34:41	14,6	14,1	8,9	5,3	3,2	8,8	14,7	14,1	7,5	14,7	4,2	2,6
14.08.2025 14:34:47	34,8	16,9	11,0	6,0	3,5	10,9	25,7	18,4	8,5	15,6	4,7	2,9
14.08.2025 14:34:53	13,3	13,3	12,1	8,2	3,5	5,1	10,8	10,8	9,5	10,8	6,3	2,8
14.08.2025 14:34:59	37,3	18,9	9,6	5,4	3,5	13,5	31,1	23,3	8,2	21,0	4,3	2,8
14.08.2025 14:35:05	11,7	11,2	6,8	3,9	3,1	7,3	12,1	11,6	6,0	12,1	3,1	2,5
14.08.2025 14:35:11	32,8	14,6	7,8	5,4	3,6	9,2	26,4	18,7	6,6	16,3	4,3	2,9
14.08.2025 14:35:17	30,6	12,7	8,2	5,2	3,2	7,5	22,5	15,3	6,4	12,4	4,0	2,6
14.08.2025 14:35:23	25,2	17,3	8,7	6,1	3,6	11,2	22,1	18,4	7,0	19,4	4,7	2,9
14.08.2025 14:35:29	7,7	7,7	6,8	4,6	3,0	3,1	6,6	6,6	5,5	6,6	3,6	2,5
14.08.2025 14:35:35	9,0	9,0	6,9	3,9	3,4	5,1	6,9	6,9	5,4	6,9	3,1	2,8
14.08.2025 14:35:41	14,8	14,4	9,8	5,3	3,5	9,1	13,8	13,3	8,0	13,8	4,2	2,9
14.08.2025 14:35:47	10,0	9,9	7,0	4,2	3,2	5,7	9,3	9,2	6,0	9,3	3,4	2,6
14.08.2025 14:35:53	24,9	17,0	7,6	4,6	3,2	12,4	22,6	18,8	6,4	19,9	3,6	2,6
14.08.2025 14:35:59	30,7	12,8	8,0	4,6	3,1	8,2	22,6	15,3	6,2	12,5	3,6	2,5
14.08.2025 14:36:05	14,8	13,1	7,7	4,5	3,4	8,6	13,6	12,6	6,5	13,5	3,5	2,8
14.08.2025 14:36:11	9,4	9,4	8,1	5,3	3,6	4,0	7,9	7,9	6,6	7,9	4,2	2,9
14.08.2025 14:36:17	15,6	14,8	8,5	4,7	3,2	10,2	15,9	15,1	7,2	15,9	3,7	2,6
14.08.2025 14:36:23	26,0	18,2	9,0	5,5	3,2	12,7	23,4	19,7	7,5	20,7	4,3	2,6
14.08.2025 14:36:29	6,6	6,6	5,5	3,9	3,4	2,7	5,8	5,8	4,6	5,8	3,1	2,8
14.08.2025 14:36:35	7,3	7,3	6,3	4,6	3,3	2,7	6,3	6,3	5,2	6,3	3,6	2,6
14.08.2025 14:36:41	21,6	15,3	8,7	5,3	3,2	10,0	18,7	15,9	7,0	16,2	4,1	2,6
14.08.2025 14:36:47	4,3	4,3	4,3	4,0	3,1	0,3	3,4	3,4	3,4	3,4	3,2	2,5
14.08.2025 14:36:53	17,6	16,9	10,9	6,6	3,8	10,2	17,0	16,2	9,0	17,0	5,2	3,1
14.08.2025 14:36:59	12,9	12,7	9,9	6,3	3,5	6,4	11,9	11,7	8,1	11,9	4,9	2,8
14.08.2025 14:37:05	12,6	11,0	6,6	4,4	3,4	6,6	11,4	10,3	5,3	11,2	3,5	2,7
14.08.2025 14:37:11	30,2	12,0	5,8	4,4	3,2	7,6	23,8	16,1	4,8	13,6	3,5	2,6
14.08.2025 14:37:17	13,9	13,9	12,0	6,7	3,5	7,2	10,6	10,6	9,2	10,6	5,2	2,8
14.08.2025 14:37:23	3,8	3,8	3,8	3,7	3,4	0,0	3,0	3,0	3,0	3,0	3,0	2,8
14.08.2025 14:37:29	4,2	4,2	4,1	3,9	3,3	0,2	3,3	3,3	3,3	3,3	3,1	2,6
14.08.2025 14:37:35	3,6	3,6	3,6	3,6	3,3	0,0	2,9	2,9	2,9	2,9	2,9	2,7
14.08.2025 14:37:41	11,9	11,4	6,7	4,6	3,4	6,8	13,6	13,1	6,5	13,6	3,7	2,8
14.08.2025 14:37:47	20,6	14,0	6,1	3,9	3,2	10,1	19,1	16,0	5,4	16,6	3,1	2,5
14.08.2025 14:37:53	12,8	12,8	11,3	6,8	3,4	6,1	9,8	9,8	8,6	9,8	5,3	2,8
14.08.2025 14:37:59	12,1	12,0	9,1	5,9	3,4	6,1	10,9	10,8	7,6	10,9	4,6	2,8
14.08.2025 14:38:05	18,7	12,4	6,3	4,5	3,4	7,9	16,6	13,8	5,3	14,0	3,6	2,8
14.08.2025 14:38:11	23,2	16,6	8,1	4,5	3,2	12,1	21,0	17,9	6,9	18,5	3,5	2,6
14.08.2025 14:38:17	50,4	8,5	6,0	4,2	3,6	4,3	33,6	16,6	5,2	8,5	3,3	2,9
14.08.2025 14:38:23	14,6	14,3	10,4	5,3	3,0	8,9	12,6	12,2	8,1	12,6	4,2	2,4
14.08.2025 14:38:29	25,9	17,9	8,1	5,6	3,0	12,3	23,7	19,8	6,8	21,0	4,4	2,4
14.08.2025 14:38:35	16,4	15,9	9,6	5,8	3,5	10,1	18,0	17,4	9,0	18,0	4,5	2,8
14.08.2025 14:38:41	8,1	8,1	7,5	5,3	3,0	2,9	6,3	6,3	5,8	6,3	4,1	2,4
14.08.2025 14:38:47	12,2	12,2	10,4	5,7	2,9	6,5	10,0	10,0	8,2	10,0	4,4	2,3
14.08.2025 14:38:53	19,0	12,8	7,3	4,4	3,1	8,5	15,8	13,1	5,8	13,2	3,5	2,5
14.08.2025 14:38:59	7,1	7,1	5,5	3,9	3,3	3,3	7,5	7,5	5,2	7,5	3,1	2,7
14.08.2025 14:39:05	12,0	11,9	10,0	5,9	3,0	6,0	10,2	10,1	7,9	10,2	4,6	2,4
14.08.2025 14:39:11	3,5	3,5	3,5	3,4	3,0	0,0	2,8	2,8	2,8	2,8	2,8	2,4
14.08.2025 14:39:17	12,9	12,5	7,9	4,7	3,3	7,8	13,0	12,6	6,8	13,0	3,7	2,7
14.08.2025 14:39:23	7,6	7,6	6,5	4,4	3,0	3,2	5,8	5,8	5,1	5,8	3,4	2,4
14.08.2025 14:39:29	5,1	5,1	5,1	4,8	3,6	0,4	4,0	4,0	4,0	4,0	3,8	2,9
14.08.2025 14:39:35	3,2	3,2	3,2	3,2	2,9	0,0	2,6	2,6	2,6	2,6	2,6	2,4
14.08.2025 14:39:41	9,6	9,5	6,5	4,3	3,5	5,2	10,4	10,2	6,2	10,4	3,4	2,8
14.08.2025 14:39:47	7,2	7,2	5,0	3,6	3,0	3,5	7,9	7,8	4,8	7,9	2,9	2,4
14.08.2025 14:39:53	3,9	3,9	3,9	3,7	2,7	0,2	3,1	3,1	3,1	3,1	2,9	2,2
14.08.2025 14:39:59	10,9	10,9	9,3	5,8	3,0	5,1	9,6	9,6	7,7	9,6	4,5	2,4
14.08.2025 14:40:05	15,5	15,5	14,3	9,1	4,0	6,4	11,8	11,8	10,9	11,8	7,0	3,2
14.08.2025 14:40:11	30,9	13,0	7,5	4,7	3,2	8,3	23,9	16,5	6,1	13,7	3,7	2,6
14.08.2025 14:40:17	78,8	22,9	8,0	4,5	2,7	18,3	58,9	35,5	7,2	28,6	3,6	2,2
14.08.2025 14:40:23	7,0	7,0	6,9	6,1	3,5	0,9	5,4	5,4	5,4	5,4	4,7	2,8
14.08.2025 14:40:29	4,8	4,8	4,8	4,4	2,9	0,4	3,8	3,8	3,8	3,8	3,5	2,3
14.08.2025 14:40:35	40,3	15,8	4,8	3,0	2,9	12,8	32,7	22,3	4,1	20,0	2,4	2,3
14.08.2025 14:40:41	344,5	20,6	11,5	5,2	2,6	15,4	184,6	49,9	9,9	22,0	4,0	2,1
14.08.2025 14:40:47	307,2	23,3	12,8	6,1	2,2	17,2	139,6	29,3	10,3	24,5	4,7	1,8
14.08.2025 14:40:53	15,9	9,7	4,7	3,4	1,8	6,3	13,4	10,7	3,8	10,8	2,7	1,4
14.08.2025 14:40:59	4,7	4,7	4,2	2,5	1,4	2,1	3,6	3,6	3,2	3,6	2,0	1,1
14.08.2025 14:41:05	12,1	12,0	9,8	5,2	1,2	6,8	10,1	10,0	7,6	10,1	3,9	1,0
14.08.2025 14:41:11	7,7	7,3	4,9	2,8	1,0	4,6	7,3	6,9	3,9	7,3	2,1	0,8
14.08.2025 14:41:17	0,9	0,9	0,9	0,9	0,9	0,0	0,8	0,8	0,8	0,8	0,8	0,8
14.08.2025 14:41:23	10,3	10,3	7,6	3,2	1,3	7,0	9,5	9,4	6,3	9,5	2,5	1,0
14.08.2025 14:41:29	10,4	8,7	4,4	2,2	1,0	6,6	9,5	8,5	3,5	9,4	1,7	0,8
14.08.2025 14:41:35	9,5	8,8	4,3	2,3	1,4	6,5	10,2	9,5	3,7	10,2	1,8	1,1
14.08.2025 14:41:41	56,9	8,9	3,7	2,0	0,8	6,9	38,1	18,5	3,0	10,4	1,5	0,7
14.08.2025 14:41:47	2,0	2,0	2,0	1,7	1,0	0,3	1,5	1,5	1,5	1,5	1,3	0,8
14.08.2025 14:41:53	0,6	0,6	0,6	0,6	0,6	0,0	0,5	0,5	0,5	0,5	0,5	0,5
14.08.2025 14:41:59	0,7	0,7	0,7	0,7	0,7	0,0	0,6	0,6	0,6	0,6	0,6	0,5
14.08.2025 14:42:05	2,0	2,0	2,0	1,4	0,5	0,7	1,5	1,5	1,5	1,5	1,0	0,4
14.08.2025 14:42:11	1,7	1,7	1,7	1,1	0,5	0,6	1,3	1,3	1,3	1,3	0,8	0,4
14.08.2025 14:42:17	44,4	2,6	2,1	1,3	0,8	1,2	27,3	10,4	1,6	2,2	1,1	0,6
14.08.2025 14:42:23	0,4	0,4	0,4	0,4	0,4	0,0	0,3	0,3	0,3	0,3	0,3	0,3
14.08.2025 14:42:29	0,7	0,7	0,7	0,7	0,7	0,0	0,5	0,5	0,5	0,5	0,5	0,5
14.08.2025 14:42:35	1,0	1,0	1,0	1,0	0,8	0,0	0,8	0,8	0,8	0,8	0,8	0,7
14.08.2025 14:42:41	1,3	1,3	1,2	1,0	0,5	0,2	1,0	1,0	1,0	1,0	0,8	0,4
14.08.2025 14:42:47	0,2	0,2	0,2	0,2	0,2	0,0	0,2	0,2	0,2	0,2	0,2	0,2
14.08.2025 14:42:53	1,5	1,5	1,5	1,2	0,7	0,2	1,1	1,1	1,1	1,1	1,0	0,5
14.08.2025 14:42:59	0,4	0,4	0,4	0,4	0,4	0,0	0,3	0,3	0,3	0,3	0,3	0,3
14.08.2025 14:43:05	1,8	1,8	1,7	0,9	0,2	1,0	1,4	1,4	1,3	1,4	0,7	0,2
14.08.2025 14:43:11	0,3	0,3	0,3	0,3	0,3	0,0	0,2	0,2	0,2	0,2	0,2	0,2
14.08.2025 14:43:17	0,3	0,3	0,3	0,3	0,3	0,0	0,3	0,3	0,3	0,3	0,3	0,3
14.08.2025 14:43:23	1,6	1,6	1,5	1,0	0,4	0,6	1,2	1,2	1,2	1,2	0,7	0,3
14.08.2025 14:43:29	0,3	0,3	0,3	0,3	0,3	0,0	0,2	0,2	0,2	0,2	0,2	0,2
14.08.2025 14:43:35	1,7	1,7	1,6	1,0	0,3	0,6	1,3	1,3	1,2	1,3	0,8	0,2
14.08.2025 14:43:41	0,2	0,2	0,2	0,2	0,2	0,0	0,1	0,1	0,1	0,1	0,1	0,1
14.08.2025 14:43:47	0,3	0,3	0,3	0,3	0,3	0,0	0,2	0,2	0,2	0,2	0,2	0,2
14.08.2025 14:43:53	0,3	0,3	0,3	0,3	0,2	0,0	0,3	0,3	0,3	0,3	0,3	0,2
14.08.2025 14:43:59	0,2	0,2	0,2	0,2	0,2	0,0	0,1	0,1	0,1	0,1	0,1	0,1
14.08.2025 14:44:05	0,9	0,9	0,9	0,6	0,1	0,2	0,7	0,7	0,6	0,7	0,5	0,1
14.08.2025 14:44:11	0,2	0,2	0,2	0,2	0,2	0,0	0,2	0,2	0,2	0,2	0,2	0,2
14.08.2025 14:44:17	0,3	0,3	0,3	0,3	0,3	0,0	0,3	0,3	0,3	0,3	0,3	0,3
14.08.2025 14:44:23	0,1	0,1	0,1	0,1	0,1	0,0	0,1	0,1	0,1	0,1	0,1	0,1
14.08.2025 14:44:29	0,2	0,2	0,2	0,2	0,2	0,0	0,2	0,2	0,2	0,2	0,2	0,2
14.08.2025 14:44:35	0,2	0,2	0,2	0,2	0,2	0,0	0,1	0,1	0,1	0,1	0,1	0,1
14.08.2025 14:44:41	0,1	0,1	0,1	0,1	0,1	0,0	0,1	0,1	0,1	0,1	0,1	0,1
14.08.2025 14:44:47	0,1	0,1	0,1	0,1	0,1	0,0	0,1	0,1	0,1	0,1	0,1	0,1
14.08.2025 14:44:53	0,1	0,1	0,1	0,1	0,1	0,0	0,1	0,1	0,1	0,1	0,1	0,1
14.08.2025 14:44:59	0,6	0,6	0,6	0,5	0,1	0,1	0,5	0,5	0,5	0,5	0,4	0,1
14.08.2025 14:45:05	0,1	0,1	0,1	0,1	0,1	0,0	0,1	0,1	0,1	0,1	0,1	0,1
14.08.2025 14:45:11	0,1	0,1	0,1	0,1	0,1	0,0	0,0	0,0	0,0	0,0	0,0	0,0
14.08.2025 14:45:17	0,1	0,1	0,1	0,1	0,1	0,0	0,0	0,0	0,0	0,0	0,0	0,0
14.08.2025 14:45:23	0,1	0,1	0,1	0,1	0,1	0,0	0,0	0,0	0,0	0,0	0,0	0,0
14.08.2025 14:45:29	0,0	0,0	0,0	0,0	0,0	0,0	0,0	0,0	0,0	0,0	0,0	0,0
14.08.2025 14:45:35	1,6	1,6	1,5	0,6	0,1	1,0	1,2	1,2	1,1	1,2	0,5	0,1
14.08.2025 14:45:41	0,1	0,1	0,1	0,1	0,1	0,0	0,1	0,1	0,1	0,1	0,1	0,1
14.08.2025 14:45:47	0,0	0,0	0,0	0,0	0,0	0,0	0,0	0,0	0,0	0,0	0,0	0,0
14.08.2025 14:45:53	0,0	0,0	0,0	0,0	0,0	0,0	0,0	0,0	0,0	0,0	0,0	0,0
14.08.2025 14:45:59	0,1	0,1	0,1	0,1	0,1	0,0	0,1	0,1	0,1	0,1	0,1	0,1
14.08.2025 14:46:05	0,0	0,0	0,0	0,0	0,0	0,0	0,0	0,0	0,0	0,0	0,0	0,0
14.08.2025 14:46:11	0,0	0,0	0,0	0,0	0,0	0,0	0,0	0,0	0,0	0,0	0,0	0,0
14.08.2025 14:46:17	0,0	0,0	0,0	0,0	0,0	0,0	0,0	0,0	0,0	0,0	0,0	0,0
14.08.2025 14:46:23	0,0	0,0	0,0	0,0	0,0	0,0	0,0	0,0	0,0	0,0	0,0	0,0
14.08.2025 14:46:29	0,0	0,0	0,0	0,0	0,0	0,0	0,0	0,0	0,0	0,0	0,0	0,0
14.08.2025 14:46:35	0,0	0,0	0,0	0,0	0,0	0,0	0,0	0,0	0,0	0,0	0,0	0,0
14.08.2025 14:46:41	0,0	0,0	0,0	0,0	0,0	0,0	0,0	0,0	0,0	0,0	0,0	0,0
14.08.2025 14:46:47	0,1	0,1	0,1	0,1	0,1	0,0	0,0	0,0	0,0	0,0	0,0	0,0
14.08.2025 14:46:53	0,0	0,0	0,0	0,0	0,0	0,0	0,0	0,0	0,0	0,0	0,0	0,0
14.08.2025 14:46:59	0,0	0,0	0,0	0,0	0,0	0,0	0,0	0,0	0,0	0,0	0,0	0,0
14.08.2025 14:47:05	0,1	0,1	0,1	0,1	0,1	0,0	0,1	0,1	0,1	0,1	0,1	0,1
14.08.2025 14:47:11	0,0	0,0	0,0	0,0	0,0	0,0	0,0	0,0	0,0	0,0	0,0	0,0
14.08.2025 14:47:17	0,0	0,0	0,0	0,0	0,0	0,0	0,0	0,0	0,0	0,0	0,0	0,0
14.08.2025 14:47:23	0,1	0,1	0,1	0,1	0,1	0,0	0,1	0,1	0,1	0,1	0,1	0,1
14.08.2025 14:47:29	0,0	0,0	0,0	0,0	0,0	0,0	0,0	0,0	0,0	0,0	0,0	0,0
14.08.2025 14:47:35	0,0	0,0	0,0	0,0	0,0	0,0	0,0	0,0	0,0	0,0	0,0	0,0
14.08.2025 14:47:41	0,0	0,0	0,0	0,0	0,0	0,0	0,0	0,0	0,0	0,0	0,0	0,0
14.08.2025 14:47:47	0,0	0,0	0,0	0,0	0,0	0,0	0,0	0,0	0,0	0,0	0,0	0,0
14.08.2025 14:47:53	0,1	0,1	0,1	0,1	0,1	0,0	0,0	0,0	0,0	0,0	0,0	0,0
14.08.2025 14:47:59	0,0	0,0	0,0	0,0	0,0	0,0	0,0	0,0	0,0	0,0	0,0	0,0
14.08.2025 14:48:05	0,0	0,0	0,0	0,0	0,0	0,0	0,0	0,0	0,0	0,0	0,0	0,0
14.08.2025 14:48:11	0,1	0,1	0,1	0,1	0,1	0,0	0,1	0,1	0,1	0,1	0,1	0,1
14.08.2025 14:48:17	0,0	0,0	0,0	0,0	0,0	0,0	0,0	0,0	0,0	0,0	0,0	0,0
14.08.2025 14:48:23	0,1	0,1	0,1	0,1	0,1	0,0	0,1	0,1	0,1	0,1	0,1	0,1
14.08.2025 14:48:29	0,1	0,1	0,1	0,1	0,1	0,0	0,1	0,1	0,1	0,1	0,1	0,1
14.08.2025 14:48:35	0,0	0,0	0,0	0,0	0,0	0,0	0,0	0,0	0,0	0,0	0,0	0,0
14.08.2025 14:48:41	0,0	0,0	0,0	0,0	0,0	0,0	0,0	0,0	0,0	0,0	0,0	0,0
14.08.2025 14:48:47	0,0	0,0	0,0	0,0	0,0	0,0	0,0	0,0	0,0	0,0	0,0	0,0
14.08.2025 14:48:53	0,0	0,0	0,0	0,0	0,0	0,0	0,0	0,0	0,0	0,0	0,0	0,0
14.08.2025 14:48:59	0,0	0,0	0,0	0,0	0,0	0,0	0,0	0,0	0,0	0,0	0,0	0,0
14.08.2025 14:49:05	0,1	0,1	0,1	0,1	0,1	0,0	0,0	0,0	0,0	0,0	0,0	0,0
14.08.2025 14:49:11	0,0	0,0	0,0	0,0	0,0	0,0	0,0	0,0	0,0	0,0	0,0	0,0
14.08.2025 14:49:17	0,0	0,0	0,0	0,0	0,0	0,0	0,0	0,0	0,0	0,0	0,0	0,0
14.08.2025 14:49:23	0,0	0,0	0,0	0,0	0,0	0,0	0,0	0,0	0,0	0,0	0,0	0,0
14.08.2025 14:49:29	0,0	0,0	0,0	0,0	0,0	0,0	0,0	0,0	0,0	0,0	0,0	0,0
14.08.2025 14:49:35	0,0	0,0	0,0	0,0	0,0	0,0	0,0	0,0	0,0	0,0	0,0	0,0
14.08.2025 14:49:41	0,0	0,0	0,0	0,0	0,0	0,0	0,0	0,0	0,0	0,0	0,0	0,0
14.08.2025 14:49:47	0,0	0,0	0,0	0,0	0,0	0,0	0,0	0,0	0,0	0,0	0,0	0,0
14.08.2025 14:49:53	0,0	0,0	0,0	0,0	0,0	0,0	0,0	0,0	0,0	0,0	0,0	0,0
14.08.2025 14:49:59	0,0	0,0	0,0	0,0	0,0	0,0	0,0	0,0	0,0	0,0	0,0	0,0
14.08.2025 14:50:05	0,1	0,1	0,1	0,1	0,0	0,0	0,1	0,1	0,1	0,1	0,1	0,0
14.08.2025 14:50:11	0,0	0,0	0,0	0,0	0,0	0,0	0,0	0,0	0,0	0,0	0,0	0,0
14.08.2025 14:50:17	0,0	0,0	0,0	0,0	0,0	0,0	0,0	0,0	0,0	0,0	0,0	0,0
14.08.2025 14:50:23	0,0	0,0	0,0	0,0	0,0	0,0	0,0	0,0	0,0	0,0	0,0	0,0
14.08.2025 14:50:29	0,0	0,0	0,0	0,0	0,0	0,0	0,0	0,0	0,0	0,0	0,0	0,0
14.08.2025 14:50:35	0,0	0,0	0,0	0,0	0,0	0,0	0,0	0,0	0,0	0,0	0,0	0,0
14.08.2025 14:50:41	0,0	0,0	0,0	0,0	0,0	0,0	0,0	0,0	0,0	0,0	0,0	0,0
14.08.2025 14:50:47	0,0	0,0	0,0	0,0	0,0	0,0	0,0	0,0	0,0	0,0	0,0	0,0
14.08.2025 14:50:53	0,0	0,0	0,0	0,0	0,0	0,0	0,0	0,0	0,0	0,0	0,0	0,0
14.08.2025 14:50:59	0,0	0,0	0,0	0,0	0,0	0,0	0,0	0,0	0,0	0,0	0,0	0,0
14.08.2025 14:51:05	0,0	0,0	0,0	0,0	0,0	0,0	0,0	0,0	0,0	0,0	0,0	0,0
14.08.2025 14:51:11	0,0	0,0	0,0	0,0	0,0	0,0	0,0	0,0	0,0	0,0	0,0	0,0
14.08.2025 14:51:17	0,0	0,0	0,0	0,0	0,0	0,0	0,0	0,0	0,0	0,0	0,0	0,0
14.08.2025 14:51:23	0,0	0,0	0,0	0,0	0,0	0,0	0,0	0,0	0,0	0,0	0,0	0,0
14.08.2025 14:51:29	0,0	0,0	0,0	0,0	0,0	0,0	0,0	0,0	0,0	0,0	0,0	0,0
14.08.2025 14:51:35	0,0	0,0	0,0	0,0	0,0	0,0	0,0	0,0	0,0	0,0	0,0	0,0
14.08.2025 14:51:41	0,1	0,1	0,1	0,1	0,1	0,0	0,0	0,0	0,0	0,0	0,0	0,0
14.08.2025 14:51:47	0,0	0,0	0,0	0,0	0,0	0,0	0,0	0,0	0,0	0,0	0,0	0,0
14.08.2025 14:51:53	0,0	0,0	0,0	0,0	0,0	0,0	0,0	0,0	0,0	0,0	0,0	0,0
14.08.2025 14:51:59	0,0	0,0	0,0	0,0	0,0	0,0	0,0	0,0	0,0	0,0	0,0	0,0
14.08.2025 14:52:05	0,0	0,0	0,0	0,0	0,0	0,0	0,0	0,0	0,0	0,0	0,0	0,0
14.08.2025 14:52:11	0,0	0,0	0,0	0,0	0,0	0,0	0,0	0,0	0,0	0,0	0,0	0,0
14.08.2025 14:52:17	0,0	0,0	0,0	0,0	0,0	0,0	0,0	0,0	0,0	0,0	0,0	0,0
14.08.2025 14:52:23	0,0	0,0	0,0	0,0	0,0	0,0	0,0	0,0	0,0	0,0	0,0	0,0
14.08.2025 14:52:29	0,0	0,0	0,0	0,0	0,0	0,0	0,0	0,0	0,0	0,0	0,0	0,0
14.08.2025 14:52:35	0,0	0,0	0,0	0,0	0,0	0,0	0,0	0,0	0,0	0,0	0,0	0,0
14.08.2025 14:52:41	0,0	0,0	0,0	0,0	0,0	0,0	0,0	0,0	0,0	0,0	0,0	0,0
14.08.2025 14:52:47	0,0	0,0	0,0	0,0	0,0	0,0	0,0	0,0	0,0	0,0	0,0	0,0
14.08.2025 14:52:53	0,1	0,1	0,1	0,1	0,1	0,0	0,0	0,0	0,0	0,0	0,0	0,0
14.08.2025 14:52:59	0,0	0,0	0,0	0,0	0,0	0,0	0,0	0,0	0,0	0,0	0,0	0,0
14.08.2025 14:53:05	0,0	0,0	0,0	0,0	0,0	0,0	0,0	0,0	0,0	0,0	0,0	0,0
14.08.2025 14:53:11	0,0	0,0	0,0	0,0	0,0	0,0	0,0	0,0	0,0	0,0	0,0	0,0
14.08.2025 14:53:17	0,0	0,0	0,0	0,0	0,0	0,0	0,0	0,0	0,0	0,0	0,0	0,0
14.08.2025 14:53:23	0,0	0,0	0,0	0,0	0,0	0,0	0,0	0,0	0,0	0,0	0,0	0,0
14.08.2025 14:53:29	0,0	0,0	0,0	0,0	0,0	0,0	0,0	0,0	0,0	0,0	0,0	0,0
14.08.2025 14:53:35	0,1	0,1	0,1	0,1	0,1	0,0	0,1	0,1	0,1	0,1	0,1	0,1
14.08.2025 14:53:41	0,0	0,0	0,0	0,0	0,0	0,0	0,0	0,0	0,0	0,0	0,0	0,0
14.08.2025 14:53:47	0,0	0,0	0,0	0,0	0,0	0,0	0,0	0,0	0,0	0,0	0,0	0,0
14.08.2025 14:53:53	0,1	0,1	0,1	0,1	0,1	0,0	0,0	0,0	0,0	0,0	0,0	0,0
14.08.2025 14:53:59	0,0	0,0	0,0	0,0	0,0	0,0	0,0	0,0	0,0	0,0	0,0	0,0
14.08.2025 14:54:05	0,0	0,0	0,0	0,0	0,0	0,0	0,0	0,0	0,0	0,0	0,0	0,0
14.08.2025 14:54:11	0,1	0,1	0,1	0,1	0,1	0,0	0,0	0,0	0,0	0,0	0,0	0,0
14.08.2025 14:54:17	0,5	0,5	0,5	0,4	0,1	0,1	0,4	0,4	0,4	0,4	0,3	0,0
14.08.2025 14:54:23	0,0	0,0	0,0	0,0	0,0	0,0	0,0	0,0	0,0	0,0	0,0	0,0
14.08.2025 14:54:29	0,1	0,1	0,1	0,1	0,1	0,0	0,1	0,1	0,1	0,1	0,1	0,1
14.08.2025 14:54:35	0,0	0,0	0,0	0,0	0,0	0,0	0,0	0,0	0,0	0,0	0,0	0,0
14.08.2025 14:54:41	0,0	0,0	0,0	0,0	0,0	0,0	0,0	0,0	0,0	0,0	0,0	0,0
14.08.2025 14:54:47	0,0	0,0	0,0	0,0	0,0	0,0	0,0	0,0	0,0	0,0	0,0	0,0
14.08.2025 14:54:53	0,1	0,1	0,1	0,1	0,1	0,0	0,0	0,0	0,0	0,0	0,0	0,0
14.08.2025 14:54:59	0,0	0,0	0,0	0,0	0,0	0,0	0,0	0,0	0,0	0,0	0,0	0,0
14.08.2025 14:55:05	0,0	0,0	0,0	0,0	0,0	0,0	0,0	0,0	0,0	0,0	0,0	0,0
14.08.2025 14:55:11	0,0	0,0	0,0	0,0	0,0	0,0	0,0	0,0	0,0	0,0	0,0	0,0
14.08.2025 14:55:17	0,0	0,0	0,0	0,0	0,0	0,0	0,0	0,0	0,0	0,0	0,0	0,0
14.08.2025 14:55:23	0,0	0,0	0,0	0,0	0,0	0,0	0,0	0,0	0,0	0,0	0,0	0,0
14.08.2025 14:55:29	0,0	0,0	0,0	0,0	0,0	0,0	0,0	0,0	0,0	0,0	0,0	0,0
14.08.2025 14:55:35	0,0	0,0	0,0	0,0	0,0	0,0	0,0	0,0	0,0	0,0	0,0	0,0
14.08.2025 14:55:41	0,1	0,1	0,1	0,1	0,1	0,0	0,0	0,0	0,0	0,0	0,0	0,0
14.08.2025 14:55:47	0,1	0,1	0,1	0,1	0,1	0,0	0,1	0,1	0,1	0,1	0,1	0,1
14.08.2025 14:55:53	0,1	0,1	0,1	0,1	0,1	0,0	0,0	0,0	0,0	0,0	0,0	0,0
14.08.2025 14:55:59	0,0	0,0	0,0	0,0	0,0	0,0	0,0	0,0	0,0	0,0	0,0	0,0
14.08.2025 14:56:05	0,1	0,1	0,1	0,1	0,1	0,0	0,0	0,0	0,0	0,0	0,0	0,0
14.08.2025 14:56:11	0,1	0,1	0,1	0,1	0,1	0,0	0,0	0,0	0,0	0,0	0,0	0,0
14.08.2025 14:56:17	0,0	0,0	0,0	0,0	0,0	0,0	0,0	0,0	0,0	0,0	0,0	0,0
14.08.2025 14:56:23	0,0	0,0	0,0	0,0	0,0	0,0	0,0	0,0	0,0	0,0	0,0	0,0
14.08.2025 14:56:29	0,0	0,0	0,0	0,0	0,0	0,0	0,0	0,0	0,0	0,0	0,0	0,0
14.08.2025 14:56:35	0,0	0,0	0,0	0,0	0,0	0,0	0,0	0,0	0,0	0,0	0,0	0,0
14.08.2025 14:56:41	0,0	0,0	0,0	0,0	0,0	0,0	0,0	0,0	0,0	0,0	0,0	0,0
14.08.2025 14:56:47	0,1	0,1	0,1	0,1	0,1	0,0	0,1	0,1	0,1	0,1	0,1	0,1
14.08.2025 14:56:53	0,1	0,1	0,1	0,1	0,1	0,0	0,0	0,0	0,0	0,0	0,0	0,0
14.08.2025 14:56:59	0,1	0,1	0,1	0,1	0,1	0,0	0,0	0,0	0,0	0,0	0,0	0,0
14.08.2025 14:57:05	0,0	0,0	0,0	0,0	0,0	0,0	0,0	0,0	0,0	0,0	0,0	0,0
14.08.2025 14:57:11	0,1	0,1	0,1	0,1	0,1	0,0	0,1	0,1	0,1	0,1	0,1	0,1
14.08.2025 14:57:17	0,0	0,0	0,0	0,0	0,0	0,0	0,0	0,0	0,0	0,0	0,0	0,0
14.08.2025 14:57:23	0,0	0,0	0,0	0,0	0,0	0,0	0,0	0,0	0,0	0,0	0,0	0,0
14.08.2025 14:57:29	0,1	0,1	0,1	0,1	0,1	0,0	0,1	0,1	0,1	0,1	0,1	0,1
14.08.2025 14:57:35	0,1	0,1	0,1	0,1	0,1	0,0	0,1	0,1	0,1	0,1	0,1	0,1
14.08.2025 14:57:41	0,1	0,1	0,1	0,1	0,1	0,0	0,1	0,1	0,1	0,1	0,1	0,1
14.08.2025 14:57:47	0,0	0,0	0,0	0,0	0,0	0,0	0,0	0,0	0,0	0,0	0,0	0,0
14.08.2025 14:57:53	0,1	0,1	0,1	0,1	0,1	0,0	0,1	0,1	0,1	0,1	0,1	0,1
14.08.2025 14:57:59	0,1	0,1	0,1	0,1	0,1	0,0	0,1	0,1	0,1	0,1	0,1	0,1
14.08.2025 14:58:05	0,0	0,0	0,0	0,0	0,0	0,0	0,0	0,0	0,0	0,0	0,0	0,0
14.08.2025 14:58:11	0,1	0,1	0,1	0,1	0,1	0,0	0,0	0,0	0,0	0,0	0,0	0,0
14.08.2025 14:58:17	0,1	0,1	0,1	0,1	0,1	0,0	0,1	0,1	0,1	0,1	0,1	0,1
14.08.2025 14:58:23	0,1	0,1	0,1	0,1	0,1	0,0	0,1	0,1	0,1	0,1	0,1	0,1
14.08.2025 14:58:29	0,2	0,2	0,2	0,2	0,2	0,0	0,1	0,1	0,1	0,1	0,1	0,1
14.08.2025 14:58:35	0,1	0,1	0,1	0,1	0,1	0,0	0,1	0,1	0,1	0,1	0,1	0,1
14.08.2025 14:58:41	0,1	0,1	0,1	0,1	0,1	0,0	0,1	0,1	0,1	0,1	0,1	0,1
14.08.2025 14:58:47	0,1	0,1	0,1	0,1	0,1	0,0	0,1	0,1	0,1	0,1	0,1	0,1
14.08.2025 14:58:53	0,1	0,1	0,1	0,1	0,1	0,0	0,1	0,1	0,1	0,1	0,1	0,1
14.08.2025 14:58:59	0,1	0,1	0,1	0,1	0,1	0,0	0,1	0,1	0,1	0,1	0,1	0,1
14.08.2025 14:59:05	0,1	0,1	0,1	0,1	0,1	0,0	0,1	0,1	0,1	0,1	0,1	0,1
14.08.2025 14:59:11	0,6	0,6	0,6	0,5	0,1	0,1	0,4	0,4	0,4	0,4	0,4	0,1
14.08.2025 14:59:17	0,1	0,1	0,1	0,1	0,1	0,0	0,1	0,1	0,1	0,1	0,1	0,1
14.08.2025 14:59:23	0,0	0,0	0,0	0,0	0,0	0,0	0,0	0,0	0,0	0,0	0,0	0,0
14.08.2025 14:59:29	0,1	0,1	0,1	0,1	0,1	0,0	0,1	0,1	0,1	0,1	0,1	0,1
14.08.2025 14:59:35	0,1	0,1	0,1	0,1	0,1	0,0	0,1	0,1	0,1	0,1	0,1	0,1
14.08.2025 14:59:41	0,2	0,2	0,2	0,2	0,2	0,0	0,2	0,2	0,2	0,2	0,2	0,2
14.08.2025 14:59:47	0,2	0,2	0,2	0,2	0,2	0,0	0,2	0,2	0,2	0,2	0,2	0,1
14.08.2025 14:59:53	0,1	0,1	0,1	0,1	0,1	0,0	0,1	0,1	0,1	0,1	0,1	0,1
14.08.2025 14:59:59	0,9	0,9	0,9	0,7	0,2	0,2	0,7	0,7	0,7	0,7	0,5	0,1
14.08.2025 15:00:05	0,1	0,1	0,1	0,1	0,1	0,0	0,1	0,1	0,1	0,1	0,1	0,1
14.08.2025 15:00:11	0,2	0,2	0,2	0,2	0,2	0,0	0,1	0,1	0,1	0,1	0,1	0,1
14.08.2025 15:00:17	0,1	0,1	0,1	0,1	0,1	0,0	0,1	0,1	0,1	0,1	0,1	0,1
14.08.2025 15:00:23	0,2	0,2	0,2	0,2	0,2	0,0	0,1	0,1	0,1	0,1	0,1	0,1
14.08.2025 15:00:29	0,2	0,2	0,2	0,2	0,2	0,0	0,2	0,2	0,2	0,2	0,2	0,2
14.08.2025 15:00:35	0,2	0,2	0,2	0,2	0,2	0,0	0,1	0,1	0,1	0,1	0,1	0,1
14.08.2025 15:00:41	0,2	0,2	0,2	0,2	0,2	0,0	0,1	0,1	0,1	0,1	0,1	0,1
14.08.2025 15:00:47	0,1	0,1	0,1	0,1	0,1	0,0	0,1	0,1	0,1	0,1	0,1	0,1
14.08.2025 15:00:53	0,1	0,1	0,1	0,1	0,1	0,0	0,1	0,1	0,1	0,1	0,1	0,1
14.08.2025 15:00:59	0,1	0,1	0,1	0,1	0,1	0,0	0,1	0,1	0,1	0,1	0,1	0,1
14.08.2025 15:01:05	1,4	1,4	1,3	0,7	0,1	0,6	1,0	1,0	1,0	1,0	0,6	0,1
14.08.2025 15:01:11	0,2	0,2	0,2	0,2	0,2	0,0	0,2	0,2	0,2	0,2	0,2	0,2
14.08.2025 15:01:17	0,2	0,2	0,2	0,2	0,2	0,0	0,1	0,1	0,1	0,1	0,1	0,1
14.08.2025 15:01:23	0,1	0,1	0,1	0,1	0,1	0,0	0,1	0,1	0,1	0,1	0,1	0,1
14.08.2025 15:01:29	0,2	0,2	0,2	0,2	0,2	0,0	0,2	0,2	0,2	0,2	0,2	0,2
14.08.2025 15:01:35	0,2	0,2	0,2	0,2	0,2	0,0	0,1	0,1	0,1	0,1	0,1	0,1
14.08.2025 15:01:41	0,2	0,2	0,2	0,2	0,2	0,0	0,1	0,1	0,1	0,1	0,1	0,1
14.08.2025 15:01:47	0,1	0,1	0,1	0,1	0,1	0,0	0,1	0,1	0,1	0,1	0,1	0,1
14.08.2025 15:01:53	0,3	0,3	0,3	0,3	0,3	0,0	0,2	0,2	0,2	0,2	0,2	0,2
14.08.2025 15:01:59	1,4	1,4	1,3	0,8	0,2	0,6	1,1	1,1	1,0	1,1	0,6	0,1
14.08.2025 15:02:05	0,3	0,3	0,3	0,3	0,3	0,0	0,3	0,3	0,3	0,3	0,3	0,3
14.08.2025 15:02:11	0,7	0,7	0,7	0,6	0,2	0,1	0,5	0,5	0,5	0,5	0,4	0,2
14.08.2025 15:02:17	0,3	0,3	0,3	0,3	0,3	0,0	0,3	0,3	0,3	0,3	0,3	0,3
14.08.2025 15:02:23	0,2	0,2	0,2	0,2	0,2	0,0	0,1	0,1	0,1	0,1	0,1	0,1
14.08.2025 15:02:29	0,3	0,3	0,3	0,3	0,3	0,0	0,2	0,2	0,2	0,2	0,2	0,2
14.08.2025 15:02:35	0,3	0,3	0,3	0,3	0,3	0,0	0,2	0,2	0,2	0,2	0,2	0,2
14.08.2025 15:02:41	0,2	0,2	0,2	0,2	0,2	0,0	0,2	0,2	0,2	0,2	0,2	0,2
14.08.2025 15:02:47	0,2	0,2	0,2	0,2	0,2	0,0	0,2	0,2	0,2	0,2	0,2	0,2
14.08.2025 15:02:53	0,2	0,2	0,2	0,2	0,2	0,0	0,2	0,2	0,2	0,2	0,2	0,2
14.08.2025 15:02:59	0,2	0,2	0,2	0,2	0,2	0,0	0,2	0,2	0,2	0,2	0,2	0,2
14.08.2025 15:03:05	0,2	0,2	0,2	0,2	0,2	0,0	0,2	0,2	0,2	0,2	0,2	0,2
14.08.2025 15:03:11	0,2	0,2	0,2	0,2	0,2	0,0	0,1	0,1	0,1	0,1	0,1	0,1
14.08.2025 15:03:17	0,4	0,4	0,4	0,4	0,4	0,0	0,3	0,3	0,3	0,3	0,3	0,3
14.08.2025 15:03:23	0,2	0,2	0,2	0,2	0,2	0,0	0,1	0,1	0,1	0,1	0,1	0,1
14.08.2025 15:03:29	0,4	0,4	0,4	0,4	0,4	0,0	0,4	0,4	0,4	0,4	0,4	0,4
14.08.2025 15:03:35	0,5	0,5	0,5	0,5	0,5	0,0	0,4	0,4	0,4	0,4	0,4	0,4
14.08.2025 15:03:41	0,3	0,3	0,3	0,3	0,3	0,0	0,2	0,2	0,2	0,2	0,2	0,2
14.08.2025 15:03:47	0,3	0,3	0,3	0,3	0,3	0,0	0,2	0,2	0,2	0,2	0,2	0,2
14.08.2025 15:03:53	0,2	0,2	0,2	0,2	0,2	0,0	0,2	0,2	0,2	0,2	0,2	0,2
14.08.2025 15:03:59	0,3	0,3	0,3	0,3	0,3	0,0	0,2	0,2	0,2	0,2	0,2	0,2
14.08.2025 15:04:05	0,3	0,3	0,3	0,3	0,3	0,0	0,3	0,3	0,3	0,3	0,3	0,3
14.08.2025 15:04:11	0,3	0,3	0,3	0,3	0,3	0,0	0,2	0,2	0,2	0,2	0,2	0,2
14.08.2025 15:04:17	0,4	0,4	0,4	0,4	0,4	0,0	0,3	0,3	0,3	0,3	0,3	0,3
14.08.2025 15:04:23	0,2	0,2	0,2	0,2	0,2	0,0	0,2	0,2	0,2	0,2	0,2	0,2
14.08.2025 15:04:29	0,4	0,4	0,4	0,4	0,4	0,0	0,3	0,3	0,3	0,3	0,3	0,3
14.08.2025 15:04:35	0,5	0,5	0,5	0,5	0,4	0,0	0,4	0,4	0,4	0,4	0,4	0,4
14.08.2025 15:04:41	1,5	1,5	1,5	1,2	0,5	0,3	1,2	1,2	1,1	1,2	1,0	0,4
14.08.2025 15:04:47	0,2	0,2	0,2	0,2	0,2	0,0	0,2	0,2	0,2	0,2	0,2	0,2
14.08.2025 15:04:53	1,5	1,5	1,5	0,9	0,3	0,6	1,2	1,2	1,1	1,2	0,7	0,2
14.08.2025 15:04:59	0,2	0,2	0,2	0,2	0,2	0,0	0,2	0,2	0,2	0,2	0,2	0,2
14.08.2025 15:05:05	1,7	1,7	1,7	1,1	0,4	0,6	1,3	1,3	1,3	1,3	0,8	0,4
14.08.2025 15:05:11	0,2	0,2	0,2	0,2	0,2	0,0	0,2	0,2	0,2	0,2	0,2	0,2
14.08.2025 15:05:17	0,4	0,4	0,4	0,4	0,4	0,0	0,3	0,3	0,3	0,3	0,3	0,3
14.08.2025 15:05:23	0,3	0,3	0,3	0,3	0,3	0,0	0,3	0,3	0,3	0,3	0,3	0,3
14.08.2025 15:05:29	0,3	0,3	0,3	0,3	0,3	0,0	0,3	0,3	0,3	0,3	0,3	0,3
14.08.2025 15:05:35	0,2	0,2	0,2	0,2	0,2	0,0	0,2	0,2	0,2	0,2	0,2	0,2
14.08.2025 15:05:41	0,2	0,2	0,2	0,2	0,2	0,0	0,2	0,2	0,2	0,2	0,2	0,2
14.08.2025 15:05:47	0,3	0,3	0,3	0,3	0,3	0,0	0,3	0,3	0,3	0,3	0,3	0,3
14.08.2025 15:05:53	0,3	0,3	0,3	0,3	0,3	0,0	0,2	0,2	0,2	0,2	0,2	0,2
14.08.2025 15:05:59	0,3	0,3	0,3	0,3	0,3	0,0	0,2	0,2	0,2	0,2	0,2	0,2
14.08.2025 15:06:05	0,2	0,2	0,2	0,2	0,2	0,0	0,2	0,2	0,2	0,2	0,2	0,2
14.08.2025 15:06:11	0,4	0,4	0,4	0,4	0,4	0,0	0,3	0,3	0,3	0,3	0,3	0,3
14.08.2025 15:06:17	1,3	1,3	1,2	0,7	0,1	0,6	1,0	1,0	0,9	1,0	0,5	0,1
14.08.2025 15:06:23	0,2	0,2	0,2	0,2	0,2	0,0	0,2	0,2	0,2	0,2	0,2	0,2
14.08.2025 15:06:29	0,3	0,3	0,3	0,3	0,3	0,0	0,2	0,2	0,2	0,2	0,2	0,2
14.08.2025 15:06:35	0,4	0,4	0,4	0,4	0,3	0,0	0,3	0,3	0,3	0,3	0,3	0,3
14.08.2025 15:06:41	0,2	0,2	0,2	0,2	0,2	0,0	0,1	0,1	0,1	0,1	0,1	0,1
14.08.2025 15:06:47	0,3	0,3	0,3	0,3	0,3	0,0	0,2	0,2	0,2	0,2	0,2	0,2
14.08.2025 15:06:53	0,3	0,3	0,3	0,3	0,3	0,0	0,3	0,3	0,3	0,3	0,3	0,3
14.08.2025 15:06:59	0,3	0,3	0,3	0,3	0,3	0,0	0,2	0,2	0,2	0,2	0,2	0,2
14.08.2025 15:07:05	0,2	0,2	0,2	0,2	0,2	0,0	0,2	0,2	0,2	0,2	0,2	0,2
14.08.2025 15:07:11	0,3	0,3	0,3	0,3	0,3	0,0	0,2	0,2	0,2	0,2	0,2	0,2
14.08.2025 15:07:17	0,4	0,4	0,4	0,4	0,4	0,0	0,3	0,3	0,3	0,3	0,3	0,3
14.08.2025 15:07:23	0,7	0,7	0,7	0,6	0,4	0,0	0,5	0,5	0,5	0,5	0,5	0,3
14.08.2025 15:07:29	0,4	0,4	0,4	0,4	0,4	0,0	0,3	0,3	0,3	0,3	0,3	0,3
14.08.2025 15:07:35	0,3	0,3	0,3	0,3	0,3	0,0	0,3	0,3	0,3	0,3	0,3	0,3
14.08.2025 15:07:41	0,4	0,4	0,4	0,4	0,4	0,0	0,3	0,3	0,3	0,3	0,3	0,3
14.08.2025 15:07:47	1,4	1,4	1,4	1,3	0,7	0,1	1,1	1,1	1,1	1,1	1,0	0,6
14.08.2025 15:07:53	0,5	0,5	0,5	0,5	0,4	0,0	0,4	0,4	0,4	0,4	0,4	0,3
14.08.2025 15:07:59	0,3	0,3	0,3	0,3	0,3	0,0	0,2	0,2	0,2	0,2	0,2	0,2
14.08.2025 15:08:05	0,3	0,3	0,3	0,3	0,2	0,0	0,2	0,2	0,2	0,2	0,2	0,1
14.08.2025 15:08:11	0,3	0,3	0,3	0,3	0,3	0,0	0,3	0,3	0,3	0,3	0,3	0,3
14.08.2025 15:08:17	0,5	0,5	0,5	0,5	0,4	0,0	0,4	0,4	0,4	0,4	0,4	0,3
14.08.2025 15:08:23	0,4	0,4	0,4	0,4	0,4	0,0	0,3	0,3	0,3	0,3	0,3	0,3
14.08.2025 15:08:29	0,4	0,4	0,4	0,4	0,4	0,0	0,3	0,3	0,3	0,3	0,3	0,3
14.08.2025 15:08:35	0,5	0,5	0,5	0,5	0,5	0,0	0,4	0,4	0,4	0,4	0,4	0,4
14.08.2025 15:08:41	0,3	0,3	0,3	0,3	0,3	0,0	0,3	0,3	0,3	0,3	0,3	0,3
14.08.2025 15:08:47	0,3	0,3	0,3	0,3	0,3	0,0	0,3	0,3	0,3	0,3	0,3	0,3
14.08.2025 15:08:53	0,9	0,9	0,9	0,9	0,6	0,0	0,7	0,7	0,7	0,7	0,7	0,5
14.08.2025 15:08:59	0,4	0,4	0,4	0,4	0,4	0,0	0,3	0,3	0,3	0,3	0,3	0,3
14.08.2025 15:09:05	0,3	0,3	0,3	0,3	0,3	0,0	0,2	0,2	0,2	0,2	0,2	0,2
14.08.2025 15:09:11	1,0	1,0	1,0	0,8	0,3	0,2	0,8	0,8	0,8	0,8	0,6	0,2
14.08.2025 15:09:17	0,4	0,4	0,4	0,4	0,4	0,0	0,3	0,3	0,3	0,3	0,3	0,3
14.08.2025 15:09:23	0,4	0,4	0,4	0,4	0,4	0,0	0,3	0,3	0,3	0,3	0,3	0,3
14.08.2025 15:09:29	0,4	0,4	0,4	0,4	0,4	0,0	0,3	0,3	0,3	0,3	0,3	0,3
14.08.2025 15:09:35	0,4	0,4	0,4	0,4	0,4	0,0	0,3	0,3	0,3	0,3	0,3	0,3
14.08.2025 15:09:41	0,3	0,3	0,3	0,3	0,3	0,0	0,3	0,3	0,3	0,3	0,3	0,3
14.08.2025 15:09:47	0,3	0,3	0,3	0,3	0,3	0,0	0,3	0,3	0,3	0,3	0,3	0,3
14.08.2025 15:09:53	0,3	0,3	0,3	0,3	0,3	0,0	0,2	0,2	0,2	0,2	0,2	0,2
14.08.2025 15:09:59	0,3	0,3	0,3	0,3	0,3	0,0	0,2	0,2	0,2	0,2	0,2	0,2
14.08.2025 15:10:05	0,4	0,4	0,4	0,4	0,4	0,0	0,3	0,3	0,3	0,3	0,3	0,3
14.08.2025 15:10:11	1,8	1,8	1,7	1,1	0,5	0,6	1,4	1,4	1,3	1,4	0,9	0,4
14.08.2025 15:10:17	0,3	0,3	0,3	0,3	0,3	0,0	0,3	0,3	0,3	0,3	0,3	0,3
14.08.2025 15:10:23	0,6	0,6	0,6	0,6	0,6	0,0	0,5	0,5	0,5	0,5	0,5	0,5
14.08.2025 15:10:29	0,3	0,3	0,3	0,3	0,3	0,0	0,3	0,3	0,3	0,3	0,3	0,3
14.08.2025 15:10:35	0,4	0,4	0,4	0,4	0,4	0,0	0,3	0,3	0,3	0,3	0,3	0,3
14.08.2025 15:10:41	0,6	0,6	0,6	0,6	0,4	0,0	0,4	0,4	0,4	0,4	0,4	0,3
14.08.2025 15:10:47	0,3	0,3	0,3	0,3	0,3	0,0	0,3	0,3	0,3	0,3	0,3	0,3
14.08.2025 15:10:53	0,7	0,7	0,7	0,7	0,5	0,0	0,6	0,6	0,6	0,6	0,6	0,4
14.08.2025 15:10:59	0,5	0,5	0,5	0,5	0,5	0,0	0,4	0,4	0,4	0,4	0,4	0,4
14.08.2025 15:11:05	0,4	0,4	0,4	0,4	0,4	0,0	0,3	0,3	0,3	0,3	0,3	0,3
14.08.2025 15:11:11	0,7	0,7	0,7	0,7	0,5	0,0	0,6	0,6	0,6	0,6	0,6	0,4
14.08.2025 15:11:17	0,5	0,5	0,5	0,5	0,4	0,0	0,4	0,4	0,4	0,4	0,4	0,4
14.08.2025 15:11:23	0,6	0,6	0,6	0,6	0,6	0,0	0,5	0,5	0,5	0,5	0,5	0,5
14.08.2025 15:11:29	0,4	0,4	0,4	0,4	0,4	0,0	0,3	0,3	0,3	0,3	0,3	0,3
14.08.2025 15:11:35	0,4	0,4	0,4	0,4	0,4	0,0	0,3	0,3	0,3	0,3	0,3	0,3
14.08.2025 15:11:41	0,5	0,5	0,5	0,5	0,5	0,0	0,4	0,4	0,4	0,4	0,4	0,4
14.08.2025 15:11:47	0,3	0,3	0,3	0,3	0,3	0,0	0,3	0,3	0,3	0,3	0,3	0,3
14.08.2025 15:11:53	0,4	0,4	0,4	0,4	0,4	0,0	0,3	0,3	0,3	0,3	0,3	0,3
14.08.2025 15:11:59	0,4	0,4	0,4	0,4	0,4	0,0	0,3	0,3	0,3	0,3	0,3	0,3
14.08.2025 15:12:05	0,3	0,3	0,3	0,3	0,3	0,0	0,3	0,3	0,3	0,3	0,3	0,3
14.08.2025 15:12:11	0,4	0,4	0,4	0,4	0,4	0,0	0,3	0,3	0,3	0,3	0,3	0,3
14.08.2025 15:12:17	0,3	0,3	0,3	0,3	0,3	0,0	0,2	0,2	0,2	0,2	0,2	0,2
14.08.2025 15:12:23	0,4	0,4	0,4	0,4	0,4	0,0	0,4	0,4	0,4	0,4	0,4	0,4
14.08.2025 15:12:29	0,4	0,4	0,4	0,4	0,4	0,0	0,3	0,3	0,3	0,3	0,3	0,3
14.08.2025 15:12:35	0,9	0,9	0,9	0,8	0,4	0,1	0,7	0,7	0,7	0,7	0,6	0,3
14.08.2025 15:12:41	0,7	0,7	0,7	0,7	0,5	0,0	0,5	0,5	0,5	0,5	0,5	0,4
14.08.2025 15:12:47	0,5	0,5	0,5	0,5	0,5	0,0	0,4	0,4	0,4	0,4	0,4	0,4
14.08.2025 15:12:53	0,5	0,5	0,5	0,5	0,5	0,0	0,4	0,4	0,4	0,4	0,4	0,4
14.08.2025 15:12:59	0,4	0,4	0,4	0,4	0,4	0,0	0,3	0,3	0,3	0,3	0,3	0,3
14.08.2025 15:13:05	0,4	0,4	0,4	0,4	0,4	0,0	0,4	0,4	0,4	0,4	0,4	0,4
14.08.2025 15:13:11	0,3	0,3	0,3	0,3	0,3	0,0	0,3	0,3	0,3	0,3	0,3	0,3
14.08.2025 15:13:17	0,4	0,4	0,4	0,4	0,4	0,0	0,3	0,3	0,3	0,3	0,3	0,3
14.08.2025 15:13:23	0,4	0,4	0,4	0,4	0,4	0,0	0,3	0,3	0,3	0,3	0,3	0,3
14.08.2025 15:13:29	0,4	0,4	0,4	0,4	0,4	0,0	0,4	0,4	0,4	0,4	0,4	0,4
14.08.2025 15:13:35	1,4	1,4	1,4	1,2	0,4	0,3	1,1	1,1	1,1	1,1	0,9	0,3
14.08.2025 15:13:41	0,8	0,8	0,8	0,8	0,5	0,0	0,6	0,6	0,6	0,6	0,6	0,4
14.08.2025 15:13:47	0,3	0,3	0,3	0,3	0,3	0,0	0,3	0,3	0,3	0,3	0,3	0,3
14.08.2025 15:13:53	2,6	2,6	2,1	0,8	0,3	1,9	2,0	2,0	1,6	2,0	0,6	0,2
14.08.2025 15:13:59	0,5	0,5	0,5	0,5	0,5	0,0	0,4	0,4	0,4	0,4	0,4	0,4
14.08.2025 15:14:05	0,5	0,5	0,5	0,5	0,4	0,0	0,4	0,4	0,4	0,4	0,4	0,4
14.08.2025 15:14:11	0,5	0,5	0,5	0,5	0,4	0,0	0,4	0,4	0,4	0,4	0,4	0,4
14.08.2025 15:14:17	0,6	0,6	0,6	0,6	0,6	0,0	0,5	0,5	0,5	0,5	0,5	0,5
14.08.2025 15:14:23	0,4	0,4	0,4	0,4	0,4	0,0	0,3	0,3	0,3	0,3	0,3	0,3
14.08.2025 15:14:29	0,4	0,4	0,4	0,4	0,4	0,0	0,3	0,3	0,3	0,3	0,3	0,3
14.08.2025 15:14:35	0,6	0,6	0,6	0,6	0,6	0,0	0,5	0,5	0,5	0,5	0,5	0,5
14.08.2025 15:14:41	0,4	0,4	0,4	0,4	0,4	0,0	0,3	0,3	0,3	0,3	0,3	0,3
14.08.2025 15:14:47	0,5	0,5	0,5	0,5	0,5	0,0	0,4	0,4	0,4	0,4	0,4	0,4
14.08.2025 15:14:53	0,4	0,4	0,4	0,4	0,4	0,0	0,4	0,4	0,4	0,4	0,4	0,4
14.08.2025 15:14:59	0,8	0,8	0,8	0,8	0,5	0,0	0,6	0,6	0,6	0,6	0,6	0,4
14.08.2025 15:15:05	0,3	0,3	0,3	0,3	0,3	0,0	0,3	0,3	0,3	0,3	0,3	0,3
14.08.2025 15:15:11	0,6	0,6	0,6	0,6	0,6	0,0	0,5	0,5	0,5	0,5	0,5	0,5
14.08.2025 15:15:17	0,5	0,5	0,5	0,5	0,5	0,0	0,4	0,4	0,4	0,4	0,4	0,4
14.08.2025 15:15:23	0,5	0,5	0,5	0,5	0,5	0,0	0,4	0,4	0,4	0,4	0,4	0,4
14.08.2025 15:15:29	0,4	0,4	0,4	0,4	0,4	0,0	0,3	0,3	0,3	0,3	0,3	0,3
14.08.2025 15:15:35	0,5	0,5	0,5	0,5	0,5	0,0	0,4	0,4	0,4	0,4	0,4	0,4
14.08.2025 15:15:41	0,7	0,7	0,7	0,7	0,7	0,0	0,5	0,5	0,5	0,5	0,5	0,5
14.08.2025 15:15:47	0,4	0,4	0,4	0,4	0,4	0,0	0,3	0,3	0,3	0,3	0,3	0,3
14.08.2025 15:15:53	0,4	0,4	0,4	0,4	0,4	0,0	0,4	0,4	0,4	0,4	0,4	0,4
14.08.2025 15:15:59	0,4	0,4	0,4	0,4	0,4	0,0	0,4	0,4	0,4	0,4	0,4	0,4
14.08.2025 15:16:05	0,6	0,6	0,6	0,6	0,6	0,0	0,4	0,4	0,4	0,4	0,4	0,4
14.08.2025 15:16:11	0,4	0,4	0,4	0,4	0,4	0,0	0,3	0,3	0,3	0,3	0,3	0,3
14.08.2025 15:16:17	0,4	0,4	0,4	0,4	0,4	0,0	0,3	0,3	0,3	0,3	0,3	0,3
14.08.2025 15:16:23	0,6	0,6	0,6	0,6	0,4	0,0	0,5	0,5	0,5	0,5	0,5	0,3
14.08.2025 15:16:29	0,6	0,6	0,6	0,6	0,6	0,0	0,5	0,5	0,5	0,5	0,5	0,5
14.08.2025 15:16:35	0,4	0,4	0,4	0,4	0,4	0,0	0,3	0,3	0,3	0,3	0,3	0,3
14.08.2025 15:16:41	0,9	0,9	0,9	0,8	0,5	0,1	0,7	0,7	0,7	0,7	0,7	0,4
14.08.2025 15:16:47	0,4	0,4	0,4	0,4	0,4	0,0	0,3	0,3	0,3	0,3	0,3	0,3
14.08.2025 15:16:53	0,4	0,4	0,4	0,4	0,4	0,0	0,4	0,4	0,4	0,4	0,4	0,4
14.08.2025 15:16:59	0,5	0,5	0,5	0,5	0,5	0,0	0,4	0,4	0,4	0,4	0,4	0,4
14.08.2025 15:17:05	0,5	0,5	0,5	0,5	0,5	0,0	0,4	0,4	0,4	0,4	0,4	0,4
14.08.2025 15:17:11	0,4	0,4	0,4	0,4	0,4	0,0	0,3	0,3	0,3	0,3	0,3	0,3
14.08.2025 15:17:17	1,1	1,1	1,1	1,0	0,5	0,1	0,9	0,9	0,9	0,9	0,8	0,4
14.08.2025 15:17:23	0,7	0,7	0,7	0,7	0,5	0,0	0,6	0,6	0,6	0,6	0,5	0,4
14.08.2025 15:17:29	0,5	0,5	0,5	0,5	0,5	0,0	0,4	0,4	0,4	0,4	0,4	0,4
14.08.2025 15:17:35	0,6	0,6	0,6	0,6	0,6	0,0	0,5	0,5	0,5	0,5	0,5	0,5
14.08.2025 15:17:41	0,9	0,9	0,9	0,8	0,4	0,1	0,7	0,7	0,7	0,7	0,6	0,4
14.08.2025 15:17:47	1,7	1,7	1,7	1,1	0,5	0,6	1,3	1,3	1,3	1,3	0,8	0,4
14.08.2025 15:17:53	0,5	0,5	0,5	0,5	0,4	0,0	0,4	0,4	0,4	0,4	0,4	0,4
