<Header>
User name: 
Location: probe cabin
# of Location: 2
Model: 11-D
Serial No.: 11D20167
Firmware revision: 12.50E
Software revision: 1179-V2-10 (23-01-2023)
Unit: Mass fraction [ug/m3]
C-factor: 1,00
location factor: 1,00
Comment: test room aerosol conditions
online data
<Data>
[d&t31.12.2035 11:50:55]	TSP [ug/m3]	PM10 [ug/m3]	PM4 [ug/m3]	PM2,5 [ug/m3]	PM1 [ug/m3]	PMcoarse [ug/m3]	Inhalable [ug/m3]	Thoracic [ug/m3]	Respirable [ug/m3]	pm10-IAQ [ug/m3]	pm2,5-IAQ [ug/m3]	pm1-IAQ [ug/m3]
14.08.2025 10:26:08	78,0	47,3	20,9	11,2	6,4	36,1	67,1	52,9	17,2	53,9	8,7	5,2
14.08.2025 10:26:14	93,4	32,0	21,7	12,7	6,9	19,3	65,5	40,3	16,9	30,1	9,9	5,6
14.08.2025 10:26:20	104,4	31,9	14,1	9,1	6,8	22,8	78,3	48,2	12,3	37,9	7,2	5,5
14.08.2025 10:26:26	51,5	38,1	19,5	11,8	6,3	26,3	48,3	41,9	16,6	43,2	9,2	5,1
14.08.2025 10:26:32	309,6	29,5	14,2	8,6	6,6	20,9	146,7	37,2	12,6	34,0	6,8	5,3
14.08.2025 10:26:38	112,2	34,3	20,6	11,4	6,8	22,9	79,5	47,7	16,4	34,2	9,0	5,5
14.08.2025 10:26:44	66,8	34,5	13,9	9,6	7,0	24,8	57,2	43,0	12,1	41,8	7,6	5,7
14.08.2025 10:26:50	58,0	41,8	18,6	10,3	6,4	31,5	55,1	47,0	16,5	49,7	8,1	5,1
14.08.2025 10:26:56	49,4	30,7	17,6	10,5	6,7	20,2	43,2	35,0	15,1	33,1	8,2	5,4
14.08.2025 10:27:02	34,6	22,1	11,8	9,3	6,8	12,8	29,7	24,2	9,7	24,5	7,4	5,5
14.08.2025 10:27:08	69,1	49,3	24,5	13,5	6,4	35,8	63,7	54,2	20,8	55,9	10,5	5,2
14.08.2025 10:27:14	39,2	31,4	19,7	11,8	6,8	19,5	34,1	30,4	16,0	31,5	9,3	5,5
14.08.2025 10:27:20	49,2	34,4	15,1	8,8	6,5	25,6	45,3	38,0	12,8	40,0	7,0	5,2
14.08.2025 10:27:26	133,4	12,4	9,4	8,0	6,9	4,4	79,8	29,4	8,2	12,8	6,4	5,6
14.08.2025 10:27:32	64,2	42,2	17,3	9,3	6,3	32,9	58,6	48,3	15,2	50,6	7,4	5,1
14.08.2025 10:27:38	58,1	33,5	18,9	11,2	6,5	22,3	48,3	37,7	15,4	35,5	8,7	5,3
14.08.2025 10:27:44	86,9	42,9	22,5	12,7	6,9	30,3	69,7	50,9	18,1	46,7	9,9	5,6
14.08.2025 10:27:50	28,5	28,0	19,7	11,9	7,0	16,1	27,6	27,0	16,6	27,6	9,3	5,6
14.08.2025 10:27:56	52,6	28,5	16,7	10,0	6,9	18,6	41,3	31,3	13,4	28,6	7,9	5,6
14.08.2025 10:28:02	56,7	35,1	17,3	10,0	6,4	25,1	48,9	39,0	14,4	38,5	7,9	5,1
14.08.2025 10:28:08	25,1	24,7	18,9	10,6	6,2	14,1	21,9	21,5	15,2	21,9	8,3	5,0
14.08.2025 10:28:14	171,7	23,6	19,3	12,0	6,6	11,6	88,4	27,6	15,0	19,8	9,3	5,3
14.08.2025 10:28:20	33,6	26,9	15,7	8,8	6,2	18,1	30,7	27,5	13,2	28,1	7,0	5,0
14.08.2025 10:28:26	23,7	23,3	17,8	10,6	6,7	12,7	22,2	21,8	15,0	22,2	8,4	5,4
14.08.2025 10:28:32	91,2	25,0	13,1	8,8	6,0	16,1	65,0	37,8	10,6	27,2	7,0	4,8
14.08.2025 10:28:38	30,1	28,2	16,8	9,5	7,0	18,8	30,3	29,0	15,1	30,2	7,5	5,6
14.08.2025 10:28:44	92,7	26,8	15,8	9,7	6,4	17,1	65,3	38,4	12,7	27,5	7,6	5,2
14.08.2025 10:28:50	67,2	23,8	17,5	10,4	6,2	13,3	47,1	29,1	13,9	21,9	8,2	5,0
14.08.2025 10:28:56	58,4	31,9	10,2	9,0	6,8	22,9	51,3	39,4	8,7	40,9	7,1	5,5
14.08.2025 10:29:02	75,8	32,3	23,6	12,5	6,5	19,8	54,5	36,5	18,7	29,3	9,7	5,2
14.08.2025 10:29:08	113,3	28,1	17,6	9,6	6,7	18,5	73,7	37,5	15,4	29,2	7,6	5,4
14.08.2025 10:29:14	35,9	29,5	20,4	11,7	6,7	17,8	30,6	27,7	16,2	28,0	9,1	5,4
14.08.2025 10:29:20	35,7	29,4	21,1	12,9	6,4	16,6	30,1	27,3	16,8	27,6	10,0	5,1
14.08.2025 10:29:26	69,1	37,0	15,2	9,3	6,3	27,7	60,7	46,7	13,9	45,3	7,3	5,1
14.08.2025 10:29:32	197,2	34,0	15,3	9,5	6,5	24,5	129,4	61,4	13,1	39,6	7,5	5,3
14.08.2025 10:29:38	21,3	21,2	17,2	10,9	6,7	10,2	18,4	18,2	13,7	18,4	8,6	5,4
14.08.2025 10:29:44	32,1	25,5	16,1	9,9	6,8	15,6	28,6	25,4	13,4	26,0	7,8	5,5
14.08.2025 10:29:50	170,0	22,3	18,8	11,2	6,8	11,1	87,7	27,2	15,4	19,0	8,8	5,5
14.08.2025 10:29:56	99,0	32,7	18,1	9,9	6,9	22,9	70,9	43,6	14,4	33,1	7,8	5,5
14.08.2025 10:30:02	47,7	27,7	14,1	9,4	6,4	18,3	42,1	33,2	12,4	31,9	7,4	5,2
14.08.2025 10:30:08	82,6	27,6	11,0	7,5	6,6	20,0	64,3	41,1	10,1	34,1	6,0	5,3
14.08.2025 10:30:14	200,7	30,6	10,6	7,9	6,6	22,7	118,8	47,7	10,1	39,8	6,3	5,3
14.08.2025 10:30:20	47,2	22,3	8,8	7,3	6,1	15,0	40,6	29,7	7,8	27,8	5,8	4,9
14.08.2025 10:30:26	39,4	35,2	17,4	9,5	6,2	25,7	40,7	37,5	15,4	40,4	7,5	5,0
14.08.2025 10:30:32	31,7	25,1	16,3	10,3	6,8	14,9	27,6	24,5	13,2	25,1	8,1	5,5
14.08.2025 10:30:38	35,3	29,0	20,4	12,0	6,0	17,0	29,8	27,0	16,3	27,2	9,4	4,8
14.08.2025 10:30:44	368,9	26,0	10,1	7,4	6,0	18,7	183,5	49,1	9,6	33,3	5,9	4,9
14.08.2025 10:30:50	149,0	27,7	19,2	10,6	6,2	17,1	92,9	42,2	15,7	25,9	8,3	5,0
14.08.2025 10:30:56	98,5	36,4	21,4	11,8	6,4	24,6	72,9	47,0	17,3	37,6	9,2	5,2
14.08.2025 10:31:02	76,5	26,7	14,4	9,0	5,8	17,7	57,0	36,3	12,3	29,2	7,1	4,7
14.08.2025 10:31:08	72,3	40,9	18,9	10,5	6,6	30,4	61,2	47,3	15,4	45,9	8,2	5,4
14.08.2025 10:31:14	19,8	19,5	13,5	9,4	5,8	10,1	20,6	20,2	12,0	20,6	7,4	4,7
14.08.2025 10:31:20	52,1	32,1	18,0	10,2	6,3	21,9	44,1	35,2	14,7	33,9	8,0	5,0
14.08.2025 10:31:26	55,3	36,4	22,3	12,2	6,5	24,2	47,7	39,3	18,6	37,6	9,5	5,2
14.08.2025 10:31:32	35,0	28,2	14,7	8,3	6,2	19,8	33,8	30,4	13,0	31,2	6,6	5,0
14.08.2025 10:31:38	59,0	16,8	13,4	9,8	6,5	7,0	40,1	22,8	10,6	15,0	7,7	5,2
14.08.2025 10:31:44	101,3	22,3	19,7	11,7	6,4	10,6	59,0	25,7	15,1	17,1	9,2	5,2
14.08.2025 10:31:50	53,7	29,6	18,4	10,6	5,6	19,0	42,7	32,6	14,8	29,9	8,3	4,5
14.08.2025 10:31:56	70,3	32,5	15,3	9,1	6,4	23,4	57,5	41,4	13,2	37,1	7,2	5,1
14.08.2025 10:32:02	81,1	32,6	21,4	11,6	5,8	21,0	59,6	39,5	17,2	31,9	9,0	4,7
14.08.2025 10:32:08	120,9	33,9	20,4	10,7	6,1	23,2	79,4	42,2	16,7	34,8	8,4	4,9
14.08.2025 10:32:14	324,1	32,3	12,9	7,3	5,8	25,0	156,2	42,1	11,2	38,4	5,8	4,7
14.08.2025 10:32:20	24,8	24,2	16,0	9,2	6,5	15,0	24,8	24,1	13,9	24,8	7,3	5,3
14.08.2025 10:32:26	57,7	37,0	14,6	8,7	6,1	28,3	51,9	42,3	12,3	44,1	6,9	5,0
14.08.2025 10:32:32	31,4	28,1	17,0	10,1	6,2	17,9	29,9	27,8	14,6	29,7	8,0	5,0
14.08.2025 10:32:38	57,4	32,2	14,7	7,9	5,6	24,4	50,0	38,8	12,6	37,2	6,2	4,5
14.08.2025 10:32:44	98,6	29,4	12,2	9,1	6,7	20,3	73,8	44,8	10,7	35,7	7,2	5,4
14.08.2025 10:32:50	453,0	42,1	23,7	13,0	6,4	29,1	229,6	66,2	19,7	44,9	10,1	5,2
14.08.2025 10:32:56	94,8	28,8	15,5	9,3	6,1	19,4	68,9	41,8	12,9	31,1	7,3	4,9
14.08.2025 10:33:02	105,9	25,8	14,9	8,7	6,4	17,1	69,9	35,4	13,2	28,0	6,9	5,1
14.08.2025 10:33:08	24,4	22,4	15,0	10,7	6,6	11,7	22,5	21,1	12,2	22,4	8,4	5,3
14.08.2025 10:33:14	35,6	29,1	19,7	11,1	6,4	17,9	29,9	26,8	15,4	27,3	8,7	5,2
14.08.2025 10:33:20	67,2	24,9	17,7	10,2	6,1	14,8	48,9	31,4	14,6	23,8	7,9	4,9
14.08.2025 10:33:26	21,1	21,1	17,9	11,2	6,7	10,0	16,8	16,8	14,0	16,8	8,7	5,4
14.08.2025 10:33:32	51,9	26,2	12,3	8,4	6,3	17,9	43,8	32,7	10,8	31,0	6,6	5,1
14.08.2025 10:33:38	40,5	22,4	14,5	9,8	6,3	12,7	34,2	26,7	12,7	24,0	7,7	5,1
14.08.2025 10:33:44	13,2	13,1	9,8	7,6	6,7	5,5	13,0	12,8	8,5	13,0	6,1	5,4
14.08.2025 10:33:50	14,6	14,5	11,4	7,6	6,1	7,0	12,9	12,8	9,4	12,9	6,0	5,0
14.08.2025 10:33:56	30,9	24,7	16,9	10,1	5,4	14,6	26,1	23,4	13,7	23,5	7,9	4,4
14.08.2025 10:34:02	108,2	28,9	24,2	13,3	5,4	15,6	65,6	31,9	18,6	23,7	10,3	4,4
14.08.2025 10:34:08	26,8	24,8	16,7	10,9	6,7	13,9	24,9	23,5	13,8	24,8	8,5	5,4
14.08.2025 10:34:14	48,1	28,6	17,7	8,8	5,6	19,8	37,5	29,2	13,8	27,2	6,9	4,5
14.08.2025 10:34:20	149,4	28,5	14,4	11,0	6,4	17,4	97,8	47,0	12,2	32,9	8,6	5,1
14.08.2025 10:34:26	22,5	22,1	17,2	10,2	6,0	12,0	18,7	18,3	13,4	18,7	8,0	4,8
14.08.2025 10:34:32	97,6	17,9	10,5	7,2	6,1	10,7	62,2	28,1	9,8	20,3	5,8	4,9
14.08.2025 10:34:38	102,2	28,4	10,9	7,5	5,7	20,9	74,8	44,2	9,0	34,3	5,9	4,6
14.08.2025 10:34:44	39,9	25,7	10,1	7,0	6,1	18,7	37,0	30,4	9,2	31,7	5,6	4,9
14.08.2025 10:34:50	103,4	24,0	17,7	10,8	5,6	13,2	64,1	30,2	14,2	22,2	8,4	4,5
14.08.2025 10:34:56	44,0	26,1	18,9	11,1	6,2	15,0	33,8	26,4	14,8	23,7	8,7	5,0
14.08.2025 10:35:02	44,9	26,3	14,9	8,8	6,3	17,5	37,5	29,4	12,2	27,4	6,9	5,1
14.08.2025 10:35:08	22,8	22,4	16,9	10,0	6,1	12,4	20,6	20,1	13,7	20,6	7,9	4,9
14.08.2025 10:35:14	531,6	18,2	12,0	8,6	6,4	9,6	212,8	24,3	10,0	18,4	6,8	5,1
14.08.2025 10:35:20	18,2	18,2	13,6	7,8	6,0	10,4	15,0	14,9	10,8	15,0	6,2	4,9
14.08.2025 10:35:26	48,6	35,0	16,7	10,3	6,7	24,7	45,6	39,0	14,3	40,5	8,1	5,4
14.08.2025 10:35:32	31,5	24,8	13,4	7,4	6,0	17,4	29,5	26,2	11,5	27,0	5,9	4,8
14.08.2025 10:35:38	38,3	25,7	11,8	7,2	5,8	18,4	34,4	28,8	10,2	29,3	5,8	4,7
14.08.2025 10:35:44	33,9	30,6	18,6	10,4	6,1	20,2	30,8	28,7	15,2	30,6	8,1	4,9
14.08.2025 10:35:50	46,9	34,4	18,3	10,3	6,3	24,1	44,9	39,2	16,9	39,7	8,1	5,1
14.08.2025 10:35:56	97,7	31,4	17,0	8,9	6,3	22,5	71,2	43,9	14,1	33,4	7,1	5,1
14.08.2025 10:36:02	38,3	20,4	13,1	7,6	5,7	12,8	30,5	23,1	11,1	20,3	6,1	4,6
14.08.2025 10:36:08	22,1	22,1	19,0	10,7	5,9	11,4	18,2	18,1	15,1	18,2	8,4	4,7
14.08.2025 10:36:14	22,9	22,9	20,8	12,7	6,4	10,3	18,2	18,2	16,2	18,2	9,9	5,2
14.08.2025 10:36:20	28,4	22,1	15,7	10,2	6,3	11,9	23,6	20,9	12,5	21,0	8,0	5,1
14.08.2025 10:36:26	36,6	22,5	8,8	7,2	6,1	15,3	33,5	27,0	8,0	28,2	5,7	4,9
14.08.2025 10:36:32	35,1	28,5	17,6	9,4	6,2	19,1	30,8	27,7	14,5	28,2	7,4	5,1
14.08.2025 10:36:38	30,4	27,0	16,5	10,4	6,3	16,6	28,2	26,0	13,5	28,0	8,2	5,1
14.08.2025 10:36:44	16,7	16,7	13,0	8,2	5,9	8,4	15,2	15,1	10,9	15,2	6,5	4,8
14.08.2025 10:36:50	41,9	21,6	9,0	7,2	5,6	14,3	36,9	27,7	7,9	26,6	5,7	4,5
14.08.2025 10:36:56	29,6	22,9	14,2	10,6	6,2	12,3	26,4	23,2	11,5	23,8	8,3	5,0
14.08.2025 10:37:02	47,3	28,7	12,3	7,8	5,9	20,8	41,2	33,0	10,5	33,5	6,2	4,7
14.08.2025 10:37:08	182,7	32,9	23,1	14,1	6,1	18,8	100,7	38,8	18,8	31,9	10,9	4,9
14.08.2025 10:37:14	35,0	28,0	16,5	10,7	5,8	17,3	32,6	29,0	13,7	30,0	8,4	4,6
14.08.2025 10:37:20	44,4	31,1	13,4	8,1	6,1	23,0	42,0	35,6	11,8	36,9	6,4	4,9
14.08.2025 10:37:26	18,5	18,5	15,5	10,1	6,1	8,4	16,1	16,1	12,8	16,1	7,9	4,9
14.08.2025 10:37:32	82,9	32,9	18,8	11,0	6,6	21,9	63,0	42,0	15,8	35,3	8,6	5,4
14.08.2025 10:37:38	31,7	29,6	19,7	11,3	5,8	18,4	29,6	28,1	16,2	29,5	8,8	4,7
14.08.2025 10:37:44	19,8	17,5	8,7	6,9	6,4	10,6	20,6	18,8	7,7	20,5	5,5	5,2
14.08.2025 10:37:50	12,0	11,9	9,9	7,5	5,6	4,5	10,3	10,2	8,0	10,3	5,9	4,5
14.08.2025 10:37:56	28,0	21,4	12,8	7,8	4,8	13,6	24,8	21,6	10,5	22,2	6,1	3,9
14.08.2025 10:38:02	107,3	35,2	18,2	10,5	6,2	24,7	78,3	48,6	14,9	37,9	8,3	5,0
14.08.2025 10:38:08	35,4	29,2	21,7	12,5	6,0	16,7	29,5	26,8	17,2	27,0	9,7	4,8
14.08.2025 10:38:14	16,2	15,3	7,6	6,1	5,6	9,2	18,5	17,5	7,2	18,5	4,9	4,5
14.08.2025 10:38:20	15,0	14,6	10,3	6,9	5,9	7,8	14,4	14,0	8,8	14,4	5,5	4,8
14.08.2025 10:38:26	10,3	10,3	10,3	8,9	5,3	1,4	8,0	8,0	8,0	8,0	7,0	4,3
14.08.2025 10:38:32	45,8	25,9	14,8	9,6	6,1	16,4	38,0	29,3	12,1	27,7	7,5	4,9
14.08.2025 10:38:38	87,1	38,2	14,0	8,3	5,9	29,9	72,6	51,7	12,4	47,2	6,5	4,8
14.08.2025 10:38:44	184,9	34,3	19,8	10,3	6,0	24,0	105,3	42,6	16,8	36,5	8,1	4,9
14.08.2025 10:38:50	41,2	33,3	22,0	12,1	6,2	21,2	35,6	31,8	17,7	32,9	9,4	5,0
14.08.2025 10:38:56	43,2	25,1	14,5	8,5	6,1	16,5	36,3	28,6	12,3	26,1	6,7	4,9
14.08.2025 10:39:02	188,6	25,5	17,6	9,5	5,7	16,0	116,8	49,3	14,9	24,8	7,5	4,6
14.08.2025 10:39:08	112,2	26,4	15,8	10,0	6,3	16,4	71,6	34,8	12,7	27,1	7,9	5,1
14.08.2025 10:39:14	308,8	24,9	14,4	9,0	5,6	15,9	141,1	30,7	11,7	25,9	7,1	4,5
14.08.2025 10:39:20	25,0	23,1	13,6	7,1	4,2	16,1	25,0	23,7	11,9	24,9	5,5	3,4
14.08.2025 10:39:26	72,2	33,1	13,7	7,4	5,2	25,7	61,1	44,3	12,7	40,5	5,9	4,2
14.08.2025 10:39:32	37,9	20,0	15,4	10,8	6,2	9,3	28,2	20,9	12,0	18,0	8,4	5,0
14.08.2025 10:39:38	33,8	26,8	14,9	8,6	5,1	18,3	31,9	28,4	12,8	29,3	6,7	4,1
14.08.2025 10:39:44	21,8	19,1	8,6	6,9	5,7	12,2	23,5	21,3	7,8	23,4	5,5	4,6
14.08.2025 10:39:50	41,5	32,8	15,5	8,5	5,3	24,3	40,8	36,1	13,7	38,1	6,7	4,3
14.08.2025 10:39:56	53,4	27,6	13,6	8,8	6,3	18,8	43,5	32,5	11,2	30,7	6,9	5,1
14.08.2025 10:40:02	20,4	20,0	14,0	8,8	6,4	11,2	19,5	19,0	11,8	19,5	7,0	5,1
14.08.2025 10:40:08	20,5	20,1	14,8	9,5	6,1	10,6	19,5	19,0	12,4	19,5	7,5	5,0
14.08.2025 10:40:14	6,1	6,1	6,1	6,0	5,6	0,0	4,9	4,9	4,9	4,9	4,8	4,5
14.08.2025 10:40:20	21,5	21,1	16,6	9,6	5,8	11,5	17,9	17,5	12,9	17,9	7,5	4,7
14.08.2025 10:40:26	31,8	25,5	17,0	9,5	6,2	16,0	27,9	25,0	14,0	25,3	7,5	5,0
14.08.2025 10:40:32	65,1	22,4	14,8	10,4	6,2	12,0	48,1	30,3	12,3	23,0	8,1	5,0
14.08.2025 10:40:38	24,6	24,5	19,4	11,5	6,4	13,0	21,7	21,6	16,0	21,7	9,0	5,2
14.08.2025 10:40:44	15,9	15,9	13,9	9,5	6,1	6,4	12,9	12,9	11,1	12,9	7,4	4,9
14.08.2025 10:40:50	60,2	18,0	13,0	8,6	5,9	9,4	42,0	24,6	10,5	16,9	6,8	4,8
14.08.2025 10:40:56	136,4	32,9	18,9	12,0	6,0	20,9	89,7	45,8	15,4	35,1	9,3	4,9
14.08.2025 10:41:02	55,1	28,6	11,3	7,7	5,4	20,9	47,1	35,3	9,5	34,2	6,1	4,4
14.08.2025 10:41:08	22,5	22,1	16,8	9,6	5,8	12,4	19,7	19,2	13,3	19,7	7,5	4,7
14.08.2025 10:41:14	19,3	18,8	13,8	8,6	5,5	10,2	17,2	16,8	11,1	17,2	6,8	4,4
14.08.2025 10:41:20	12,5	12,5	11,3	8,2	5,7	4,3	10,4	10,3	9,1	10,4	6,5	4,6
14.08.2025 10:41:26	27,6	21,4	14,1	8,2	4,8	13,2	23,6	20,9	11,5	21,1	6,4	3,9
14.08.2025 10:41:32	18,2	17,9	12,4	7,3	5,1	10,6	18,1	17,6	10,9	18,1	5,8	4,1
14.08.2025 10:41:38	17,4	17,0	12,7	9,4	5,9	7,6	15,9	15,4	10,3	15,9	7,4	4,7
14.08.2025 10:41:44	24,1	24,1	20,6	11,2	5,7	12,9	19,0	19,0	16,0	19,0	8,7	4,6
14.08.2025 10:41:50	38,8	32,2	22,7	11,9	5,9	20,3	32,2	29,1	17,6	29,6	9,2	4,8
14.08.2025 10:41:56	26,2	19,9	12,9	9,0	6,3	10,9	22,4	19,5	10,4	19,8	7,1	5,1
14.08.2025 10:42:02	19,1	17,1	9,7	6,3	5,1	10,8	18,5	17,1	8,2	18,4	5,0	4,2
14.08.2025 10:42:08	16,5	16,5	13,8	8,8	5,8	7,7	14,0	14,0	11,2	14,0	7,0	4,7
14.08.2025 10:42:14	22,6	22,5	16,0	7,6	5,4	14,9	19,3	19,1	12,8	19,3	6,0	4,4
14.08.2025 10:42:20	32,0	25,4	15,8	9,2	5,3	16,2	28,2	25,0	12,7	25,6	7,2	4,2
14.08.2025 10:42:26	31,1	24,1	12,3	7,4	5,0	16,7	30,3	26,7	10,8	27,7	5,8	4,0
14.08.2025 10:42:32	6,1	6,1	6,1	6,0	5,3	0,1	4,9	4,9	4,9	4,9	4,8	4,3
14.08.2025 10:42:38	41,5	22,9	11,9	7,0	5,0	15,9	35,6	27,4	10,2	25,4	5,5	4,0
14.08.2025 10:42:44	52,8	33,8	16,2	10,2	5,9	23,6	46,1	37,6	13,3	38,4	8,0	4,7
14.08.2025 10:42:50	22,8	22,7	19,3	11,2	5,2	11,5	19,0	18,9	15,3	19,0	8,7	4,2
14.08.2025 10:42:56	21,5	18,2	8,8	6,7	4,8	11,5	22,2	20,0	8,0	21,9	5,3	3,9
14.08.2025 10:43:02	16,4	15,9	11,7	7,9	4,9	8,1	15,1	14,6	9,5	15,1	6,2	4,0
14.08.2025 10:43:08	35,7	27,3	12,7	7,2	5,3	20,1	35,0	30,6	11,4	32,3	5,7	4,3
14.08.2025 10:43:14	16,2	16,2	12,4	7,2	4,8	8,9	13,4	13,3	9,8	13,4	5,7	3,9
14.08.2025 10:43:20	44,0	24,5	14,3	7,9	4,7	16,6	35,7	27,4	11,8	25,5	6,2	3,8
14.08.2025 10:43:26	33,9	25,3	11,2	7,6	5,5	17,7	32,4	27,9	9,6	29,7	6,0	4,4
14.08.2025 10:43:32	68,9	26,3	19,2	10,5	5,3	15,8	48,9	31,2	15,0	23,8	8,2	4,3
14.08.2025 10:43:38	16,0	16,0	13,1	7,9	4,9	8,2	14,3	14,2	10,9	14,3	6,2	4,0
14.08.2025 10:43:44	23,7	23,2	16,3	9,3	5,5	13,9	22,3	21,7	13,5	22,3	7,3	4,5
14.08.2025 10:43:50	34,0	27,4	16,5	9,4	5,8	18,0	29,7	26,5	13,2	27,1	7,3	4,7
14.08.2025 10:43:56	48,8	24,2	11,0	6,9	5,2	17,3	40,9	30,4	9,5	28,1	5,5	4,2
14.08.2025 10:44:02	199,8	10,2	8,4	6,9	5,8	3,3	104,0	26,6	7,5	10,2	5,5	4,7
14.08.2025 10:44:08	51,5	29,5	10,9	7,3	5,8	22,2	47,5	37,2	10,0	37,1	5,8	4,7
14.08.2025 10:44:14	22,1	20,0	12,3	8,0	5,5	12,1	21,1	19,6	10,1	21,0	6,3	4,4
14.08.2025 10:44:20	88,5	28,6	17,7	9,9	5,7	18,7	64,5	40,0	14,9	29,2	7,8	4,6
14.08.2025 10:44:26	17,2	16,8	12,5	8,7	5,5	8,1	16,4	15,9	10,4	16,4	6,9	4,5
14.08.2025 10:44:32	18,3	17,5	12,1	8,2	5,3	9,4	17,0	16,2	9,7	17,0	6,4	4,3
14.08.2025 10:44:38	31,6	23,4	11,8	7,9	5,0	15,5	28,5	24,4	9,6	25,8	6,2	4,0
14.08.2025 10:44:44	74,9	35,8	17,0	9,2	5,7	26,6	60,5	43,7	14,1	39,9	7,2	4,6
14.08.2025 10:44:50	40,4	22,5	16,3	10,2	5,9	12,3	31,1	23,7	12,8	20,9	8,0	4,8
14.08.2025 10:44:56	28,8	28,6	22,7	11,2	5,0	17,5	24,5	24,3	18,1	24,5	8,7	4,0
14.08.2025 10:45:02	114,8	17,9	11,7	7,1	5,0	10,8	69,6	28,9	9,4	17,5	5,6	4,1
14.08.2025 10:45:08	40,6	22,7	17,2	11,1	5,9	11,6	30,8	23,5	13,6	20,7	8,6	4,8
14.08.2025 10:45:14	15,9	15,9	13,0	8,3	5,8	7,5	13,9	13,8	10,6	13,9	6,6	4,7
14.08.2025 10:45:20	40,6	22,6	15,1	8,5	5,2	14,1	32,5	25,1	12,5	22,3	6,7	4,2
14.08.2025 10:45:26	20,1	18,5	12,2	6,7	4,2	11,8	17,7	16,6	9,8	17,5	5,3	3,4
14.08.2025 10:45:32	26,7	20,5	14,0	8,4	4,7	12,1	22,3	19,5	11,2	19,7	6,5	3,8
14.08.2025 10:45:38	25,9	18,0	9,1	7,1	5,3	10,9	22,8	19,0	7,4	20,1	5,6	4,3
14.08.2025 10:45:44	23,4	21,4	14,1	8,6	5,2	12,8	21,0	19,6	11,2	20,9	6,7	4,2
14.08.2025 10:45:50	22,3	21,9	18,0	11,3	5,7	10,6	18,5	18,1	14,0	18,5	8,8	4,6
14.08.2025 10:45:56	165,2	17,4	13,7	8,7	5,8	8,7	84,4	23,8	11,4	15,7	6,8	4,7
14.08.2025 10:46:02	39,7	25,6	10,3	6,5	5,5	19,1	36,4	29,9	9,3	31,2	5,2	4,4
14.08.2025 10:46:08	13,0	13,0	11,4	8,0	5,4	5,0	10,1	10,0	8,9	10,1	6,3	4,3
14.08.2025 10:46:14	18,8	18,8	16,9	10,7	5,3	8,1	15,0	15,0	13,2	15,0	8,3	4,3
14.08.2025 10:46:20	14,9	14,9	11,9	6,7	5,3	8,2	12,2	12,1	9,5	12,2	5,4	4,3
14.08.2025 10:46:26	15,7	15,7	13,5	8,4	5,7	7,3	12,7	12,7	10,7	12,7	6,6	4,6
14.08.2025 10:46:32	6,9	6,9	6,8	6,5	5,5	0,3	5,5	5,5	5,5	5,5	5,2	4,5
14.08.2025 10:46:38	32,4	26,1	17,0	10,5	6,1	15,6	29,4	26,4	14,3	26,8	8,2	4,9
14.08.2025 10:46:44	18,3	18,2	14,9	8,7	5,4	9,5	15,7	15,6	12,0	15,7	6,9	4,4
14.08.2025 10:46:50	17,0	16,5	11,2	7,4	5,6	9,1	16,8	16,4	9,8	16,8	5,9	4,5
14.08.2025 10:46:56	53,5	29,3	17,6	9,6	5,0	19,7	42,8	32,7	14,2	30,1	7,5	4,0
14.08.2025 10:47:02	36,1	18,1	11,2	8,7	5,8	9,4	30,2	22,7	9,9	20,1	6,9	4,7
14.08.2025 10:47:08	24,6	22,9	17,1	10,9	5,4	12,0	21,7	20,7	13,8	21,6	8,5	4,4
14.08.2025 10:47:14	26,0	25,9	20,6	11,4	5,8	14,5	22,1	22,0	16,6	22,1	8,9	4,7
14.08.2025 10:47:20	74,5	30,9	14,2	9,0	5,7	21,9	58,2	39,8	11,4	35,2	7,1	4,6
14.08.2025 10:47:26	17,4	17,4	15,2	9,9	5,5	7,5	14,6	14,6	12,3	14,6	7,8	4,5
14.08.2025 10:47:32	14,9	14,5	9,9	6,5	5,3	8,0	14,6	14,1	8,4	14,6	5,2	4,3
14.08.2025 10:47:38	50,2	28,2	7,5	6,3	5,3	21,9	45,4	35,2	6,6	37,5	5,0	4,2
14.08.2025 10:47:44	30,4	23,8	14,9	9,1	5,3	14,7	27,0	23,8	12,0	24,4	7,1	4,2
14.08.2025 10:47:50	18,5	18,1	11,8	6,6	4,7	11,4	18,6	18,1	10,4	18,6	5,3	3,8
14.08.2025 10:47:56	30,0	25,0	12,9	8,7	4,9	16,4	28,5	25,4	10,8	28,2	6,8	4,0
14.08.2025 10:48:02	27,6	19,7	10,6	7,3	4,5	12,4	24,0	20,2	8,5	21,3	5,7	3,7
14.08.2025 10:48:08	22,6	21,0	14,9	8,7	5,1	12,3	20,2	19,2	12,2	20,1	6,8	4,1
14.08.2025 10:48:14	288,2	12,2	10,5	6,4	4,8	5,7	121,8	15,2	8,1	9,4	5,1	3,9
14.08.2025 10:48:20	12,1	12,1	11,1	7,6	4,5	4,5	9,3	9,3	8,6	9,3	6,0	3,7
14.08.2025 10:48:26	42,4	24,4	16,7	10,0	5,1	14,4	34,2	26,7	13,6	24,0	7,8	4,1
14.08.2025 10:48:32	32,4	25,8	16,6	10,0	5,2	15,8	28,4	25,2	13,3	25,9	7,8	4,1
14.08.2025 10:48:38	15,2	15,1	10,7	6,7	5,1	8,4	15,1	14,8	9,4	15,1	5,3	4,1
14.08.2025 10:48:44	14,3	14,3	12,9	8,9	5,4	5,4	11,7	11,7	10,3	11,7	7,0	4,4
14.08.2025 10:48:50	21,6	20,0	14,5	9,3	5,9	10,7	18,9	17,8	11,7	18,8	7,3	4,8
14.08.2025 10:48:56	45,2	25,6	14,2	8,3	5,2	17,3	38,1	29,6	11,9	27,8	6,5	4,2
14.08.2025 10:49:02	16,1	14,5	9,7	7,3	5,2	7,2	15,4	14,4	8,3	15,3	5,8	4,2
14.08.2025 10:49:08	14,8	14,8	13,1	8,0	4,3	6,8	12,0	12,0	10,3	12,0	6,3	3,5
14.08.2025 10:49:14	24,7	18,1	9,0	4,8	3,9	13,3	22,3	19,1	7,6	19,7	3,8	3,1
14.08.2025 10:49:20	9,1	9,1	9,0	8,2	5,7	0,9	7,1	7,1	7,1	7,1	6,5	4,6
14.08.2025 10:49:26	20,0	19,6	15,0	9,0	5,2	10,7	17,4	17,0	12,0	17,4	7,0	4,2
14.08.2025 10:49:32	18,9	17,2	11,1	6,8	4,7	10,4	17,8	16,7	9,3	17,7	5,4	3,8
14.08.2025 10:49:38	21,4	19,7	13,1	7,7	5,0	12,0	19,7	18,6	10,8	19,6	6,1	4,0
14.08.2025 10:49:44	21,1	21,0	17,1	10,0	4,8	11,0	18,4	18,3	13,9	18,4	7,7	3,9
14.08.2025 10:49:50	6,5	6,5	6,5	6,4	5,5	0,1	5,2	5,2	5,2	5,2	5,1	4,4
14.08.2025 10:49:56	12,4	12,3	9,9	7,0	4,8	5,3	11,2	11,1	8,2	11,2	5,5	3,9
14.08.2025 10:50:02	18,4	16,8	11,8	7,8	4,7	8,9	16,4	15,4	9,5	16,3	6,1	3,8
14.08.2025 10:50:08	18,4	16,4	9,4	6,8	5,4	9,7	18,6	17,2	8,3	18,5	5,4	4,3
14.08.2025 10:50:14	5,6	5,6	5,6	5,5	4,9	0,1	4,4	4,4	4,4	4,4	4,4	3,9
14.08.2025 10:50:20	55,3	13,4	10,7	6,9	4,4	6,5	37,3	20,3	8,8	12,2	5,4	3,6
14.08.2025 10:50:26	12,2	11,8	7,8	5,7	5,1	6,1	12,9	12,5	7,2	12,9	4,6	4,1
14.08.2025 10:50:32	12,4	12,3	9,9	7,2	5,0	5,1	11,3	11,2	8,3	11,3	5,7	4,0
14.08.2025 10:50:38	18,5	18,4	15,0	8,6	4,6	9,7	15,7	15,6	12,0	15,7	6,7	3,7
14.08.2025 10:50:44	17,6	15,8	9,6	6,5	4,6	9,3	17,5	16,3	8,5	17,3	5,2	3,7
14.08.2025 10:50:50	13,9	13,8	10,6	6,5	4,3	7,3	12,3	12,2	8,8	12,3	5,1	3,5
14.08.2025 10:50:56	11,2	11,2	9,5	6,7	5,0	4,5	9,7	9,6	7,7	9,7	5,3	4,0
14.08.2025 10:51:02	19,0	18,5	12,8	8,5	5,3	10,0	18,0	17,5	10,6	18,0	6,7	4,3
14.08.2025 10:51:08	47,9	22,1	8,8	7,0	5,0	15,1	40,4	29,3	7,8	27,6	5,5	4,1
14.08.2025 10:51:14	16,6	16,2	11,6	7,3	5,2	8,9	15,5	15,1	9,8	15,5	5,8	4,1
14.08.2025 10:51:20	12,1	12,1	9,6	6,3	4,3	5,7	11,0	10,9	7,9	11,0	5,0	3,5
14.08.2025 10:51:26	19,4	13,1	6,9	5,5	4,4	7,6	17,8	15,0	6,1	15,2	4,4	3,5
14.08.2025 10:51:32	19,3	18,9	15,1	9,3	4,7	9,6	16,2	15,8	11,7	16,2	7,3	3,8
14.08.2025 10:51:38	65,6	28,0	12,2	6,7	4,8	21,3	53,1	37,2	10,4	32,7	5,3	3,9
14.08.2025 10:51:44	25,9	20,9	8,5	6,4	5,0	14,5	25,9	22,7	7,4	25,5	5,1	4,1
14.08.2025 10:51:50	103,2	18,0	11,7	8,1	5,6	9,9	62,8	26,7	9,5	18,3	6,4	4,5
14.08.2025 10:51:56	15,8	14,1	9,5	6,0	3,6	8,1	14,4	13,3	7,8	14,3	4,7	2,9
14.08.2025 10:52:02	18,8	18,7	15,7	9,5	5,1	9,2	15,3	15,2	12,2	15,3	7,4	4,1
14.08.2025 10:52:08	15,2	15,1	13,0	8,1	4,7	7,1	12,7	12,6	10,2	12,7	6,3	3,8
14.08.2025 10:52:14	15,0	15,0	12,2	7,1	5,1	7,9	12,8	12,8	10,0	12,8	5,6	4,1
14.08.2025 10:52:20	13,7	13,7	12,8	8,7	5,4	5,0	10,6	10,6	9,9	10,6	6,8	4,3
14.08.2025 10:52:26	20,6	19,0	13,5	9,0	5,3	10,0	18,1	17,0	10,9	18,0	7,0	4,3
14.08.2025 10:52:32	58,5	16,6	14,2	9,1	5,1	7,5	39,4	22,5	11,5	14,3	7,1	4,1
14.08.2025 10:52:38	16,7	16,3	12,1	7,8	4,9	8,5	15,3	14,9	9,8	15,3	6,1	4,0
14.08.2025 10:52:44	23,5	20,2	10,1	6,3	4,7	13,9	23,0	20,8	8,7	22,8	5,0	3,8
14.08.2025 10:52:50	22,3	20,2	11,6	7,5	5,1	12,7	22,5	21,0	10,2	22,4	5,9	4,1
14.08.2025 10:52:56	18,8	18,3	14,2	9,9	5,7	8,4	16,9	16,4	11,4	16,9	7,7	4,6
14.08.2025 10:53:02	35,0	26,4	12,1	7,8	4,6	18,6	33,8	29,3	10,6	31,1	6,1	3,7
14.08.2025 10:53:08	14,5	14,5	13,2	9,4	5,4	5,1	11,8	11,8	10,5	11,8	7,3	4,3
14.08.2025 10:53:14	18,8	18,8	16,3	9,6	5,2	9,2	14,4	14,4	12,5	14,4	7,5	4,2
14.08.2025 10:53:20	17,2	16,8	12,2	8,3	5,3	8,5	16,6	16,2	10,5	16,6	6,5	4,3
14.08.2025 10:53:26	22,5	20,4	11,7	6,2	4,0	14,2	21,3	19,8	9,6	21,2	4,8	3,2
14.08.2025 10:53:32	26,3	24,6	16,8	9,0	4,8	15,6	23,3	22,2	13,6	23,2	7,0	3,9
14.08.2025 10:53:38	13,9	13,8	11,1	6,7	4,5	7,2	11,7	11,6	8,8	11,7	5,3	3,6
14.08.2025 10:53:44	17,5	17,5	15,0	8,0	3,8	9,5	14,0	13,9	11,7	14,0	6,2	3,1
14.08.2025 10:53:50	14,0	13,7	10,2	6,8	4,3	6,9	13,6	13,2	8,6	13,6	5,4	3,5
14.08.2025 10:53:56	15,6	15,1	11,0	8,1	4,9	7,0	14,4	14,0	8,9	14,4	6,4	3,9
14.08.2025 10:54:02	10,1	10,1	9,2	7,5	5,7	2,7	8,6	8,6	7,5	8,6	5,9	4,6
14.08.2025 10:54:08	17,1	16,9	11,4	6,9	5,4	9,9	18,1	17,8	10,5	18,1	5,5	4,3
14.08.2025 10:54:14	14,8	14,6	10,7	6,4	4,9	8,2	13,4	13,2	8,8	13,4	5,1	3,9
14.08.2025 10:54:20	15,5	15,5	12,8	7,5	5,2	8,0	13,2	13,2	10,4	13,2	6,0	4,2
14.08.2025 10:54:26	10,5	10,2	7,1	5,0	4,5	5,2	9,6	9,3	5,8	9,6	4,0	3,6
14.08.2025 10:54:32	20,9	14,7	8,6	5,2	4,2	9,5	17,9	15,2	7,1	15,4	4,1	3,4
14.08.2025 10:54:38	13,3	13,3	12,2	7,9	4,2	5,4	10,1	10,1	9,3	10,1	6,1	3,4
14.08.2025 10:54:44	18,0	15,9	8,5	6,8	5,1	9,1	18,7	17,1	7,6	18,5	5,4	4,1
14.08.2025 10:54:50	12,2	12,2	9,9	7,0	5,5	5,2	10,7	10,7	8,3	10,7	5,6	4,4
14.08.2025 10:54:56	6,6	6,6	6,6	6,3	5,5	0,3	5,2	5,2	5,2	5,2	5,1	4,4
14.08.2025 10:55:02	17,0	16,3	10,3	7,0	5,2	9,4	17,3	16,6	9,0	17,3	5,5	4,2
14.08.2025 10:55:08	31,4	23,6	14,0	10,0	5,5	13,6	27,6	23,8	11,4	24,9	7,8	4,5
14.08.2025 10:55:14	18,3	18,3	15,3	9,1	5,3	9,2	14,7	14,6	12,0	14,7	7,1	4,3
14.08.2025 10:55:20	6,7	6,7	6,7	6,3	5,0	0,4	5,3	5,3	5,3	5,3	5,0	4,0
14.08.2025 10:55:26	57,1	14,8	10,3	7,5	4,8	7,3	40,2	22,8	8,8	15,1	5,9	3,9
14.08.2025 10:55:32	17,0	17,0	15,6	9,8	5,2	7,2	13,0	13,0	11,9	13,0	7,6	4,2
14.08.2025 10:55:38	15,1	14,9	11,1	7,3	5,1	7,7	14,3	14,1	9,4	14,3	5,7	4,2
14.08.2025 10:55:44	71,9	29,9	14,6	8,1	4,8	21,7	55,5	38,1	11,7	32,6	6,4	3,9
14.08.2025 10:55:50	32,0	14,0	7,7	6,3	4,9	7,8	26,5	19,0	6,9	16,3	5,0	4,0
14.08.2025 10:55:56	15,4	15,1	10,6	6,9	5,4	8,2	14,7	14,3	9,1	14,7	5,5	4,3
14.08.2025 10:56:02	30,3	24,0	15,7	9,8	5,0	14,2	26,7	23,8	13,0	24,1	7,6	4,0
14.08.2025 10:56:08	57,5	14,6	7,4	6,0	5,0	8,5	42,5	24,5	6,7	17,4	4,8	4,0
14.08.2025 10:56:14	23,8	17,5	10,7	7,9	5,0	9,6	21,1	18,3	9,0	18,6	6,2	4,0
14.08.2025 10:56:20	17,7	16,0	11,0	7,1	4,4	8,9	15,2	14,1	8,7	15,1	5,6	3,6
14.08.2025 10:56:26	15,6	15,1	9,3	5,8	4,5	9,3	15,5	14,9	7,9	15,5	4,6	3,7
14.08.2025 10:56:32	17,6	17,1	10,8	6,9	4,3	10,2	18,0	17,4	9,3	18,0	5,4	3,4
14.08.2025 10:56:38	11,1	11,1	10,2	7,9	4,7	3,2	9,2	9,2	8,2	9,2	6,2	3,8
14.08.2025 10:56:44	9,9	9,9	8,8	6,2	3,8	3,7	8,3	8,3	7,1	8,3	4,8	3,0
14.08.2025 10:56:50	9,4	9,4	8,0	5,7	4,7	3,8	8,0	8,0	6,6	8,0	4,5	3,8
14.08.2025 10:56:56	11,8	11,7	9,1	6,4	4,9	5,3	10,8	10,7	7,6	10,8	5,1	3,9
14.08.2025 10:57:02	27,0	19,2	10,3	7,7	4,7	11,5	24,3	20,5	8,6	21,6	6,0	3,8
14.08.2025 10:57:08	19,9	18,2	11,8	6,7	4,6	11,5	18,2	17,1	9,9	18,0	5,3	3,7
14.08.2025 10:57:14	30,7	22,8	11,2	6,5	4,5	16,3	28,7	24,8	9,7	26,0	5,1	3,6
14.08.2025 10:57:20	15,6	15,5	13,0	7,6	4,3	7,9	12,9	12,8	10,2	12,9	6,0	3,4
14.08.2025 10:57:26	10,3	10,3	8,4	5,6	4,6	4,8	8,7	8,6	6,9	8,7	4,4	3,7
14.08.2025 10:57:32	10,0	10,0	9,7	7,5	5,1	2,5	7,8	7,8	7,6	7,8	6,0	4,1
14.08.2025 10:57:38	19,9	19,4	14,2	8,3	4,8	11,1	18,3	17,8	11,6	18,3	6,5	3,9
14.08.2025 10:57:44	4,9	4,9	4,9	4,8	4,2	0,0	3,9	3,9	3,9	3,9	3,9	3,4
14.08.2025 10:57:50	19,2	18,7	13,5	8,0	5,0	10,8	17,8	17,3	11,1	17,8	6,3	4,0
14.08.2025 10:57:56	7,2	7,2	7,1	6,4	4,1	0,8	5,6	5,6	5,6	5,6	5,0	3,3
14.08.2025 10:58:02	30,7	12,9	7,9	5,3	3,7	7,6	23,4	16,1	6,5	13,2	4,2	3,0
14.08.2025 10:58:08	5,8	5,8	5,8	5,7	4,8	0,1	4,6	4,6	4,6	4,6	4,5	3,8
14.08.2025 10:58:14	16,4	14,7	9,6	6,6	4,1	8,2	14,9	13,8	7,9	14,8	5,2	3,3
14.08.2025 10:58:20	18,1	17,7	13,5	8,3	4,6	9,4	16,6	16,2	11,1	16,6	6,5	3,7
14.08.2025 10:58:26	6,0	6,0	6,0	5,8	4,7	0,2	4,8	4,8	4,8	4,8	4,6	3,8
14.08.2025 10:58:32	16,1	16,1	14,0	8,6	4,7	7,5	13,0	13,0	11,1	13,0	6,7	3,8
14.08.2025 10:58:38	38,7	25,8	10,2	6,0	4,8	19,8	36,2	30,2	9,2	31,0	4,8	3,9
14.08.2025 10:58:44	12,2	12,2	11,3	7,3	4,2	4,9	9,4	9,4	8,7	9,4	5,7	3,4
14.08.2025 10:58:50	39,1	29,4	12,0	5,4	3,7	24,0	37,4	32,3	10,4	34,5	4,3	3,0
14.08.2025 10:58:56	17,0	16,9	13,0	7,0	4,7	10,0	14,7	14,5	10,5	14,7	5,5	3,8
14.08.2025 10:59:02	12,6	12,5	10,1	7,1	4,9	5,4	11,4	11,3	8,4	11,4	5,6	3,9
14.08.2025 10:59:08	25,3	18,7	9,2	5,0	4,0	13,7	23,3	20,2	8,0	20,7	4,0	3,2
14.08.2025 10:59:14	11,5	11,5	9,8	6,4	4,4	5,2	10,2	10,2	8,2	10,2	5,0	3,5
14.08.2025 10:59:20	40,0	27,2	13,4	7,9	4,9	19,3	36,4	30,6	11,7	31,3	6,2	3,9
14.08.2025 10:59:26	24,1	20,0	7,4	5,8	4,8	14,2	25,7	22,8	6,8	25,5	4,6	3,9
14.08.2025 10:59:32	28,1	21,9	14,1	7,6	4,9	14,3	23,3	20,6	11,2	20,8	5,9	3,9
14.08.2025 10:59:38	20,1	19,8	15,2	8,7	5,0	11,1	18,2	17,8	12,4	18,2	6,8	4,0
14.08.2025 10:59:44	9,1	9,1	8,1	6,0	4,7	3,1	7,1	7,1	6,3	7,1	4,7	3,8
14.08.2025 10:59:50	16,7	16,6	12,8	7,0	4,3	9,7	15,1	15,0	10,6	15,1	5,5	3,5
14.08.2025 10:59:56	25,2	18,7	11,1	7,8	4,9	10,9	22,0	18,9	8,9	19,5	6,1	4,0
14.08.2025 11:00:02	15,6	15,2	10,5	6,8	4,7	8,4	15,2	14,7	8,9	15,2	5,4	3,8
14.08.2025 11:00:08	19,3	17,7	13,4	9,4	4,5	8,2	16,4	15,4	10,5	16,3	7,3	3,7
14.08.2025 11:00:14	19,2	17,5	12,4	8,1	4,7	9,4	17,0	15,9	10,0	16,9	6,4	3,8
14.08.2025 11:00:20	13,9	13,9	11,8	7,8	5,1	6,1	12,0	12,0	9,7	12,0	6,1	4,1
14.08.2025 11:00:26	11,7	11,7	10,6	7,4	4,7	4,3	9,7	9,7	8,5	9,7	5,8	3,8
14.08.2025 11:00:32	9,1	9,1	8,2	6,2	5,0	2,9	7,1	7,1	6,5	7,1	5,0	4,0
14.08.2025 11:00:38	6,1	6,1	6,1	5,8	4,5	0,3	4,8	4,8	4,8	4,8	4,6	3,6
14.08.2025 11:00:44	12,2	12,2	9,9	7,0	4,6	5,2	12,0	12,0	8,9	12,0	5,5	3,7
14.08.2025 11:00:50	18,8	18,4	14,2	9,4	4,5	9,0	16,9	16,4	11,3	16,9	7,3	3,6
14.08.2025 11:00:56	13,9	13,9	11,6	7,0	4,3	6,9	11,9	11,9	9,5	11,9	5,5	3,4
14.08.2025 11:01:02	39,2	20,9	12,3	7,3	4,4	13,6	31,6	23,8	9,9	21,4	5,7	3,6
14.08.2025 11:01:08	12,3	12,2	10,1	6,9	3,9	5,2	10,4	10,3	8,0	10,4	5,4	3,1
14.08.2025 11:01:14	22,5	16,2	9,2	6,0	3,8	10,2	20,1	17,3	7,8	17,6	4,7	3,1
14.08.2025 11:01:20	7,0	7,0	6,6	4,9	3,6	2,1	5,4	5,4	5,1	5,4	3,9	2,9
14.08.2025 11:01:26	23,0	22,2	15,8	9,5	4,6	12,7	21,5	20,6	12,7	21,5	7,4	3,7
14.08.2025 11:01:32	22,6	19,3	10,0	5,9	4,2	13,4	21,3	19,2	8,4	21,0	4,7	3,4
14.08.2025 11:01:38	19,0	19,0	17,2	10,3	5,0	8,7	14,5	14,5	13,1	14,5	8,0	4,0
14.08.2025 11:01:44	17,5	17,2	13,0	7,8	4,7	9,4	16,2	15,8	10,8	16,2	6,1	3,8
14.08.2025 11:01:50	26,7	20,0	10,8	7,9	4,8	12,1	25,2	21,9	9,2	22,6	6,2	3,8
14.08.2025 11:01:56	19,1	17,0	9,3	6,4	4,8	10,6	18,8	17,3	7,9	18,7	5,1	3,9
14.08.2025 11:02:02	25,1	24,5	16,8	9,1	4,6	15,4	24,3	23,6	14,0	24,3	7,1	3,7
14.08.2025 11:02:08	25,4	23,0	13,7	9,0	4,8	14,1	24,6	22,9	11,4	24,5	7,0	3,9
14.08.2025 11:02:14	60,8	17,4	11,3	7,0	5,1	10,3	42,2	24,3	9,3	17,0	5,6	4,1
14.08.2025 11:02:20	17,9	16,3	11,5	7,7	4,2	8,6	15,4	14,3	9,0	15,2	6,0	3,4
14.08.2025 11:02:26	37,6	18,1	9,1	6,0	4,2	12,1	30,9	22,6	7,9	20,6	4,7	3,4
14.08.2025 11:02:32	10,5	10,5	8,7	5,0	3,1	5,5	8,0	8,0	6,7	8,0	3,9	2,5
14.08.2025 11:02:38	4,8	4,8	4,8	4,8	4,7	0,0	3,8	3,8	3,8	3,8	3,8	3,8
14.08.2025 11:02:44	24,2	17,9	12,0	7,5	3,7	10,5	19,6	16,9	9,3	17,1	5,8	2,9
14.08.2025 11:02:50	9,1	9,1	8,1	5,7	4,3	3,4	7,1	7,1	6,3	7,1	4,5	3,5
14.08.2025 11:02:56	19,6	19,4	15,1	8,8	4,7	10,7	18,3	18,1	12,6	18,3	6,8	3,8
14.08.2025 11:03:02	19,2	18,6	11,2	6,9	5,0	11,7	20,5	19,8	10,1	20,5	5,5	4,0
14.08.2025 11:03:08	12,4	12,3	8,6	5,4	4,3	6,9	12,3	12,1	7,4	12,3	4,3	3,5
14.08.2025 11:03:14	9,9	9,9	8,5	5,6	3,5	4,3	9,0	8,9	7,1	9,0	4,4	2,9
14.08.2025 11:03:20	48,6	22,8	9,4	7,4	4,9	15,4	40,9	29,8	8,2	28,1	5,8	4,0
14.08.2025 11:03:26	15,2	15,2	13,6	8,7	5,2	6,4	12,3	12,3	10,8	12,3	6,8	4,2
14.08.2025 11:03:32	11,8	11,8	10,8	7,6	4,2	4,2	9,7	9,7	8,6	9,7	5,9	3,4
14.08.2025 11:03:38	11,6	11,6	10,0	6,4	4,8	5,2	9,6	9,6	8,1	9,6	5,1	3,9
14.08.2025 11:03:44	17,2	17,2	15,0	8,6	4,4	8,6	13,8	13,8	11,8	13,8	6,7	3,6
14.08.2025 11:03:50	62,4	20,4	15,5	9,1	5,1	11,3	43,7	26,6	12,7	18,6	7,1	4,1
14.08.2025 11:03:56	12,1	12,0	8,5	4,7	3,9	7,3	11,6	11,5	7,4	11,6	3,8	3,2
14.08.2025 11:04:02	25,8	19,2	10,8	6,7	4,4	12,5	23,1	20,0	8,9	20,5	5,3	3,6
14.08.2025 11:04:08	13,6	13,6	10,9	6,1	4,7	7,5	11,1	11,1	8,7	11,1	4,8	3,8
14.08.2025 11:04:14	7,1	7,1	7,1	6,7	5,0	0,4	5,6	5,6	5,6	5,6	5,3	4,1
14.08.2025 11:04:20	17,5	15,8	10,6	6,8	4,4	9,0	15,7	14,7	8,6	15,6	5,4	3,6
14.08.2025 11:04:26	10,3	10,2	8,9	6,7	4,4	3,5	9,0	8,9	7,2	9,0	5,3	3,5
14.08.2025 11:04:32	12,0	12,0	9,7	5,6	3,7	6,4	9,8	9,8	7,8	9,8	4,4	3,0
14.08.2025 11:04:38	13,9	13,6	9,3	5,5	4,1	8,1	12,2	11,8	7,4	12,2	4,4	3,3
14.08.2025 11:04:44	8,9	8,9	8,2	6,3	4,6	2,6	6,9	6,9	6,4	6,9	5,0	3,7
14.08.2025 11:04:50	13,9	13,5	10,3	7,3	5,0	6,3	12,8	12,5	8,5	12,8	5,7	4,0
14.08.2025 11:04:56	6,0	6,0	6,0	5,8	4,7	0,2	4,8	4,8	4,8	4,8	4,6	3,8
14.08.2025 11:05:02	21,6	15,4	8,8	5,7	4,4	9,6	19,1	16,3	7,6	16,5	4,6	3,5
14.08.2025 11:05:08	37,4	18,8	9,4	6,8	5,5	12,0	31,9	23,7	8,1	21,7	5,4	4,5
14.08.2025 11:05:14	41,3	22,5	11,0	6,8	4,3	15,7	37,0	28,7	10,0	26,8	5,4	3,5
14.08.2025 11:05:20	13,6	13,2	9,5	6,1	4,1	7,1	12,5	12,1	7,8	12,5	4,8	3,3
14.08.2025 11:05:26	13,0	12,7	9,3	6,2	4,3	6,4	11,5	11,1	7,4	11,5	4,9	3,5
14.08.2025 11:05:32	12,1	12,1	11,0	7,3	5,0	4,8	9,3	9,3	8,5	9,3	5,7	4,0
14.08.2025 11:05:38	6,8	6,8	6,8	6,5	4,4	0,4	5,4	5,4	5,4	5,4	5,1	3,5
14.08.2025 11:05:44	10,7	10,7	9,4	5,7	3,8	5,1	8,3	8,2	7,2	8,3	4,5	3,1
14.08.2025 11:05:50	9,5	9,5	8,2	5,3	3,4	4,3	8,0	8,0	6,6	8,0	4,1	2,8
14.08.2025 11:05:56	13,2	13,2	12,0	7,4	3,9	5,9	10,1	10,1	9,2	10,1	5,8	3,2
14.08.2025 11:06:02	45,3	20,9	9,6	6,3	4,1	14,6	37,2	26,8	8,1	24,5	5,0	3,3
14.08.2025 11:06:08	57,5	15,6	11,9	6,7	4,3	8,9	39,6	22,6	10,0	14,6	5,3	3,5
14.08.2025 11:06:14	17,0	16,8	11,3	6,2	4,2	10,6	16,7	16,4	9,7	16,7	4,9	3,4
14.08.2025 11:06:20	27,1	20,7	12,9	8,2	5,0	12,5	24,0	21,1	10,5	21,4	6,4	4,0
14.08.2025 11:06:26	4,6	4,6	4,6	4,5	4,1	0,1	3,7	3,7	3,7	3,7	3,6	3,3
14.08.2025 11:06:32	9,0	8,9	6,5	4,3	3,6	4,6	9,3	9,2	5,9	9,3	3,5	2,9
14.08.2025 11:06:38	11,7	11,7	10,9	7,2	4,1	4,5	9,0	9,0	8,4	9,0	5,6	3,3
14.08.2025 11:06:44	29,9	12,0	8,0	5,5	3,2	6,6	22,0	14,8	6,2	11,9	4,3	2,6
14.08.2025 11:06:50	14,8	14,4	11,1	7,6	4,0	6,8	12,8	12,4	8,7	12,8	5,9	3,2
14.08.2025 11:06:56	10,2	10,2	8,9	6,1	4,0	4,1	7,9	7,8	6,9	7,9	4,8	3,2
14.08.2025 11:07:02	15,8	15,4	11,6	7,5	4,6	7,9	14,9	14,5	9,8	14,9	5,9	3,7
14.08.2025 11:07:08	12,4	12,4	10,6	6,7	4,2	5,8	10,2	10,2	8,5	10,2	5,2	3,4
14.08.2025 11:07:14	8,5	8,5	7,4	5,2	4,2	3,3	6,6	6,6	5,8	6,6	4,1	3,4
14.08.2025 11:07:20	14,9	14,9	12,9	7,7	4,0	7,2	12,0	12,0	10,2	12,0	6,0	3,3
14.08.2025 11:07:26	55,1	13,3	11,9	7,8	4,4	5,5	35,5	18,7	9,2	10,5	6,1	3,6
14.08.2025 11:07:32	32,2	14,3	8,8	5,0	3,4	9,3	23,8	16,5	6,9	13,6	3,9	2,7
14.08.2025 11:07:38	12,6	12,4	9,5	6,5	4,0	6,0	11,7	11,5	7,9	11,7	5,1	3,2
14.08.2025 11:07:44	4,8	4,8	4,8	4,7	4,2	0,1	3,8	3,8	3,8	3,8	3,8	3,4
14.08.2025 11:07:50	11,8	11,8	10,3	7,2	4,7	4,6	9,7	9,7	8,2	9,7	5,7	3,8
14.08.2025 11:07:56	20,1	19,4	13,0	7,2	4,2	12,2	19,6	18,8	10,9	19,6	5,7	3,4
14.08.2025 11:08:02	15,8	15,5	11,5	7,2	4,6	8,3	14,9	14,5	9,7	14,9	5,7	3,7
14.08.2025 11:08:08	15,2	15,1	10,8	6,1	4,0	8,9	15,0	14,8	9,4	15,0	4,9	3,3
14.08.2025 11:08:14	21,9	15,6	10,2	7,5	5,1	8,1	18,0	15,3	8,1	15,4	5,9	4,1
14.08.2025 11:08:20	25,4	18,3	7,2	5,5	3,8	12,8	25,6	22,0	6,6	23,0	4,3	3,1
14.08.2025 11:08:26	17,4	17,4	16,2	10,5	4,3	6,9	13,2	13,2	12,4	13,2	8,1	3,5
14.08.2025 11:08:32	31,6	13,7	7,9	5,7	4,3	8,0	25,1	17,7	6,7	14,9	4,5	3,5
14.08.2025 11:08:38	11,4	11,0	7,2	5,3	4,6	5,7	11,3	10,9	6,1	11,3	4,2	3,7
14.08.2025 11:08:44	16,1	15,7	11,7	7,1	4,1	8,6	14,4	14,0	9,5	14,4	5,5	3,3
14.08.2025 11:08:50	11,4	11,4	10,3	6,8	3,9	4,6	8,8	8,8	8,0	8,8	5,3	3,2
14.08.2025 11:08:56	25,7	19,1	11,0	6,3	3,5	12,8	22,3	19,2	8,8	19,7	4,9	2,9
14.08.2025 11:09:02	22,1	15,9	10,2	7,1	4,3	8,8	18,8	16,1	8,3	16,3	5,6	3,5
14.08.2025 11:09:08	12,2	12,1	10,4	7,2	4,6	4,9	10,4	10,3	8,3	10,4	5,7	3,7
14.08.2025 11:09:14	13,7	13,7	11,1	7,1	4,5	6,6	12,5	12,4	9,5	12,5	5,6	3,6
14.08.2025 11:09:20	13,0	12,9	10,1	6,7	3,8	6,2	12,0	11,8	8,3	12,0	5,2	3,1
14.08.2025 11:09:26	8,1	8,0	6,0	4,0	3,2	4,0	7,2	7,1	5,0	7,2	3,2	2,6
14.08.2025 11:09:32	8,1	8,1	5,8	3,4	3,1	4,7	8,2	8,2	5,4	8,2	2,8	2,5
14.08.2025 11:09:38	16,6	16,2	12,0	7,2	4,4	9,0	15,4	15,0	10,0	15,4	5,6	3,6
14.08.2025 11:09:44	11,2	10,9	7,4	5,2	4,0	5,6	10,8	10,4	6,3	10,8	4,2	3,2
14.08.2025 11:09:50	35,7	17,9	12,5	7,4	4,0	10,5	27,1	19,8	9,9	17,0	5,7	3,3
14.08.2025 11:09:56	10,0	9,9	8,3	5,6	3,1	4,3	8,7	8,6	6,6	8,7	4,4	2,5
14.08.2025 11:10:02	91,4	12,1	8,4	5,0	3,6	7,1	53,6	19,9	7,0	11,7	4,0	2,9
14.08.2025 11:10:08	14,4	14,4	12,3	7,7	4,3	6,7	11,0	11,0	9,5	11,0	6,0	3,5
14.08.2025 11:10:14	18,7	17,9	12,0	7,0	4,2	11,0	17,9	17,1	9,9	17,9	5,5	3,4
14.08.2025 11:10:20	14,2	14,2	12,4	7,3	4,4	6,9	10,8	10,8	9,5	10,8	5,7	3,5
14.08.2025 11:10:26	10,0	10,0	8,8	6,0	4,2	3,9	7,7	7,7	6,8	7,7	4,7	3,4
14.08.2025 11:10:32	12,5	12,4	10,2	6,7	4,4	5,8	10,6	10,6	8,1	10,6	5,3	3,6
14.08.2025 11:10:38	4,3	4,3	4,3	4,2	3,8	0,1	3,5	3,5	3,5	3,5	3,4	3,0
14.08.2025 11:10:44	7,0	7,0	7,0	6,5	4,7	0,5	5,5	5,5	5,5	5,5	5,2	3,8
14.08.2025 11:10:50	32,2	14,3	9,9	6,6	4,1	7,7	23,8	16,5	7,7	13,6	5,2	3,3
14.08.2025 11:10:56	33,9	15,6	8,3	6,1	4,2	9,5	27,7	19,9	6,9	17,5	4,8	3,4
14.08.2025 11:11:02	27,4	19,5	9,4	6,0	4,1	13,5	24,9	21,0	7,8	22,2	4,7	3,3
14.08.2025 11:11:08	15,8	15,8	14,0	8,9	4,6	7,0	12,8	12,7	11,0	12,8	6,9	3,7
14.08.2025 11:11:14	4,4	4,4	4,4	4,3	3,5	0,1	3,5	3,5	3,5	3,5	3,4	2,8
14.08.2025 11:11:20	9,0	9,0	7,6	4,8	3,3	4,3	7,6	7,6	6,2	7,6	3,8	2,6
14.08.2025 11:11:26	14,2	13,8	9,4	5,3	3,7	8,5	13,7	13,3	8,0	13,7	4,2	3,0
14.08.2025 11:11:32	16,9	14,9	8,7	6,3	4,3	8,5	16,1	14,7	7,2	16,0	5,0	3,5
14.08.2025 11:11:38	13,1	13,0	10,6	6,5	4,4	6,5	11,1	11,0	8,4	11,1	5,2	3,6
14.08.2025 11:11:44	13,0	12,9	10,2	6,1	4,2	6,8	11,6	11,5	8,4	11,6	4,8	3,4
14.08.2025 11:11:50	8,7	8,7	7,8	6,0	4,2	2,7	7,4	7,4	6,4	7,4	4,7	3,4
14.08.2025 11:11:56	11,7	11,3	7,5	5,7	3,8	5,6	12,2	11,7	6,6	12,2	4,5	3,1
14.08.2025 11:12:02	12,5	12,5	11,1	7,4	3,8	5,0	10,2	10,2	8,8	10,2	5,8	3,1
14.08.2025 11:12:08	5,0	5,0	5,0	4,9	4,0	0,1	4,0	4,0	4,0	4,0	3,9	3,2
14.08.2025 11:12:14	9,2	9,2	8,0	6,0	4,7	3,2	7,8	7,8	6,6	7,8	4,8	3,8
14.08.2025 11:12:20	11,5	11,4	8,8	6,4	4,1	5,0	10,9	10,7	7,3	10,9	5,0	3,3
14.08.2025 11:12:26	24,5	16,6	6,9	4,6	3,8	12,0	22,7	18,9	5,9	20,0	3,7	3,1
14.08.2025 11:12:32	17,8	17,8	15,2	9,0	4,5	8,9	14,2	14,2	11,9	14,2	7,0	3,6
14.08.2025 11:12:38	10,5	10,4	8,4	6,3	4,1	4,1	9,7	9,6	7,0	9,7	4,9	3,3
14.08.2025 11:12:44	14,3	14,3	11,7	6,9	3,8	7,4	12,2	12,2	9,6	12,2	5,4	3,0
14.08.2025 11:12:50	15,1	15,1	12,9	7,7	3,7	7,4	12,6	12,5	10,1	12,6	5,9	3,0
14.08.2025 11:12:56	10,0	10,0	9,1	5,7	3,5	4,2	7,6	7,6	7,0	7,6	4,5	2,8
14.08.2025 11:13:02	23,9	21,9	14,6	9,3	4,5	12,7	22,0	20,6	11,8	21,9	7,2	3,6
14.08.2025 11:13:08	22,8	16,5	10,3	7,3	4,8	9,1	19,7	16,9	8,4	17,1	5,8	3,8
14.08.2025 11:13:14	16,7	16,0	11,1	7,3	4,5	8,6	15,7	15,0	8,9	15,7	5,7	3,6
14.08.2025 11:13:20	4,9	4,9	4,9	4,8	3,8	0,1	3,9	3,9	3,9	3,9	3,8	3,1
14.08.2025 11:13:26	14,1	14,0	10,7	6,1	4,1	7,9	11,8	11,7	8,5	11,8	4,8	3,3
14.08.2025 11:13:32	13,3	13,3	12,4	8,5	4,4	4,8	10,2	10,2	9,5	10,2	6,6	3,5
14.08.2025 11:13:38	22,3	20,7	15,2	8,9	4,0	11,7	18,6	17,6	11,8	18,5	6,9	3,2
14.08.2025 11:13:44	9,7	9,7	9,2	6,6	3,8	3,1	7,4	7,4	7,1	7,4	5,2	3,1
14.08.2025 11:13:50	9,7	9,6	7,0	4,4	3,4	5,2	9,1	9,0	6,0	9,1	3,5	2,8
14.08.2025 11:13:56	4,2	4,2	4,2	4,2	3,5	0,1	3,3	3,3	3,3	3,3	3,3	2,8
14.08.2025 11:14:02	11,9	11,9	10,7	7,0	4,0	4,9	9,8	9,8	8,5	9,8	5,5	3,2
14.08.2025 11:14:08	19,2	17,6	12,5	7,6	4,2	9,9	16,3	15,3	9,7	16,2	5,9	3,4
14.08.2025 11:14:14	5,3	5,3	5,3	5,2	4,4	0,2	4,3	4,3	4,2	4,3	4,1	3,6
14.08.2025 11:14:20	9,1	9,0	6,5	4,3	3,2	4,7	9,3	9,2	5,9	9,3	3,5	2,6
14.08.2025 11:14:26	12,1	12,1	11,0	7,2	4,1	4,8	9,3	9,2	8,5	9,3	5,6	3,3
14.08.2025 11:14:32	11,2	11,2	9,8	6,3	3,7	4,9	9,3	9,2	7,8	9,3	4,9	3,0
14.08.2025 11:14:38	16,6	16,6	14,7	7,8	3,5	8,9	12,6	12,6	11,2	12,6	6,0	2,8
14.08.2025 11:14:44	11,5	11,5	9,2	5,9	3,9	5,5	9,9	9,8	7,4	9,9	4,7	3,2
14.08.2025 11:14:50	8,5	8,4	7,0	5,3	4,1	3,1	7,6	7,5	5,7	7,6	4,2	3,3
14.08.2025 11:14:56	21,2	14,9	7,7	4,5	3,2	10,4	19,1	16,3	6,6	16,5	3,6	2,6
14.08.2025 11:15:02	12,3	12,3	10,6	6,1	4,0	6,2	9,4	9,4	8,1	9,4	4,8	3,2
14.08.2025 11:15:08	4,3	4,3	4,3	4,2	3,6	0,1	3,5	3,5	3,5	3,5	3,4	2,9
14.08.2025 11:15:14	6,9	6,9	6,9	6,2	3,9	0,7	5,4	5,4	5,4	5,4	4,9	3,1
14.08.2025 11:15:20	5,7	5,7	5,3	4,2	3,5	1,6	4,5	4,5	4,2	4,5	3,3	2,8
14.08.2025 11:15:26	11,9	11,6	6,6	4,8	4,1	6,8	13,9	13,5	6,4	13,9	3,8	3,3
14.08.2025 11:15:32	12,4	12,4	11,4	7,7	4,5	4,7	9,5	9,5	8,7	9,5	6,0	3,6
14.08.2025 11:15:38	12,0	12,0	9,9	5,4	3,7	6,6	9,2	9,2	7,6	9,2	4,3	3,0
14.08.2025 11:15:44	17,9	11,7	6,9	5,6	4,2	6,1	15,0	12,3	5,5	12,4	4,4	3,4
14.08.2025 11:15:50	8,3	8,3	8,0	6,0	3,8	2,3	6,4	6,4	6,2	6,4	4,7	3,1
14.08.2025 11:15:56	5,9	5,9	5,8	5,3	3,3	0,5	4,6	4,6	4,6	4,6	4,2	2,7
14.08.2025 11:16:02	19,7	13,4	7,3	5,0	3,4	8,4	17,6	14,9	6,4	15,0	4,0	2,8
14.08.2025 11:16:08	18,1	17,0	9,2	5,1	3,9	11,9	18,3	17,1	7,7	18,3	4,1	3,2
14.08.2025 11:16:14	6,2	6,2	6,2	5,8	4,2	0,3	4,9	4,9	4,9	4,9	4,6	3,4
14.08.2025 11:16:20	87,5	8,4	6,6	4,7	3,8	3,7	49,5	16,1	5,4	7,6	3,8	3,0
14.08.2025 11:16:26	30,6	12,7	6,5	4,8	4,0	7,9	25,6	18,2	6,2	15,5	3,8	3,2
14.08.2025 11:16:32	9,9	9,9	8,2	5,4	3,0	4,4	8,6	8,5	6,5	8,6	4,2	2,4
14.08.2025 11:16:38	14,0	12,3	6,8	4,5	3,4	7,8	13,4	12,3	5,7	13,3	3,6	2,8
14.08.2025 11:16:44	10,5	10,4	7,3	5,0	3,5	5,3	10,8	10,6	6,4	10,8	4,0	2,8
14.08.2025 11:16:50	7,5	7,4	5,5	4,0	3,4	3,4	7,5	7,4	4,9	7,5	3,2	2,7
14.08.2025 11:16:56	11,5	11,5	9,5	5,3	3,7	6,3	9,5	9,5	7,6	9,5	4,2	3,0
14.08.2025 11:17:02	12,5	12,5	10,9	7,1	4,6	5,3	10,2	10,2	8,7	10,2	5,6	3,7
14.08.2025 11:17:08	51,4	9,5	7,6	5,5	3,6	4,1	33,8	16,8	6,1	8,7	4,3	2,9
14.08.2025 11:17:14	12,4	12,4	10,0	5,6	3,9	6,8	10,8	10,8	8,3	10,8	4,4	3,2
14.08.2025 11:17:20	13,7	13,3	8,9	5,6	4,1	7,7	13,7	13,2	7,6	13,7	4,4	3,3
14.08.2025 11:17:26	5,6	5,6	5,6	5,4	4,2	0,2	4,5	4,5	4,5	4,5	4,3	3,4
14.08.2025 11:17:32	10,4	9,9	6,6	5,6	4,3	4,4	10,5	10,1	5,6	10,5	4,4	3,4
14.08.2025 11:17:38	19,8	13,5	7,4	5,0	4,0	8,5	17,4	14,6	6,1	14,9	4,0	3,2
14.08.2025 11:17:44	9,5	9,4	7,3	5,0	3,8	4,4	9,0	8,9	6,2	9,0	4,0	3,0
14.08.2025 11:17:50	17,3	15,5	8,7	4,9	3,1	10,6	16,9	15,7	7,4	16,8	3,9	2,5
14.08.2025 11:17:56	16,8	15,1	10,6	6,2	3,2	8,9	14,4	13,4	8,3	14,3	4,9	2,6
14.08.2025 11:18:02	10,7	10,3	7,6	5,6	3,1	4,7	10,3	9,9	6,3	10,3	4,4	2,5
14.08.2025 11:18:08	7,6	7,5	5,7	3,8	3,3	3,7	6,9	6,8	4,7	6,9	3,1	2,7
14.08.2025 11:18:14	5,4	5,4	5,4	4,9	3,9	0,5	4,3	4,3	4,3	4,3	3,9	3,1
14.08.2025 11:18:20	10,7	10,7	9,1	5,6	3,5	5,2	8,9	8,9	7,3	8,9	4,4	2,8
14.08.2025 11:18:26	31,0	13,2	8,6	5,1	3,5	8,0	22,9	15,6	6,7	12,8	4,0	2,9
14.08.2025 11:18:32	9,7	9,7	8,7	6,0	3,8	3,7	7,5	7,5	6,7	7,5	4,7	3,1
14.08.2025 11:18:38	10,5	10,5	8,6	5,5	3,7	4,9	9,1	9,0	6,9	9,1	4,4	3,0
14.08.2025 11:18:44	9,3	9,3	8,4	6,4	4,1	2,9	7,8	7,8	6,8	7,8	5,0	3,3
14.08.2025 11:18:50	14,2	14,2	12,2	7,5	3,6	6,7	12,2	12,1	9,9	12,2	5,9	2,9
14.08.2025 11:18:56	9,0	9,0	7,9	6,2	4,5	2,8	7,6	7,6	6,5	7,6	4,9	3,7
14.08.2025 11:19:02	19,9	13,7	8,0	5,4	3,9	8,4	17,2	14,5	6,6	14,6	4,3	3,1
14.08.2025 11:19:08	9,5	9,5	8,8	6,3	4,0	3,3	7,4	7,4	6,8	7,4	4,9	3,2
14.08.2025 11:19:14	11,1	10,9	6,9	4,8	3,9	6,1	11,6	11,3	6,1	11,6	3,8	3,1
14.08.2025 11:19:20	12,7	12,6	10,5	6,6	3,9	6,0	10,8	10,7	8,3	10,8	5,2	3,1
14.08.2025 11:19:26	11,5	11,5	10,1	6,5	4,1	4,9	9,5	9,4	8,1	9,5	5,1	3,3
14.08.2025 11:19:32	16,3	14,6	8,8	5,6	3,6	9,0	15,8	14,7	7,5	15,7	4,4	2,9
14.08.2025 11:19:38	90,3	11,3	9,2	6,2	3,1	5,1	51,6	18,2	7,4	9,7	4,8	2,5
14.08.2025 11:19:44	8,3	8,2	6,6	5,0	3,5	3,2	7,4	7,3	5,4	7,4	4,0	2,9
14.08.2025 11:19:50	12,0	11,9	9,1	5,8	3,9	6,1	10,2	10,1	7,3	10,2	4,5	3,1
14.08.2025 11:19:56	12,7	12,6	10,6	6,9	4,2	5,7	10,7	10,7	8,4	10,7	5,4	3,4
14.08.2025 11:20:02	9,0	9,0	8,3	6,5	4,1	2,4	6,9	6,9	6,5	6,9	5,1	3,3
14.08.2025 11:20:08	7,8	7,8	7,2	5,0	3,8	2,9	6,1	6,1	5,6	6,1	3,9	3,0
14.08.2025 11:20:14	8,6	8,6	8,0	6,4	3,7	2,2	7,3	7,2	6,5	7,3	5,0	3,0
14.08.2025 11:20:20	8,9	8,9	7,8	5,5	3,1	3,5	7,5	7,5	6,3	7,5	4,3	2,5
14.08.2025 11:20:26	3,5	3,5	3,5	3,5	3,0	0,1	2,8	2,8	2,8	2,8	2,8	2,4
14.08.2025 11:20:32	13,7	13,7	10,8	6,2	3,2	7,5	13,0	13,0	9,4	13,0	4,8	2,6
14.08.2025 11:20:38	10,1	10,1	9,0	5,9	3,8	4,2	7,8	7,8	7,0	7,8	4,6	3,0
14.08.2025 11:20:44	12,1	12,0	8,9	5,7	3,6	6,2	11,3	11,1	7,4	11,3	4,5	2,9
14.08.2025 11:20:50	4,9	4,9	4,9	4,7	3,4	0,3	3,9	3,9	3,9	3,9	3,7	2,8
14.08.2025 11:20:56	20,6	14,3	7,8	4,6	2,9	9,7	18,0	15,2	6,4	15,4	3,6	2,4
14.08.2025 11:21:02	9,2	9,2	8,4	5,8	3,6	3,4	7,0	7,0	6,5	7,0	4,5	2,9
14.08.2025 11:21:08	5,3	5,3	5,3	5,0	3,9	0,3	4,2	4,2	4,2	4,2	4,0	3,2
14.08.2025 11:21:14	11,9	11,6	8,7	6,5	4,3	5,1	11,3	10,9	7,2	11,3	5,1	3,5
14.08.2025 11:21:20	6,9	6,9	6,0	4,1	3,7	2,8	5,4	5,4	4,7	5,4	3,3	3,0
14.08.2025 11:21:26	14,0	12,3	6,9	4,8	3,4	7,5	13,4	12,3	5,8	13,3	3,8	2,7
14.08.2025 11:21:32	3,6	3,6	3,6	3,5	2,9	0,1	2,8	2,8	2,8	2,8	2,8	2,3
14.08.2025 11:21:38	8,9	8,9	8,2	6,2	4,1	2,7	6,9	6,9	6,3	6,9	4,9	3,3
14.08.2025 11:21:44	8,2	8,2	7,9	6,3	4,0	1,9	6,4	6,4	6,2	6,4	4,9	3,2
14.08.2025 11:21:50	11,1	10,9	8,2	5,9	3,6	5,0	10,5	10,4	6,8	10,5	4,6	2,9
14.08.2025 11:21:56	11,0	11,0	9,1	6,2	4,6	4,8	9,8	9,8	7,7	9,8	4,9	3,7
14.08.2025 11:22:02	11,6	11,5	9,8	6,7	4,2	4,8	9,9	9,8	7,8	9,9	5,3	3,4
14.08.2025 11:22:08	17,0	16,7	12,3	7,2	3,7	9,5	15,1	14,7	9,9	15,1	5,6	3,0
14.08.2025 11:22:14	20,6	14,3	8,8	5,2	3,6	9,1	17,0	14,2	6,9	14,4	4,1	2,9
14.08.2025 11:22:20	11,8	11,8	10,1	6,6	3,4	5,2	10,1	10,0	8,0	10,1	5,1	2,7
14.08.2025 11:22:26	14,9	12,9	6,7	5,0	3,5	7,9	14,5	13,1	5,6	14,4	4,0	2,8
14.08.2025 11:22:32	12,6	12,4	9,5	6,5	3,5	6,0	11,7	11,5	7,8	11,7	5,0	2,8
14.08.2025 11:22:38	9,7	9,7	8,6	5,9	3,9	3,7	7,4	7,4	6,7	7,4	4,7	3,2
14.08.2025 11:22:44	14,8	14,5	10,7	6,6	4,0	7,9	13,5	13,1	8,7	13,5	5,2	3,2
14.08.2025 11:22:50	16,6	16,6	15,1	9,1	4,4	7,4	12,7	12,7	11,5	12,7	7,1	3,6
14.08.2025 11:22:56	14,1	12,4	7,9	5,5	3,9	7,0	12,5	11,4	6,3	12,4	4,3	3,1
14.08.2025 11:23:02	7,7	7,7	6,7	4,7	3,6	3,0	6,0	6,0	5,2	6,0	3,7	2,9
14.08.2025 11:23:08	3,6	3,6	3,6	3,6	3,6	0,0	2,9	2,9	2,9	2,9	2,9	2,9
14.08.2025 11:23:14	11,8	11,8	10,4	6,4	3,8	5,3	9,0	9,0	8,0	9,0	5,0	3,0
14.08.2025 11:23:20	7,9	7,9	7,7	6,5	4,2	1,3	6,1	6,1	6,0	6,1	5,1	3,4
14.08.2025 11:23:26	8,2	8,2	7,8	6,2	4,4	2,0	6,4	6,4	6,1	6,4	4,9	3,5
14.08.2025 11:23:32	9,3	9,2	7,5	5,6	3,9	3,6	8,2	8,1	6,1	8,2	4,4	3,2
14.08.2025 11:23:38	11,2	11,1	9,0	6,0	4,1	5,1	9,6	9,5	7,2	9,6	4,7	3,3
14.08.2025 11:23:44	3,7	3,7	3,7	3,6	2,9	0,1	3,0	3,0	3,0	3,0	2,9	2,3
14.08.2025 11:23:50	4,7	4,7	4,7	4,5	3,3	0,2	3,7	3,7	3,7	3,7	3,6	2,6
14.08.2025 11:23:56	20,1	13,5	5,8	3,8	3,4	9,7	18,1	15,0	4,9	15,5	3,0	2,8
14.08.2025 11:24:02	6,5	6,5	5,8	4,2	3,0	2,3	5,0	5,0	4,5	5,0	3,3	2,4
14.08.2025 11:24:08	8,1	8,1	6,9	4,8	3,9	3,4	6,3	6,3	5,4	6,3	3,8	3,2
14.08.2025 11:24:14	4,7	4,7	4,7	4,6	3,8	0,1	3,8	3,8	3,8	3,8	3,7	3,1
14.08.2025 11:24:20	16,5	14,8	9,7	6,0	4,2	8,8	15,0	13,9	7,9	14,8	4,8	3,4
14.08.2025 11:24:26	13,7	13,4	10,2	6,9	4,0	6,4	12,6	12,3	8,3	12,6	5,4	3,3
14.08.2025 11:24:32	6,6	6,6	6,6	5,9	4,1	0,7	5,2	5,2	5,2	5,2	4,6	3,3
14.08.2025 11:24:38	10,7	10,7	9,5	6,5	3,9	4,3	8,3	8,3	7,4	8,3	5,1	3,2
14.08.2025 11:24:44	3,9	3,9	3,9	3,8	3,3	0,1	3,1	3,1	3,1	3,1	3,1	2,7
14.08.2025 11:24:50	11,0	10,6	7,7	5,3	3,7	5,3	10,6	10,2	6,5	10,6	4,2	3,0
14.08.2025 11:24:56	16,6	10,4	5,4	4,2	3,4	6,2	14,0	11,3	4,4	11,4	3,4	2,8
14.08.2025 11:25:02	19,4	13,2	6,8	4,6	3,8	8,6	18,1	15,4	6,3	15,5	3,7	3,0
14.08.2025 11:25:08	20,6	14,4	8,9	5,9	3,3	8,5	17,7	14,9	7,3	15,1	4,6	2,6
14.08.2025 11:25:14	9,3	9,2	6,8	4,4	3,5	4,8	8,8	8,7	5,9	8,8	3,5	2,8
14.08.2025 11:25:20	2,9	2,9	2,9	2,9	2,6	0,0	2,3	2,3	2,3	2,3	2,3	2,1
14.08.2025 11:25:26	11,6	11,5	8,8	5,0	3,1	6,5	11,2	11,1	7,6	11,2	4,0	2,5
14.08.2025 11:25:32	9,7	9,6	7,8	4,9	3,2	4,7	8,4	8,3	6,3	8,4	3,9	2,6
14.08.2025 11:25:38	3,7	3,7	3,7	3,7	3,4	0,0	3,0	3,0	3,0	3,0	3,0	2,7
14.08.2025 11:25:44	8,1	7,8	5,5	4,3	3,1	3,5	7,8	7,4	4,5	7,8	3,4	2,5
14.08.2025 11:25:50	8,5	8,5	8,2	6,5	3,7	2,0	6,6	6,6	6,3	6,6	5,0	3,0
14.08.2025 11:25:56	6,9	6,9	6,2	4,9	3,7	2,0	6,0	6,0	5,1	6,0	3,9	3,0
14.08.2025 11:26:02	20,1	13,9	8,5	5,8	3,7	8,1	16,6	13,9	6,7	14,0	4,5	3,0
14.08.2025 11:26:08	10,9	10,7	7,2	5,5	3,5	5,2	11,4	11,1	6,3	11,4	4,3	2,8
14.08.2025 11:26:14	11,8	11,7	8,8	4,5	3,0	7,2	10,0	9,9	7,0	10,0	3,5	2,4
14.08.2025 11:26:20	8,2	8,2	7,4	5,0	3,3	3,2	6,3	6,3	5,7	6,3	3,9	2,7
14.08.2025 11:26:26	17,9	16,2	10,4	5,6	3,6	10,6	15,9	14,9	8,5	15,8	4,4	2,9
14.08.2025 11:26:32	7,6	7,5	5,6	3,7	3,1	3,8	6,8	6,8	4,6	6,8	2,9	2,5
14.08.2025 11:26:38	8,1	7,9	5,6	4,2	3,4	3,7	8,3	8,1	4,9	8,3	3,4	2,8
14.08.2025 11:26:44	11,4	11,4	10,7	7,3	3,6	4,2	8,8	8,8	8,2	8,8	5,7	2,9
14.08.2025 11:26:50	7,8	7,8	6,8	4,4	3,4	3,3	6,0	6,0	5,3	6,0	3,5	2,8
14.08.2025 11:26:56	9,2	9,1	7,7	5,6	2,9	3,6	8,1	8,0	6,2	8,1	4,3	2,4
14.08.2025 11:27:02	10,1	9,9	7,2	4,8	3,2	5,1	9,8	9,6	6,0	9,8	3,8	2,5
14.08.2025 11:27:08	13,2	13,2	12,0	7,6	4,2	5,6	10,1	10,1	9,2	10,1	5,9	3,4
14.08.2025 11:27:14	6,0	6,0	5,6	4,3	3,4	1,8	4,7	4,7	4,4	4,7	3,4	2,7
14.08.2025 11:27:20	10,6	10,6	9,7	7,2	3,9	3,4	8,8	8,8	7,8	8,8	5,6	3,1
14.08.2025 11:27:26	14,6	14,4	11,0	6,6	3,5	7,8	13,8	13,6	9,2	13,8	5,2	2,9
14.08.2025 11:27:32	9,4	9,4	8,3	5,6	3,4	3,8	7,2	7,2	6,4	7,2	4,4	2,8
14.08.2025 11:27:38	13,8	13,3	9,2	6,2	3,9	7,1	13,7	13,2	7,9	13,7	4,9	3,1
14.08.2025 11:27:44	7,8	7,8	6,9	4,9	3,6	2,9	6,0	6,0	5,4	6,0	3,9	2,9
14.08.2025 11:27:50	12,1	11,7	7,3	4,9	3,2	6,9	12,4	12,0	6,4	12,4	3,8	2,6
14.08.2025 11:27:56	5,8	5,8	5,2	3,8	3,0	2,0	4,5	4,5	4,1	4,5	3,0	2,4
14.08.2025 11:28:02	7,7	7,6	5,6	3,9	3,0	3,7	7,6	7,5	4,9	7,6	3,1	2,4
14.08.2025 11:28:08	9,8	9,8	8,2	5,2	3,5	4,6	8,2	8,2	6,6	8,2	4,1	2,8
14.08.2025 11:28:14	9,1	9,1	7,2	4,7	3,4	4,5	9,0	9,0	6,4	9,0	3,7	2,7
14.08.2025 11:28:20	15,1	13,4	7,9	4,9	2,9	8,5	14,2	13,1	6,5	14,1	3,8	2,3
14.08.2025 11:28:26	7,7	7,7	6,7	4,5	3,0	3,2	5,9	5,9	5,2	5,9	3,6	2,4
14.08.2025 11:28:32	5,0	5,0	5,0	4,6	3,5	0,4	3,9	3,9	3,9	3,9	3,7	2,8
14.08.2025 11:28:38	22,5	16,2	10,4	6,4	3,5	9,8	18,4	15,6	8,1	15,8	5,0	2,8
14.08.2025 11:28:44	9,4	9,4	9,3	7,8	4,4	1,6	7,3	7,3	7,2	7,3	6,1	3,5
14.08.2025 11:28:50	7,7	7,7	6,9	5,2	2,9	2,5	6,6	6,5	5,7	6,6	4,1	2,4
14.08.2025 11:28:56	10,7	10,6	7,7	5,6	3,8	5,0	10,3	10,1	6,5	10,3	4,4	3,0
14.08.2025 11:29:02	7,4	7,4	5,7	4,5	3,3	2,8	7,4	7,3	5,0	7,4	3,6	2,7
14.08.2025 11:29:08	8,1	8,1	6,9	4,8	3,2	3,3	6,9	6,9	5,7	6,9	3,8	2,6
14.08.2025 11:29:14	7,9	7,9	6,5	4,2	3,0	3,7	6,8	6,7	5,3	6,8	3,3	2,4
14.08.2025 11:29:20	4,6	4,6	4,6	4,4	3,5	0,3	3,7	3,7	3,7	3,7	3,5	2,8
14.08.2025 11:29:26	15,0	14,6	10,1	5,9	3,3	8,7	13,9	13,5	8,2	13,9	4,6	2,7
14.08.2025 11:29:32	11,7	11,0	6,5	4,6	3,2	6,4	12,0	11,2	5,4	12,0	3,6	2,6
14.08.2025 11:29:38	4,7	4,7	4,7	4,6	3,9	0,1	3,7	3,7	3,7	3,7	3,7	3,1
14.08.2025 11:29:44	5,7	5,7	5,1	4,2	3,4	1,4	5,1	5,1	4,3	5,1	3,4	2,8
14.08.2025 11:29:50	13,3	13,0	10,0	5,7	3,1	7,2	11,6	11,3	7,8	11,6	4,5	2,5
14.08.2025 11:29:56	8,4	8,1	5,3	3,3	2,0	4,8	7,9	7,6	4,3	7,9	2,6	1,6
14.08.2025 11:30:02	5,9	5,9	5,7	4,5	3,1	1,3	4,6	4,6	4,4	4,6	3,6	2,5
14.08.2025 11:30:08	15,5	13,8	8,4	5,3	3,6	8,6	14,8	13,8	7,3	14,7	4,2	2,9
14.08.2025 11:30:14	11,5	11,2	8,2	5,6	3,6	5,6	10,3	9,9	6,5	10,3	4,4	2,9
14.08.2025 11:30:20	29,9	12,1	8,0	5,4	3,4	6,7	22,1	14,8	6,2	12,0	4,2	2,7
14.08.2025 11:30:26	97,1	11,9	5,9	4,4	3,6	7,6	59,1	23,0	5,7	14,6	3,5	2,9
14.08.2025 11:30:32	5,4	5,4	4,7	3,5	2,7	1,9	4,8	4,8	4,0	4,8	2,8	2,2
14.08.2025 11:30:38	7,9	7,9	7,3	5,3	3,3	2,6	6,1	6,1	5,6	6,1	4,2	2,7
14.08.2025 11:30:44	36,4	18,5	12,9	7,5	3,9	11,0	28,3	20,9	10,5	18,1	5,9	3,1
14.08.2025 11:30:50	17,4	15,7	10,1	5,7	3,5	10,1	16,2	15,2	8,5	16,1	4,5	2,8
14.08.2025 11:30:56	7,8	7,8	6,7	4,3	2,8	3,5	6,0	6,0	5,2	6,0	3,4	2,3
14.08.2025 11:31:02	6,6	6,6	5,4	3,9	3,2	2,7	6,4	6,4	4,8	6,4	3,1	2,5
14.08.2025 11:31:08	3,3	3,3	3,2	3,0	2,4	0,2	2,6	2,6	2,6	2,6	2,4	1,9
14.08.2025 11:31:14	3,5	3,5	3,5	3,3	2,8	0,2	2,8	2,8	2,8	2,8	2,6	2,2
14.08.2025 11:31:20	6,4	6,4	6,1	4,7	3,3	1,7	5,0	5,0	4,7	5,0	3,7	2,7
14.08.2025 11:31:26	8,5	8,5	6,9	3,7	2,9	4,8	7,2	7,2	5,7	7,2	3,0	2,3
14.08.2025 11:31:32	6,5	6,5	4,8	3,4	2,8	3,1	6,1	6,0	4,0	6,1	2,7	2,2
14.08.2025 11:31:38	3,0	3,0	3,0	2,8	2,3	0,2	2,4	2,4	2,4	2,4	2,2	1,8
14.08.2025 11:31:44	8,3	8,3	7,6	5,2	2,7	3,1	6,4	6,3	5,8	6,4	4,0	2,2
14.08.2025 11:31:50	7,4	7,4	6,9	4,8	2,5	2,6	5,7	5,7	5,3	5,7	3,7	2,0
14.08.2025 11:31:56	7,2	7,2	5,9	3,4	3,0	3,8	5,6	5,6	4,6	5,6	2,7	2,5
14.08.2025 11:32:02	8,2	8,2	6,3	3,7	3,3	4,5	7,0	7,0	5,2	7,0	3,0	2,7
14.08.2025 11:32:08	9,8	9,7	8,0	5,0	2,7	4,7	8,5	8,4	6,4	8,5	3,9	2,2
14.08.2025 11:32:14	26,0	19,4	11,8	7,4	3,3	12,0	22,5	19,4	9,4	20,0	5,8	2,6
14.08.2025 11:32:20	7,2	7,2	6,6	4,6	3,5	2,6	5,6	5,6	5,2	5,6	3,6	2,8
14.08.2025 11:32:26	11,4	11,4	10,6	6,8	3,8	4,5	8,7	8,7	8,2	8,7	5,3	3,1
14.08.2025 11:32:32	10,4	10,4	9,2	5,6	3,1	4,8	8,6	8,6	7,3	8,6	4,4	2,5
14.08.2025 11:32:38	14,8	13,1	8,8	5,7	3,1	7,4	12,9	11,9	6,9	12,8	4,4	2,5
14.08.2025 11:32:44	5,0	5,0	5,0	4,8	3,6	0,3	4,0	4,0	4,0	4,0	3,8	2,9
14.08.2025 11:32:50	14,5	14,5	12,0	6,0	2,7	8,6	11,0	11,0	9,1	11,0	4,6	2,2
14.08.2025 11:32:56	4,2	4,2	4,2	3,9	2,9	0,3	3,3	3,3	3,3	3,3	3,1	2,3
14.08.2025 11:33:02	2,7	2,7	2,7	2,7	2,4	0,0	2,2	2,2	2,2	2,2	2,2	1,9
14.08.2025 11:33:08	9,9	9,8	7,7	4,5	2,5	5,3	8,5	8,5	6,2	8,5	3,5	2,0
14.08.2025 11:33:14	8,7	8,6	7,0	4,7	3,5	3,9	7,7	7,6	5,7	7,7	3,8	2,8
14.08.2025 11:33:20	9,1	9,1	7,8	5,1	3,0	4,0	7,6	7,6	6,3	7,6	4,0	2,4
14.08.2025 11:33:26	10,6	10,2	7,4	5,1	3,8	5,1	9,6	9,2	6,0	9,6	4,0	3,0
14.08.2025 11:33:32	8,6	8,6	8,2	5,9	3,3	2,7	6,6	6,6	6,3	6,6	4,6	2,7
14.08.2025 11:33:38	3,7	3,7	3,7	3,4	2,1	0,3	2,9	2,9	2,9	2,9	2,6	1,7
14.08.2025 11:33:44	4,7	4,7	4,7	4,2	3,0	0,5	3,7	3,7	3,7	3,7	3,3	2,4
14.08.2025 11:33:50	6,1	6,1	5,9	4,8	3,2	1,3	4,8	4,8	4,6	4,8	3,8	2,6
14.08.2025 11:33:56	5,3	5,3	5,0	4,0	2,6	1,2	4,1	4,1	3,9	4,1	3,2	2,1
14.08.2025 11:34:02	15,4	14,7	9,3	5,5	3,5	9,2	14,7	14,0	7,5	14,7	4,4	2,9
14.08.2025 11:34:08	9,7	9,4	7,2	6,0	3,5	3,4	9,0	8,6	5,7	9,0	4,7	2,8
14.08.2025 11:34:14	13,1	12,7	9,5	6,2	3,8	6,5	12,1	11,8	7,8	12,1	4,8	3,0
14.08.2025 11:34:20	7,0	7,0	6,6	5,1	3,3	1,9	5,4	5,4	5,1	5,4	4,0	2,7
14.08.2025 11:34:26	15,4	13,6	7,8	5,0	3,0	8,7	15,1	13,9	6,8	15,0	3,9	2,4
14.08.2025 11:34:32	6,2	6,2	6,1	5,2	2,9	1,0	4,8	4,8	4,7	4,8	4,1	2,3
14.08.2025 11:34:38	6,6	6,6	5,4	3,9	3,1	2,7	6,4	6,4	4,8	6,4	3,1	2,5
14.08.2025 11:34:44	9,9	9,8	7,5	5,2	3,6	4,6	9,3	9,2	6,4	9,3	4,1	2,9
14.08.2025 11:34:50	10,3	10,3	9,9	7,1	2,8	3,2	7,9	7,9	7,6	7,9	5,5	2,2
14.08.2025 11:34:56	14,1	14,1	12,3	7,3	3,8	6,8	12,1	12,1	10,0	12,1	5,7	3,1
14.08.2025 11:35:02	12,3	12,3	10,7	6,5	3,6	5,8	10,0	10,0	8,5	10,0	5,1	2,9
14.08.2025 11:35:08	5,4	5,4	5,2	4,0	2,7	1,4	4,2	4,2	4,0	4,2	3,1	2,2
14.08.2025 11:35:14	8,0	8,0	6,8	4,5	3,0	3,5	6,1	6,1	5,3	6,1	3,5	2,4
14.08.2025 11:35:20	9,4	9,3	7,3	4,2	2,5	5,1	8,2	8,1	5,8	8,2	3,3	2,0
14.08.2025 11:35:26	9,4	9,4	8,7	5,9	2,9	3,6	7,2	7,2	6,7	7,2	4,6	2,4
14.08.2025 11:35:32	28,0	10,1	6,2	4,6	2,9	5,5	20,6	13,3	4,9	10,5	3,6	2,3
14.08.2025 11:35:38	8,7	8,6	6,5	4,1	2,7	4,6	7,7	7,6	5,2	7,7	3,2	2,2
14.08.2025 11:35:44	9,7	9,7	8,9	6,0	3,1	3,8	7,5	7,5	6,9	7,5	4,6	2,5
14.08.2025 11:35:50	2,7	2,7	2,7	2,5	2,0	0,2	2,2	2,2	2,2	2,2	2,0	1,6
14.08.2025 11:35:56	6,7	6,7	6,4	4,6	2,5	2,1	5,2	5,2	4,9	5,2	3,6	2,0
14.08.2025 11:36:02	4,6	4,6	4,6	4,2	2,7	0,4	3,6	3,6	3,6	3,6	3,3	2,2
14.08.2025 11:36:08	6,2	6,2	5,8	4,4	3,6	1,8	4,9	4,9	4,6	4,9	3,5	2,9
14.08.2025 11:36:14	7,7	7,7	6,7	5,2	3,7	2,5	7,3	7,3	5,8	7,3	4,1	3,0
14.08.2025 11:36:20	5,8	5,8	5,7	5,3	3,4	0,4	4,5	4,5	4,5	4,5	4,2	2,7
14.08.2025 11:36:26	8,1	8,1	6,9	4,7	3,0	3,4	7,5	7,5	5,9	7,5	3,7	2,4
14.08.2025 11:36:32	4,1	4,1	4,1	4,0	3,3	0,1	3,3	3,3	3,3	3,3	3,2	2,6
14.08.2025 11:36:38	7,3	7,2	5,9	4,1	2,9	3,1	6,7	6,6	4,8	6,7	3,2	2,3
14.08.2025 11:36:44	8,3	8,3	6,9	4,4	3,3	3,9	7,1	7,0	5,6	7,1	3,5	2,6
14.08.2025 11:36:50	8,7	8,7	7,5	4,7	3,3	4,0	6,7	6,7	5,8	6,7	3,7	2,6
14.08.2025 11:36:56	8,3	8,3	7,0	4,4	2,6	3,9	7,0	7,0	5,7	7,0	3,4	2,1
14.08.2025 11:37:02	4,9	4,9	4,9	4,7	3,6	0,2	3,8	3,8	3,8	3,8	3,7	2,9
14.08.2025 11:37:08	11,4	11,4	10,7	7,0	3,8	4,3	8,7	8,7	8,2	8,7	5,5	3,1
14.08.2025 11:37:14	14,2	13,5	8,8	6,2	3,8	7,3	13,8	13,1	7,2	13,8	4,8	3,1
14.08.2025 11:37:20	4,1	4,1	4,1	4,0	3,0	0,2	3,3	3,3	3,3	3,3	3,2	2,5
14.08.2025 11:37:26	5,1	5,1	5,1	4,7	3,4	0,4	4,0	4,0	4,0	4,0	3,7	2,7
14.08.2025 11:37:32	12,0	11,6	8,7	5,3	2,7	6,3	10,6	10,2	6,9	10,6	4,1	2,2
14.08.2025 11:37:38	3,4	3,4	3,4	3,4	3,3	0,0	2,7	2,7	2,7	2,7	2,7	2,6
14.08.2025 11:37:44	4,8	4,8	4,7	4,3	3,1	0,5	3,7	3,7	3,7	3,7	3,4	2,5
14.08.2025 11:37:50	9,3	9,3	8,3	5,3	3,3	4,0	7,2	7,2	6,4	7,2	4,1	2,6
14.08.2025 11:37:56	5,0	5,0	5,0	4,4	2,9	0,6	3,9	3,9	3,9	3,9	3,5	2,3
14.08.2025 11:38:02	11,1	11,1	8,9	5,5	3,0	5,5	10,2	10,1	7,4	10,2	4,3	2,4
14.08.2025 11:38:08	9,7	9,7	8,0	4,7	2,8	5,1	8,1	8,1	6,5	8,1	3,7	2,2
14.08.2025 11:38:14	7,3	7,3	6,9	5,1	3,3	2,2	5,6	5,6	5,3	5,6	4,0	2,7
14.08.2025 11:38:20	7,6	7,5	5,2	3,0	2,5	4,6	7,5	7,4	4,6	7,5	2,4	2,0
14.08.2025 11:38:26	10,9	10,6	7,8	5,5	3,4	5,1	9,9	9,5	6,2	9,9	4,3	2,7
14.08.2025 11:38:32	3,7	3,7	3,7	3,4	2,8	0,2	2,9	2,9	2,9	2,9	2,7	2,3
14.08.2025 11:38:38	3,4	3,4	3,4	3,4	3,4	0,0	2,7	2,7	2,7	2,7	2,7	2,7
14.08.2025 11:38:44	11,5	11,5	10,1	5,7	3,5	5,7	8,8	8,8	7,8	8,8	4,5	2,9
14.08.2025 11:38:50	3,8	3,8	3,7	3,5	2,8	0,3	3,0	3,0	3,0	3,0	2,8	2,3
14.08.2025 11:38:56	9,1	9,1	7,2	4,5	3,4	4,6	7,7	7,6	5,9	7,7	3,5	2,7
14.08.2025 11:39:02	7,5	7,5	6,3	4,2	3,0	3,3	6,5	6,4	5,2	6,5	3,3	2,4
14.08.2025 11:39:08	12,8	12,8	11,4	6,3	3,2	6,5	9,8	9,8	8,7	9,8	4,9	2,6
14.08.2025 11:39:14	9,6	9,6	8,3	5,3	2,9	4,3	8,0	8,0	6,7	8,0	4,1	2,3
14.08.2025 11:39:20	6,9	6,9	6,6	4,8	3,5	2,1	5,4	5,4	5,1	5,4	3,8	2,8
14.08.2025 11:39:26	7,1	7,1	5,8	4,1	3,0	3,1	6,8	6,8	5,1	6,8	3,2	2,5
14.08.2025 11:39:32	4,1	4,1	4,1	4,1	3,8	0,0	3,3	3,3	3,3	3,3	3,3	3,1
14.08.2025 11:39:38	11,6	11,6	9,9	6,1	3,1	5,5	9,5	9,5	7,9	9,5	4,7	2,5
14.08.2025 11:39:44	6,2	6,2	6,0	4,9	3,1	1,2	4,8	4,8	4,7	4,8	3,9	2,5
14.08.2025 11:39:50	13,9	13,8	10,6	6,5	3,6	7,4	12,3	12,2	8,7	12,3	5,1	2,9
14.08.2025 11:39:56	8,0	8,0	6,7	4,7	3,1	3,3	7,5	7,4	5,8	7,5	3,7	2,5
14.08.2025 11:40:02	6,9	6,9	6,6	5,1	3,4	1,7	5,3	5,3	5,1	5,3	4,0	2,8
14.08.2025 11:40:08	10,9	10,9	9,9	6,4	3,4	4,5	9,0	9,0	7,9	9,0	5,0	2,8
14.08.2025 11:40:14	7,4	7,3	5,5	4,1	3,6	3,2	7,4	7,3	4,8	7,4	3,3	2,9
14.08.2025 11:40:20	9,0	8,6	4,8	3,5	3,0	5,0	10,1	9,6	4,5	10,1	2,8	2,4
14.08.2025 11:40:26	4,3	4,3	4,3	4,1	3,1	0,2	3,4	3,4	3,4	3,4	3,3	2,5
14.08.2025 11:40:32	8,1	8,1	7,7	5,8	3,2	2,3	6,2	6,2	5,9	6,2	4,5	2,6
14.08.2025 11:40:38	4,0	4,0	4,0	3,9	3,3	0,1	3,2	3,2	3,2	3,2	3,1	2,7
14.08.2025 11:40:44	5,1	5,1	4,9	4,0	3,1	1,1	4,0	4,0	3,8	4,0	3,2	2,5
14.08.2025 11:40:50	8,8	8,7	7,1	4,7	3,2	4,0	7,8	7,7	5,7	7,8	3,7	2,6
14.08.2025 11:40:56	2,9	2,9	2,9	2,9	2,4	0,1	2,3	2,3	2,3	2,3	2,3	1,9
14.08.2025 11:41:02	7,0	7,0	5,9	3,7	2,4	3,3	5,4	5,3	4,6	5,4	2,9	2,0
14.08.2025 11:41:08	8,3	8,3	7,1	4,3	2,2	4,0	6,3	6,3	5,5	6,3	3,3	1,8
14.08.2025 11:41:14	11,0	11,0	9,9	6,1	2,9	4,9	8,4	8,4	7,6	8,4	4,8	2,3
14.08.2025 11:41:20	6,5	6,5	4,8	2,8	2,3	3,7	6,3	6,3	4,3	6,3	2,2	1,9
14.08.2025 11:41:26	8,4	8,4	7,4	4,9	2,9	3,4	7,1	7,1	6,0	7,1	3,9	2,3
14.08.2025 11:41:32	5,7	5,7	5,6	5,1	3,5	0,6	4,4	4,4	4,4	4,4	4,0	2,8
14.08.2025 11:41:38	17,9	11,7	5,9	3,9	3,1	7,8	15,6	12,9	5,0	13,0	3,1	2,5
14.08.2025 11:41:44	9,7	9,7	9,1	6,0	3,0	3,7	7,4	7,4	7,0	7,4	4,6	2,4
14.08.2025 11:41:50	8,5	8,1	5,0	3,0	2,7	5,1	8,0	7,6	4,1	8,0	2,4	2,2
14.08.2025 11:41:56	3,6	3,6	3,6	3,6	3,3	0,0	2,9	2,9	2,9	2,9	2,9	2,7
14.08.2025 11:42:02	7,5	7,5	7,0	5,3	3,4	2,2	5,8	5,8	5,4	5,8	4,1	2,8
14.08.2025 11:42:08	4,4	4,4	4,4	4,3	3,5	0,1	3,5	3,5	3,5	3,5	3,4	2,8
14.08.2025 11:42:14	2,5	2,5	2,5	2,5	2,5	0,0	2,0	2,0	2,0	2,0	2,0	2,0
14.08.2025 11:42:20	9,7	9,7	7,7	4,6	2,9	5,1	8,7	8,7	6,5	8,7	3,6	2,3
14.08.2025 11:42:26	7,1	7,0	5,4	3,7	2,8	3,3	6,5	6,4	4,4	6,5	2,9	2,2
14.08.2025 11:42:32	2,6	2,6	2,6	2,6	2,6	0,0	2,1	2,1	2,1	2,1	2,1	2,1
14.08.2025 11:42:38	10,3	10,3	8,9	4,9	2,5	5,3	8,5	8,5	7,1	8,5	3,8	2,0
14.08.2025 11:42:44	3,4	3,4	3,4	3,2	2,5	0,3	2,7	2,7	2,7	2,7	2,5	2,0
14.08.2025 11:42:50	2,6	2,6	2,6	2,6	2,4	0,0	2,1	2,1	2,1	2,1	2,1	2,0
14.08.2025 11:42:56	6,5	6,5	5,5	3,4	2,6	3,1	5,0	5,0	4,3	5,0	2,7	2,1
14.08.2025 11:43:02	6,4	6,4	6,0	4,1	2,7	2,3	4,9	4,9	4,6	4,9	3,2	2,2
14.08.2025 11:43:08	4,0	4,0	4,0	3,8	3,2	0,2	3,2	3,2	3,2	3,2	3,0	2,6
14.08.2025 11:43:14	7,4	7,4	6,1	3,9	3,0	3,5	7,0	7,0	5,4	7,0	3,1	2,4
14.08.2025 11:43:20	8,1	8,1	7,8	5,7	3,0	2,4	6,2	6,2	6,0	6,2	4,5	2,4
14.08.2025 11:43:26	7,1	7,1	6,4	4,9	3,3	2,2	6,2	6,1	5,2	6,2	3,9	2,7
14.08.2025 11:43:32	5,6	5,6	5,5	5,0	3,2	0,6	4,3	4,3	4,3	4,3	3,9	2,6
14.08.2025 11:43:38	5,8	5,8	4,4	3,2	2,4	2,5	5,5	5,4	3,7	5,5	2,6	2,0
14.08.2025 11:43:44	4,4	4,4	4,4	4,2	3,3	0,3	3,5	3,5	3,5	3,5	3,3	2,7
14.08.2025 11:43:50	7,2	7,2	6,6	5,1	3,8	2,1	5,6	5,6	5,2	5,6	4,1	3,1
14.08.2025 11:43:56	4,9	4,9	4,9	4,7	3,6	0,3	3,9	3,9	3,9	3,9	3,7	2,9
14.08.2025 11:44:02	13,7	13,2	8,0	5,1	3,7	8,1	14,0	13,4	6,9	14,0	4,0	3,0
14.08.2025 11:44:08	5,6	5,6	5,3	4,1	3,5	1,4	4,4	4,4	4,1	4,4	3,3	2,8
14.08.2025 11:44:14	5,1	5,1	4,8	3,4	2,4	1,7	3,9	3,9	3,7	3,9	2,7	1,9
14.08.2025 11:44:20	27,3	9,4	5,3	4,1	3,0	5,3	20,1	12,8	4,2	9,9	3,2	2,4
14.08.2025 11:44:26	14,2	14,2	12,4	7,1	3,0	7,1	11,4	11,4	9,7	11,4	5,5	2,4
14.08.2025 11:44:32	4,1	4,1	4,1	4,0	3,0	0,1	3,3	3,3	3,3	3,3	3,2	2,4
14.08.2025 11:44:38	7,3	7,3	6,1	3,8	2,9	3,5	5,6	5,6	4,7	5,6	3,0	2,4
14.08.2025 11:44:44	7,5	7,4	5,4	3,4	2,5	4,0	6,8	6,7	4,4	6,8	2,7	2,0
14.08.2025 11:44:50	4,8	4,8	4,8	4,6	3,3	0,2	3,8	3,8	3,8	3,8	3,6	2,7
14.08.2025 11:44:56	10,2	10,2	8,8	4,9	3,2	5,4	7,8	7,8	6,7	7,8	3,8	2,5
14.08.2025 11:45:02	4,3	4,3	4,3	3,9	2,7	0,3	3,4	3,4	3,4	3,4	3,1	2,2
14.08.2025 11:45:08	7,0	7,0	6,3	4,4	3,3	2,6	5,4	5,4	4,9	5,4	3,5	2,7
14.08.2025 11:45:14	5,5	5,4	4,2	3,4	2,9	2,0	5,3	5,2	3,6	5,3	2,7	2,3
14.08.2025 11:45:20	2,8	2,8	2,8	2,8	2,7	0,0	2,2	2,2	2,2	2,2	2,2	2,2
14.08.2025 11:45:26	10,1	9,7	6,8	4,3	2,7	5,5	9,8	9,5	5,7	9,8	3,3	2,2
14.08.2025 11:45:32	14,0	12,2	6,3	5,0	3,4	7,2	14,4	13,2	5,6	14,3	3,9	2,7
14.08.2025 11:45:38	5,2	5,2	5,1	4,3	3,2	0,9	4,1	4,1	4,0	4,1	3,4	2,6
14.08.2025 11:45:44	3,0	3,0	3,0	3,0	2,8	0,0	2,4	2,4	2,4	2,4	2,4	2,3
14.08.2025 11:45:50	5,0	5,0	4,9	4,3	3,3	0,7	3,9	3,9	3,9	3,9	3,4	2,7
14.08.2025 11:45:56	11,0	10,9	8,5	5,2	3,4	5,6	9,4	9,3	6,8	9,4	4,1	2,8
14.08.2025 11:46:02	4,3	4,3	4,3	4,1	3,1	0,2	3,4	3,4	3,4	3,4	3,3	2,5
14.08.2025 11:46:08	6,8	6,8	6,2	4,3	3,1	2,4	5,2	5,2	4,8	5,2	3,4	2,5
14.08.2025 11:46:14	2,2	2,2	2,2	2,2	2,2	0,0	1,7	1,7	1,7	1,7	1,7	1,7
14.08.2025 11:46:20	6,9	6,9	5,8	3,8	2,6	3,1	6,0	6,0	4,7	6,0	3,0	2,1
14.08.2025 11:46:26	7,2	7,2	6,6	4,9	3,2	2,3	5,5	5,5	5,1	5,5	3,8	2,6
14.08.2025 11:46:32	5,3	5,3	5,3	4,8	3,3	0,5	4,2	4,2	4,1	4,2	3,8	2,6
14.08.2025 11:46:38	13,6	12,0	8,0	5,5	2,5	6,5	12,1	11,0	6,3	11,9	4,2	2,0
14.08.2025 11:46:44	24,1	17,8	11,6	6,5	2,6	11,3	20,8	18,1	9,5	18,3	5,0	2,1
14.08.2025 11:46:50	10,1	10,1	8,7	4,8	2,6	5,3	7,7	7,7	6,7	7,7	3,8	2,1
14.08.2025 11:46:56	8,1	8,1	7,0	4,9	2,8	3,2	6,9	6,8	5,7	6,9	3,8	2,3
14.08.2025 11:47:02	4,2	4,2	4,2	4,1	3,5	0,1	3,3	3,3	3,3	3,3	3,3	2,8
14.08.2025 11:47:08	10,7	10,7	9,5	6,2	3,2	4,5	8,8	8,8	7,5	8,8	4,9	2,6
14.08.2025 11:47:14	3,6	3,6	3,6	3,4	2,9	0,2	2,9	2,9	2,9	2,9	2,7	2,3
14.08.2025 11:47:20	8,8	8,8	7,9	5,1	2,8	3,7	6,7	6,7	6,1	6,7	4,0	2,2
14.08.2025 11:47:26	4,4	4,4	4,4	3,9	2,7	0,5	3,5	3,5	3,4	3,5	3,1	2,2
14.08.2025 11:47:32	6,2	6,2	5,6	4,1	2,8	2,1	4,8	4,8	4,4	4,8	3,2	2,3
14.08.2025 11:47:38	8,0	8,0	6,7	4,3	2,8	3,6	6,8	6,8	5,5	6,8	3,4	2,3
14.08.2025 11:47:44	7,7	7,7	6,8	5,0	3,0	2,7	6,6	6,6	5,6	6,6	3,9	2,4
14.08.2025 11:47:50	11,1	11,1	10,0	6,0	3,4	5,1	8,5	8,5	7,7	8,5	4,7	2,8
14.08.2025 11:47:56	6,2	6,1	4,5	3,0	2,6	3,1	5,8	5,7	3,8	5,8	2,4	2,1
14.08.2025 11:48:02	5,8	5,8	5,2	3,7	3,0	2,1	4,5	4,5	4,0	4,5	3,0	2,4
14.08.2025 11:48:08	4,3	4,3	4,3	4,1	3,2	0,3	3,4	3,4	3,4	3,4	3,2	2,5
14.08.2025 11:48:14	26,0	13,6	4,4	3,4	3,0	10,2	22,4	17,0	3,7	17,3	2,7	2,5
14.08.2025 11:48:20	7,4	7,3	5,5	3,8	3,3	3,5	6,7	6,6	4,6	6,7	3,0	2,7
14.08.2025 11:48:26	4,3	4,3	4,3	4,0	3,0	0,3	3,4	3,4	3,4	3,4	3,2	2,4
14.08.2025 11:48:32	4,2	4,2	4,2	4,1	3,2	0,1	3,4	3,4	3,4	3,4	3,3	2,6
14.08.2025 11:48:38	8,1	8,1	6,8	4,6	3,1	3,5	6,9	6,9	5,6	6,9	3,6	2,5
14.08.2025 11:48:44	9,1	8,9	5,5	4,0	2,8	4,8	10,0	9,8	5,0	10,0	3,2	2,3
14.08.2025 11:48:50	2,6	2,6	2,6	2,6	2,5	0,0	2,1	2,1	2,1	2,1	2,1	2,0
14.08.2025 11:48:56	5,2	5,2	5,2	4,7	3,2	0,5	4,1	4,1	4,0	4,1	3,7	2,5
14.08.2025 11:49:02	6,7	6,7	6,1	4,4	2,7	2,2	5,2	5,2	4,7	5,2	3,5	2,2
14.08.2025 11:49:08	7,1	7,1	6,5	4,8	2,7	2,3	5,4	5,4	5,0	5,4	3,7	2,2
14.08.2025 11:49:14	11,0	11,0	9,3	5,0	2,9	6,0	8,4	8,4	7,1	8,4	3,9	2,3
14.08.2025 11:49:20	5,8	5,8	5,5	3,9	2,4	1,8	4,5	4,5	4,3	4,5	3,1	2,0
14.08.2025 11:49:26	6,6	6,5	5,1	3,8	2,9	2,7	6,1	6,0	4,3	6,1	3,0	2,3
14.08.2025 11:49:32	15,0	8,8	4,2	3,4	2,3	5,4	12,8	10,0	3,4	10,2	2,7	1,8
14.08.2025 11:49:38	6,8	6,8	6,5	4,4	2,4	2,4	5,3	5,3	5,0	5,3	3,5	1,9
14.08.2025 11:49:44	6,1	6,1	4,9	2,9	2,3	3,2	5,4	5,4	4,1	5,4	2,3	1,8
14.08.2025 11:49:50	2,3	2,3	2,3	2,3	2,3	0,0	1,8	1,8	1,8	1,8	1,8	1,8
14.08.2025 11:49:56	5,9	5,9	5,1	3,4	2,4	2,5	4,6	4,6	3,9	4,6	2,7	2,0
14.08.2025 11:50:02	7,3	6,9	4,3	3,3	2,9	3,7	7,8	7,4	3,9	7,8	2,6	2,3
14.08.2025 11:50:08	7,4	7,4	6,3	3,9	2,2	3,5	6,3	6,3	5,1	6,3	3,1	1,7
14.08.2025 11:50:14	6,6	6,5	4,9	3,6	3,1	2,9	6,1	6,0	4,1	6,1	2,9	2,5
14.08.2025 11:50:20	4,9	4,9	4,7	3,7	2,7	1,2	3,8	3,8	3,7	3,8	2,9	2,2
14.08.2025 11:50:26	5,8	5,8	5,2	3,7	2,7	2,1	4,5	4,5	4,0	4,5	2,9	2,2
14.08.2025 11:50:32	8,0	8,0	6,5	3,5	2,5	4,5	6,1	6,1	5,0	6,1	2,8	2,1
14.08.2025 11:50:38	4,1	4,1	4,1	3,8	2,7	0,3	3,3	3,3	3,2	3,3	3,0	2,2
14.08.2025 11:50:44	7,5	7,5	6,8	4,5	2,8	2,9	5,7	5,7	5,2	5,7	3,5	2,2
14.08.2025 11:50:50	4,2	4,2	4,2	4,0	3,0	0,3	3,3	3,3	3,3	3,3	3,1	2,4
14.08.2025 11:50:56	3,3	3,3	3,3	3,2	2,8	0,0	2,6	2,6	2,6	2,6	2,6	2,3
14.08.2025 11:51:02	7,8	7,8	7,2	5,0	3,4	2,8	6,0	6,0	5,6	6,0	3,9	2,7
14.08.2025 11:51:08	8,5	8,5	7,8	5,8	3,6	2,7	7,2	7,2	6,3	7,2	4,6	2,9
14.08.2025 11:51:14	9,2	9,1	7,5	5,2	3,0	3,9	8,0	8,0	6,0	8,0	4,1	2,4
14.08.2025 11:51:20	4,4	4,4	4,4	3,7	2,7	0,7	3,5	3,5	3,4	3,5	2,9	2,2
14.08.2025 11:51:26	6,1	6,1	5,6	4,1	3,1	2,0	4,7	4,7	4,3	4,7	3,3	2,5
14.08.2025 11:51:32	11,5	11,5	9,1	5,8	3,2	5,7	10,5	10,4	7,5	10,5	4,5	2,6
14.08.2025 11:51:38	7,3	6,9	4,6	3,6	2,8	3,4	7,1	6,7	3,8	7,1	2,8	2,3
14.08.2025 11:51:44	4,4	4,4	4,3	4,0	3,0	0,3	3,4	3,4	3,4	3,4	3,2	2,4
14.08.2025 11:51:50	3,1	3,1	3,1	3,1	2,9	0,0	2,5	2,5	2,5	2,5	2,5	2,3
14.08.2025 11:51:56	6,9	6,9	6,4	4,6	2,8	2,2	5,3	5,3	4,9	5,3	3,6	2,3
14.08.2025 11:52:02	7,8	7,8	7,1	5,0	3,1	2,8	6,7	6,7	5,8	6,7	3,9	2,5
14.08.2025 11:52:08	2,9	2,9	2,9	2,9	2,6	0,0	2,3	2,3	2,3	2,3	2,3	2,1
14.08.2025 11:52:14	17,1	10,9	5,3	3,9	3,2	6,9	15,7	12,9	4,9	13,1	3,1	2,6
14.08.2025 11:52:20	3,6	3,6	3,6	3,6	3,2	0,0	2,9	2,9	2,9	2,9	2,9	2,6
14.08.2025 11:52:26	4,0	4,0	4,0	3,9	2,7	0,2	3,2	3,2	3,2	3,2	3,0	2,2
14.08.2025 11:52:32	10,5	10,1	6,6	3,8	2,8	6,3	9,5	9,1	5,3	9,5	3,0	2,3
14.08.2025 11:52:38	5,6	5,6	5,6	4,9	2,8	0,7	4,3	4,3	4,3	4,3	3,8	2,2
14.08.2025 11:52:44	11,4	9,8	5,8	4,1	3,0	5,7	10,4	9,4	4,7	10,3	3,2	2,4
14.08.2025 11:52:50	7,3	7,3	5,3	3,6	2,8	3,7	7,3	7,2	4,7	7,3	2,9	2,3
14.08.2025 11:52:56	11,3	11,3	10,3	6,0	3,0	5,3	8,6	8,6	7,8	8,6	4,7	2,4
14.08.2025 11:53:02	3,3	3,3	3,3	3,2	2,7	0,1	2,6	2,6	2,6	2,6	2,6	2,2
14.08.2025 11:53:08	6,7	6,7	5,7	3,5	2,4	3,2	5,8	5,8	4,7	5,8	2,8	1,9
14.08.2025 11:53:14	6,4	6,4	5,6	3,4	2,3	3,0	4,9	4,9	4,3	4,9	2,7	1,9
14.08.2025 11:53:20	2,4	2,4	2,4	2,3	1,9	0,1	1,9	1,9	1,9	1,9	1,8	1,5
14.08.2025 11:53:26	5,0	5,0	4,6	3,5	2,6	1,6	3,9	3,9	3,6	3,9	2,7	2,1
14.08.2025 11:53:32	6,6	6,6	6,1	4,2	2,6	2,4	5,1	5,1	4,7	5,1	3,3	2,1
14.08.2025 11:53:38	4,6	4,6	4,3	3,2	2,6	1,4	3,6	3,6	3,4	3,6	2,5	2,1
14.08.2025 11:53:44	9,9	9,9	9,0	5,8	3,4	4,1	7,6	7,6	6,9	7,6	4,6	2,8
14.08.2025 11:53:50	18,7	12,1	4,2	2,9	2,6	9,1	18,1	14,9	3,9	15,5	2,4	2,1
14.08.2025 11:53:56	4,6	4,6	4,5	4,2	3,0	0,3	3,6	3,6	3,6	3,6	3,3	2,4
14.08.2025 11:54:02	5,6	5,6	5,2	3,9	2,8	1,7	4,3	4,3	4,1	4,3	3,1	2,3
14.08.2025 11:54:08	3,0	3,0	3,0	2,9	2,4	0,0	2,3	2,3	2,3	2,3	2,3	1,9
14.08.2025 11:54:14	4,4	4,4	4,3	3,7	3,0	0,6	3,4	3,4	3,4	3,4	3,0	2,5
14.08.2025 11:54:20	7,4	7,3	5,9	4,2	3,0	3,0	6,7	6,6	4,8	6,7	3,4	2,4
14.08.2025 11:54:26	3,1	3,1	3,1	3,1	2,6	0,1	2,5	2,5	2,5	2,5	2,5	2,1
14.08.2025 11:54:32	11,4	11,4	9,5	5,7	2,8	5,7	10,6	10,6	8,1	10,6	4,4	2,3
14.08.2025 11:54:38	4,0	4,0	4,0	3,8	3,0	0,3	3,2	3,2	3,2	3,2	3,0	2,4
14.08.2025 11:54:44	4,7	4,7	4,7	4,5	3,3	0,2	3,7	3,7	3,7	3,7	3,6	2,6
14.08.2025 11:54:50	26,3	8,4	4,3	3,5	3,0	5,0	20,0	12,7	3,8	9,9	2,8	2,4
14.08.2025 11:54:56	3,6	3,6	3,6	3,6	3,0	0,1	2,9	2,9	2,9	2,9	2,9	2,5
14.08.2025 11:55:02	6,5	6,5	5,4	3,8	3,1	2,8	5,7	5,7	4,5	5,7	3,0	2,5
14.08.2025 11:55:08	7,8	7,8	7,1	4,8	2,7	3,0	6,0	6,0	5,5	6,0	3,8	2,2
14.08.2025 11:55:14	5,0	5,0	4,8	3,9	3,2	1,1	3,9	3,9	3,8	3,9	3,1	2,5
14.08.2025 11:55:20	12,9	11,2	6,4	5,0	3,2	6,2	12,6	11,5	5,4	12,5	3,9	2,6
14.08.2025 11:55:26	7,5	7,5	5,8	3,4	3,1	4,1	6,4	6,4	4,8	6,4	2,7	2,5
14.08.2025 11:55:32	10,2	9,9	7,6	6,2	3,1	3,7	9,3	8,9	6,1	9,3	4,8	2,5
14.08.2025 11:55:38	2,8	2,8	2,8	2,8	2,5	0,0	2,3	2,3	2,3	2,3	2,2	2,0
14.08.2025 11:55:44	4,5	4,5	4,3	3,5	2,5	1,0	3,5	3,5	3,4	3,5	2,7	2,0
14.08.2025 11:55:50	7,0	6,6	4,3	3,3	2,8	3,4	6,9	6,5	3,6	6,9	2,6	2,2
14.08.2025 11:55:56	5,4	5,4	5,4	4,8	3,2	0,5	4,2	4,2	4,2	4,2	3,8	2,5
14.08.2025 11:56:02	12,1	10,4	5,8	3,4	2,6	7,0	10,9	9,9	4,6	10,8	2,7	2,1
14.08.2025 11:56:08	7,6	7,6	6,2	3,7	2,5	3,9	5,8	5,8	4,8	5,8	2,9	2,0
14.08.2025 11:56:14	6,2	6,2	5,0	3,9	2,7	2,2	5,8	5,8	4,1	5,8	3,1	2,2
14.08.2025 11:56:20	6,9	6,9	5,9	4,0	3,1	2,9	6,0	6,0	4,9	6,0	3,2	2,5
14.08.2025 11:56:26	3,1	3,1	3,1	3,0	2,6	0,0	2,4	2,4	2,4	2,4	2,4	2,1
14.08.2025 11:56:32	6,2	6,2	5,4	3,7	2,8	2,4	5,4	5,4	4,5	5,4	3,0	2,2
14.08.2025 11:56:38	3,6	3,6	3,6	3,5	3,0	0,1	2,9	2,9	2,9	2,9	2,8	2,4
14.08.2025 11:56:44	5,5	5,5	4,8	3,5	2,9	2,0	4,3	4,3	3,8	4,3	2,8	2,4
14.08.2025 11:56:50	7,5	7,5	6,2	3,5	2,3	4,1	5,7	5,7	4,7	5,7	2,7	1,9
14.08.2025 11:56:56	6,8	6,8	5,9	3,7	2,2	3,1	5,2	5,2	4,5	5,2	2,9	1,8
14.08.2025 11:57:02	5,7	5,7	4,9	3,5	2,8	2,2	5,1	5,1	4,1	5,1	2,8	2,2
14.08.2025 11:57:08	3,5	3,5	3,5	3,5	3,1	0,0	2,8	2,8	2,8	2,8	2,8	2,5
14.08.2025 11:57:14	9,3	9,2	7,6	4,8	2,7	4,4	8,1	8,0	6,1	8,1	3,8	2,2
14.08.2025 11:57:20	9,5	9,5	7,8	3,9	2,4	5,6	7,3	7,2	6,0	7,3	3,1	2,0
14.08.2025 11:57:26	10,0	10,0	7,1	3,9	2,8	6,0	10,0	9,9	6,3	10,0	3,1	2,2
14.08.2025 11:57:32	2,9	2,9	2,9	2,9	2,6	0,0	2,3	2,3	2,3	2,3	2,3	2,1
14.08.2025 11:57:38	6,0	6,0	5,1	3,7	2,5	2,4	5,3	5,3	4,2	5,3	2,9	2,0
14.08.2025 11:57:44	5,5	5,5	5,2	3,8	2,8	1,7	4,3	4,3	4,0	4,3	3,0	2,2
14.08.2025 11:57:50	4,3	4,3	4,3	4,0	2,8	0,3	3,4	3,4	3,4	3,4	3,2	2,3
14.08.2025 11:57:56	6,2	6,2	5,6	3,9	2,8	2,3	4,8	4,8	4,4	4,8	3,1	2,3
14.08.2025 11:58:02	3,4	3,4	3,4	3,4	3,0	0,0	2,7	2,7	2,7	2,7	2,7	2,4
14.08.2025 11:58:08	3,4	3,4	3,4	3,4	3,0	0,0	2,7	2,7	2,7	2,7	2,7	2,4
14.08.2025 11:58:14	3,2	3,2	3,2	3,1	2,6	0,1	2,5	2,5	2,5	2,5	2,5	2,1
14.08.2025 11:58:20	4,1	4,1	4,1	4,0	3,0	0,1	3,3	3,3	3,3	3,3	3,2	2,4
14.08.2025 11:58:26	10,9	10,9	10,1	6,5	3,2	4,4	8,3	8,3	7,7	8,3	5,1	2,6
14.08.2025 11:58:32	3,5	3,5	3,5	3,4	2,9	0,0	2,8	2,8	2,8	2,8	2,7	2,4
14.08.2025 11:58:38	5,4	5,4	5,2	4,0	2,5	1,4	4,2	4,2	4,0	4,2	3,1	2,0
14.08.2025 11:58:44	7,1	7,1	6,5	4,8	3,0	2,2	5,5	5,5	5,0	5,5	3,8	2,4
14.08.2025 11:58:50	4,1	4,1	4,1	3,9	2,8	0,2	3,3	3,3	3,3	3,3	3,1	2,2
14.08.2025 11:58:56	2,9	2,9	2,9	2,9	2,7	0,0	2,3	2,3	2,3	2,3	2,3	2,2
14.08.2025 11:59:02	3,8	3,8	3,8	3,5	2,3	0,3	3,0	3,0	3,0	3,0	2,7	1,9
14.08.2025 11:59:08	7,0	7,0	6,4	3,8	2,1	3,2	5,4	5,4	4,9	5,4	2,9	1,7
14.08.2025 11:59:14	3,8	3,8	3,8	3,4	2,5	0,3	3,0	3,0	3,0	3,0	2,7	2,0
14.08.2025 11:59:20	4,9	4,9	4,1	2,7	2,2	2,2	4,5	4,5	3,5	4,5	2,2	1,8
14.08.2025 11:59:26	6,7	6,7	6,2	4,6	2,3	2,1	5,1	5,1	4,8	5,1	3,6	1,8
14.08.2025 11:59:32	6,5	6,5	5,9	4,3	2,9	2,3	5,1	5,1	4,6	5,1	3,4	2,3
14.08.2025 11:59:38	12,4	10,8	6,1	4,3	3,1	6,5	11,8	10,8	5,2	11,7	3,4	2,5
14.08.2025 11:59:44	5,5	5,5	5,4	4,4	2,7	1,1	4,3	4,3	4,2	4,3	3,4	2,2
14.08.2025 11:59:50	5,2	5,2	5,0	4,1	3,0	1,1	4,0	4,0	3,9	4,0	3,3	2,4
14.08.2025 11:59:56	5,0	5,0	4,9	4,2	3,0	0,7	3,9	3,9	3,8	3,9	3,3	2,4
14.08.2025 12:00:02	3,9	3,9	3,9	3,8	3,0	0,1	3,1	3,1	3,1	3,1	3,0	2,4
14.08.2025 12:00:08	7,6	7,6	6,5	4,2	3,0	3,4	5,9	5,9	5,1	5,9	3,4	2,4
14.08.2025 12:00:14	7,9	7,9	7,0	4,2	2,1	3,7	6,0	6,0	5,3	6,0	3,3	1,7
14.08.2025 12:00:20	5,2	5,2	5,1	4,1	2,3	1,2	4,0	4,0	3,9	4,0	3,2	1,8
14.08.2025 12:00:26	4,2	4,2	3,8	2,7	2,1	1,5	3,3	3,3	2,9	3,3	2,1	1,7
14.08.2025 12:00:32	2,0	2,0	2,0	2,0	2,0	0,0	1,7	1,7	1,7	1,7	1,7	1,7
14.08.2025 12:00:38	4,3	4,3	4,2	3,6	2,4	0,7	3,3	3,3	3,3	3,3	2,8	1,9
14.08.2025 12:00:44	2,9	2,9	2,9	2,8	2,1	0,1	2,3	2,3	2,3	2,3	2,2	1,7
14.08.2025 12:00:50	7,4	7,4	7,0	4,6	2,3	2,8	5,7	5,7	5,4	5,7	3,6	1,9
14.08.2025 12:00:56	3,6	3,6	3,6	3,4	2,5	0,2	2,9	2,9	2,9	2,9	2,7	2,0
14.08.2025 12:01:02	7,8	7,4	4,7	3,6	2,5	3,8	8,1	7,7	4,1	8,1	2,9	2,0
14.08.2025 12:01:08	4,4	4,4	4,2	3,3	2,6	1,1	3,5	3,5	3,3	3,5	2,7	2,1
14.08.2025 12:01:14	4,7	4,7	4,7	4,3	3,0	0,4	3,7	3,7	3,7	3,7	3,4	2,4
14.08.2025 12:01:20	5,8	5,8	5,2	3,8	2,9	2,1	4,5	4,5	4,1	4,5	3,0	2,3
14.08.2025 12:01:26	4,7	4,7	4,7	4,2	2,7	0,6	3,7	3,7	3,7	3,7	3,3	2,2
14.08.2025 12:01:32	3,1	3,1	3,1	3,1	3,0	0,0	2,5	2,5	2,5	2,5	2,5	2,4
14.08.2025 12:01:38	12,1	10,5	6,4	5,1	3,4	5,4	11,0	9,9	5,1	10,8	4,0	2,7
14.08.2025 12:01:44	6,0	6,0	5,1	3,4	2,8	2,6	4,6	4,6	3,9	4,6	2,7	2,2
14.08.2025 12:01:50	7,1	7,1	6,3	4,2	3,0	3,0	5,5	5,5	4,9	5,5	3,3	2,5
14.08.2025 12:01:56	7,6	7,6	6,4	4,3	3,1	3,3	6,6	6,5	5,3	6,6	3,4	2,5
14.08.2025 12:02:02	7,1	7,1	6,1	4,4	2,8	2,7	6,1	6,1	5,0	6,1	3,4	2,3
14.08.2025 12:02:08	8,8	8,8	7,6	5,0	3,2	3,8	6,7	6,7	5,9	6,7	3,9	2,6
14.08.2025 12:02:14	3,4	3,4	3,4	3,2	2,6	0,2	2,7	2,7	2,7	2,7	2,5	2,1
14.08.2025 12:02:20	4,2	4,2	4,1	3,3	2,3	0,8	3,3	3,3	3,2	3,3	2,6	1,9
14.08.2025 12:02:26	2,3	2,3	2,3	2,3	2,2	0,0	1,8	1,8	1,8	1,8	1,8	1,8
14.08.2025 12:02:32	3,3	3,3	3,3	3,1	2,5	0,2	2,6	2,6	2,6	2,6	2,4	2,0
14.08.2025 12:02:38	6,7	6,7	5,6	3,9	2,9	2,8	6,5	6,5	5,0	6,5	3,1	2,3
14.08.2025 12:02:44	4,0	4,0	4,0	3,8	2,9	0,1	3,1	3,1	3,1	3,1	3,0	2,4
14.08.2025 12:02:50	7,6	7,6	6,3	4,7	3,0	2,8	6,9	6,8	5,1	6,9	3,7	2,4
14.08.2025 12:02:56	5,0	5,0	4,7	3,8	2,6	1,2	3,9	3,9	3,7	3,9	3,0	2,1
14.08.2025 12:03:02	17,1	10,9	5,2	3,1	2,6	7,8	15,0	12,3	4,4	12,4	2,5	2,1
14.08.2025 12:03:08	3,4	3,4	3,4	3,3	2,9	0,1	2,7	2,7	2,7	2,7	2,6	2,3
14.08.2025 12:03:14	5,1	5,1	5,1	4,5	2,9	0,6	4,0	4,0	4,0	4,0	3,5	2,3
14.08.2025 12:03:20	3,2	3,2	3,2	2,9	2,4	0,2	2,5	2,5	2,5	2,5	2,4	2,0
14.08.2025 12:03:26	8,5	8,5	6,5	3,7	2,2	4,8	7,5	7,4	5,2	7,5	2,9	1,7
14.08.2025 12:03:32	6,2	6,1	4,4	3,3	2,4	2,8	6,5	6,3	4,0	6,5	2,6	1,9
14.08.2025 12:03:38	8,2	8,2	6,9	4,5	2,8	3,7	6,9	6,9	5,6	6,9	3,5	2,3
14.08.2025 12:03:44	6,7	6,7	6,4	4,7	2,9	2,0	5,2	5,2	4,9	5,2	3,7	2,4
14.08.2025 12:03:50	5,7	5,6	4,3	3,2	2,7	2,4	5,4	5,3	3,6	5,4	2,5	2,2
14.08.2025 12:03:56	4,3	4,3	4,3	3,9	2,6	0,4	3,4	3,4	3,3	3,4	3,1	2,1
14.08.2025 12:04:02	17,8	15,8	8,5	5,6	2,7	10,1	17,7	16,2	7,1	17,6	4,4	2,2
14.08.2025 12:04:08	12,8	11,1	6,7	4,2	3,0	6,9	11,4	10,4	5,4	11,3	3,3	2,4
14.08.2025 12:04:14	3,9	3,9	3,9	3,7	2,8	0,3	3,1	3,1	3,1	3,1	2,9	2,3
14.08.2025 12:04:20	7,2	7,2	6,8	4,8	2,9	2,4	5,5	5,5	5,3	5,5	3,8	2,3
14.08.2025 12:04:26	5,2	5,2	5,2	4,7	2,6	0,5	4,0	4,0	4,0	4,0	3,7	2,1
14.08.2025 12:04:32	5,4	5,4	5,1	3,7	2,0	1,7	4,2	4,2	3,9	4,2	2,9	1,6
14.08.2025 12:04:38	6,1	6,1	5,7	4,0	2,8	2,1	4,7	4,7	4,5	4,7	3,1	2,3
14.08.2025 12:04:44	2,9	2,9	2,9	2,8	2,4	0,0	2,3	2,3	2,3	2,3	2,3	1,9
14.08.2025 12:04:50	7,9	7,9	7,1	4,7	2,8	3,1	6,0	6,0	5,5	6,0	3,7	2,2
14.08.2025 12:04:56	3,2	3,2	3,2	3,2	2,7	0,1	2,6	2,6	2,6	2,6	2,5	2,2
14.08.2025 12:05:02	9,0	9,0	7,7	4,3	1,9	4,7	6,8	6,8	5,9	6,8	3,3	1,5
14.08.2025 12:05:08	6,5	6,5	5,6	3,2	2,1	3,3	5,0	5,0	4,3	5,0	2,5	1,7
14.08.2025 12:05:14	7,5	7,5	6,8	5,1	2,8	2,5	6,5	6,4	5,5	6,5	4,0	2,2
14.08.2025 12:05:20	6,6	6,6	6,0	4,0	2,5	2,6	5,1	5,1	4,6	5,1	3,2	2,0
14.08.2025 12:05:26	15,6	9,3	4,7	4,0	3,2	5,4	13,2	10,5	3,9	10,6	3,1	2,6
14.08.2025 12:05:32	6,1	6,1	5,5	4,0	2,9	2,1	4,7	4,7	4,3	4,7	3,2	2,4
14.08.2025 12:05:38	5,8	5,7	4,1	2,8	2,4	2,9	5,5	5,4	3,5	5,5	2,3	1,9
14.08.2025 12:05:44	4,7	4,7	4,4	3,3	2,6	1,4	3,7	3,7	3,4	3,7	2,6	2,1
14.08.2025 12:05:50	8,4	8,4	7,3	4,7	2,6	3,7	6,4	6,4	5,6	6,4	3,6	2,1
14.08.2025 12:05:56	2,7	2,7	2,7	2,7	2,5	0,0	2,2	2,2	2,2	2,2	2,2	2,1
14.08.2025 12:06:02	3,6	3,6	3,6	3,3	2,8	0,2	2,9	2,9	2,8	2,9	2,7	2,2
14.08.2025 12:06:08	5,7	5,6	4,2	3,0	2,2	2,7	5,4	5,3	3,6	5,4	2,3	1,7
14.08.2025 12:06:14	41,3	16,8	6,4	4,3	2,9	12,5	33,4	23,0	5,3	20,7	3,4	2,4
14.08.2025 12:06:20	2,4	2,4	2,4	2,4	2,3	0,0	2,0	2,0	2,0	2,0	2,0	1,9
14.08.2025 12:06:26	2,6	2,6	2,6	2,6	2,5	0,0	2,1	2,1	2,1	2,1	2,1	2,0
14.08.2025 12:06:32	9,4	9,3	7,5	5,3	2,9	4,0	8,9	8,8	6,3	8,9	4,1	2,4
14.08.2025 12:06:38	4,0	4,0	4,0	3,8	3,1	0,3	3,2	3,2	3,2	3,2	3,0	2,5
14.08.2025 12:06:44	5,7	5,7	5,1	3,9	3,0	1,8	5,1	5,1	4,3	5,1	3,1	2,4
14.08.2025 12:06:50	7,3	7,3	6,0	3,8	2,6	3,5	5,6	5,6	4,6	5,6	3,0	2,1
14.08.2025 12:06:56	3,3	3,3	3,3	3,0	2,5	0,2	2,6	2,6	2,6	2,6	2,4	2,0
14.08.2025 12:07:02	3,0	3,0	3,0	3,0	2,6	0,0	2,4	2,4	2,4	2,4	2,4	2,1
14.08.2025 12:07:08	5,4	5,4	5,3	4,3	2,8	1,1	4,2	4,2	4,1	4,2	3,4	2,3
14.08.2025 12:07:14	6,5	6,5	6,3	4,9	2,7	1,6	5,0	5,0	4,9	5,0	3,8	2,2
14.08.2025 12:07:20	7,8	7,8	6,3	3,0	2,1	4,8	6,0	6,0	4,9	6,0	2,4	1,7
14.08.2025 12:07:26	5,0	5,0	4,8	3,8	2,5	1,3	3,9	3,9	3,8	3,9	3,0	2,1
14.08.2025 12:07:32	5,9	5,9	5,2	3,3	2,1	2,6	4,5	4,5	4,0	4,5	2,6	1,7
14.08.2025 12:07:38	4,0	4,0	4,0	3,8	2,9	0,3	3,2	3,2	3,2	3,2	3,0	2,3
14.08.2025 12:07:44	2,6	2,6	2,6	2,6	2,6	0,0	2,1	2,1	2,1	2,1	2,1	2,1
14.08.2025 12:07:50	5,0	5,0	4,5	3,4	2,5	1,6	3,9	3,9	3,5	3,9	2,7	2,0
14.08.2025 12:07:56	3,6	3,6	3,6	3,2	2,1	0,3	2,8	2,8	2,8	2,8	2,5	1,7
14.08.2025 12:08:02	3,7	3,7	3,7	3,4	2,5	0,3	2,9	2,9	2,9	2,9	2,7	2,0
14.08.2025 12:08:08	3,8	3,8	3,8	3,2	2,6	0,6	3,0	3,0	3,0	3,0	2,5	2,1
14.08.2025 12:08:14	8,4	8,4	7,7	5,1	2,7	3,4	6,5	6,5	5,9	6,5	3,9	2,2
14.08.2025 12:08:20	9,3	9,2	6,8	4,1	2,5	5,1	9,4	9,3	6,0	9,4	3,2	2,0
14.08.2025 12:08:26	6,5	6,2	4,0	3,3	2,6	2,9	6,6	6,2	3,3	6,6	2,6	2,1
14.08.2025 12:08:32	6,5	6,5	5,7	3,6	2,5	2,9	5,0	5,0	4,4	5,0	2,8	2,0
14.08.2025 12:08:38	16,7	10,4	5,0	3,5	2,8	6,9	14,7	11,9	4,3	12,1	2,8	2,3
14.08.2025 12:08:44	7,2	7,2	6,4	4,2	2,8	3,0	5,5	5,5	5,0	5,5	3,3	2,2
14.08.2025 12:08:50	2,8	2,8	2,8	2,8	2,7	0,0	2,3	2,3	2,3	2,3	2,3	2,2
14.08.2025 12:08:56	10,9	10,9	9,1	5,1	2,9	5,8	9,0	9,0	7,3	9,0	4,0	2,4
14.08.2025 12:09:02	10,3	10,2	8,5	5,1	2,6	5,1	8,9	8,8	6,8	8,9	4,0	2,1
14.08.2025 12:09:08	3,2	3,2	3,2	3,1	2,4	0,1	2,5	2,5	2,5	2,5	2,5	1,9
14.08.2025 12:09:14	3,0	3,0	3,0	3,0	2,9	0,0	2,4	2,4	2,4	2,4	2,4	2,3
14.08.2025 12:09:20	3,8	3,8	3,8	3,7	3,1	0,1	3,0	3,0	3,0	3,0	2,9	2,5
14.08.2025 12:09:26	2,8	2,8	2,8	2,7	2,3	0,1	2,2	2,2	2,2	2,2	2,2	1,8
14.08.2025 12:09:32	3,0	3,0	3,0	3,0	2,6	0,0	2,4	2,4	2,4	2,4	2,4	2,1
14.08.2025 12:09:38	3,8	3,8	3,8	3,6	2,8	0,3	3,0	3,0	3,0	3,0	2,8	2,3
14.08.2025 12:09:44	8,1	8,1	6,9	4,1	2,8	4,0	6,2	6,2	5,4	6,2	3,3	2,2
14.08.2025 12:09:50	5,8	5,8	5,4	4,1	2,7	1,7	4,5	4,5	4,2	4,5	3,2	2,1
14.08.2025 12:09:56	8,3	8,3	7,0	4,0	2,4	4,3	6,3	6,3	5,4	6,3	3,1	1,9
14.08.2025 12:10:02	3,9	3,9	3,9	3,6	2,6	0,3	3,1	3,1	3,0	3,1	2,8	2,1
14.08.2025 12:10:08	4,2	4,2	3,7	2,5	2,0	1,7	3,3	3,3	2,9	3,3	2,0	1,6
14.08.2025 12:10:14	6,4	6,4	5,8	3,8	2,3	2,6	4,9	4,9	4,4	4,9	3,0	1,9
14.08.2025 12:10:20	7,5	7,5	6,9	4,4	2,5	3,0	5,7	5,7	5,3	5,7	3,5	2,0
14.08.2025 12:10:26	3,9	3,9	3,7	3,1	2,5	0,8	3,0	3,0	3,0	3,0	2,4	2,0
14.08.2025 12:10:32	3,4	3,4	3,4	3,4	2,6	0,1	2,7	2,7	2,7	2,7	2,7	2,1
14.08.2025 12:10:38	5,1	5,1	4,8	3,4	2,3	1,6	3,9	3,9	3,8	3,9	2,7	1,8
14.08.2025 12:10:44	3,5	3,5	3,4	2,7	1,9	0,8	2,7	2,7	2,6	2,7	2,1	1,6
14.08.2025 12:10:50	2,6	2,6	2,6	2,6	2,6	0,0	2,1	2,1	2,1	2,1	2,1	2,1
14.08.2025 12:10:56	9,7	9,4	6,9	4,5	2,6	4,9	8,9	8,6	5,5	8,9	3,5	2,1
14.08.2025 12:11:02	5,1	5,1	4,5	3,2	2,2	2,0	4,6	4,6	3,8	4,6	2,5	1,8
14.08.2025 12:11:08	2,9	2,9	2,9	2,9	2,9	0,0	2,4	2,4	2,4	2,4	2,4	2,4
14.08.2025 12:11:14	3,5	3,5	3,5	3,4	2,6	0,1	2,8	2,8	2,8	2,8	2,7	2,1
14.08.2025 12:11:20	4,2	4,2	4,2	3,8	2,5	0,4	3,3	3,3	3,3	3,3	3,0	2,0
14.08.2025 12:11:26	3,2	3,2	3,2	3,1	2,9	0,0	2,5	2,5	2,5	2,5	2,5	2,3
14.08.2025 12:11:32	7,5	7,5	6,6	4,3	2,9	3,2	5,7	5,7	5,1	5,7	3,4	2,3
14.08.2025 12:11:38	7,3	7,3	6,5	4,0	2,3	3,3	5,6	5,6	5,0	5,6	3,1	1,9
14.08.2025 12:11:44	3,0	3,0	3,0	3,0	2,9	0,0	2,4	2,4	2,4	2,4	2,4	2,3
14.08.2025 12:11:50	5,0	5,0	4,6	3,4	2,2	1,5	3,8	3,8	3,6	3,8	2,7	1,8
14.08.2025 12:11:56	2,5	2,5	2,5	2,5	2,2	0,0	2,0	2,0	2,0	2,0	2,0	1,8
14.08.2025 12:12:02	2,1	2,1	2,1	2,1	2,0	0,0	1,7	1,7	1,7	1,7	1,7	1,6
14.08.2025 12:12:08	2,7	2,7	2,7	2,7	2,4	0,0	2,1	2,1	2,1	2,1	2,1	1,9
14.08.2025 12:12:14	3,0	3,0	3,0	2,8	2,0	0,3	2,4	2,4	2,4	2,4	2,2	1,6
14.08.2025 12:12:20	2,2	2,2	2,2	2,2	2,1	0,0	1,7	1,7	1,7	1,7	1,7	1,7
14.08.2025 12:12:26	2,9	2,9	2,9	2,8	2,3	0,1	2,3	2,3	2,3	2,3	2,2	1,9
14.08.2025 12:12:32	17,5	11,3	5,8	3,7	2,2	7,6	15,3	12,5	4,9	12,7	2,9	1,8
14.08.2025 12:12:38	2,2	2,2	2,2	2,2	2,1	0,0	1,8	1,8	1,8	1,8	1,8	1,7
14.08.2025 12:12:44	3,8	3,8	3,8	3,5	2,3	0,3	3,0	3,0	3,0	3,0	2,8	1,9
14.08.2025 12:12:50	4,4	4,4	4,4	3,9	2,4	0,6	3,5	3,5	3,4	3,5	3,0	2,0
14.08.2025 12:12:56	3,1	3,1	3,1	3,1	2,9	0,0	2,5	2,5	2,5	2,5	2,5	2,3
14.08.2025 12:13:02	3,6	3,6	3,6	3,4	2,5	0,3	2,8	2,8	2,8	2,8	2,7	2,0
14.08.2025 12:13:08	10,2	10,2	9,0	6,0	2,8	4,2	8,4	8,4	7,2	8,4	4,7	2,3
14.08.2025 12:13:14	6,9	6,9	6,0	4,0	2,9	2,9	6,0	6,0	4,9	6,0	3,2	2,3
14.08.2025 12:13:20	2,9	2,9	2,9	2,9	2,8	0,0	2,4	2,4	2,4	2,4	2,4	2,3
14.08.2025 12:13:26	2,6	2,6	2,6	2,6	2,3	0,0	2,1	2,1	2,1	2,1	2,1	1,9
14.08.2025 12:13:32	3,4	3,4	3,4	3,2	2,5	0,2	2,7	2,7	2,7	2,7	2,6	2,0
14.08.2025 12:13:38	2,9	2,9	2,9	2,9	2,4	0,1	2,3	2,3	2,3	2,3	2,3	1,9
14.08.2025 12:13:44	3,0	3,0	3,0	3,0	2,4	0,1	2,4	2,4	2,4	2,4	2,4	2,0
14.08.2025 12:13:50	5,9	5,9	5,0	3,1	2,1	2,8	4,5	4,5	3,8	4,5	2,4	1,7
14.08.2025 12:13:56	5,7	5,7	5,2	4,0	2,3	1,7	5,1	5,0	4,3	5,1	3,1	1,8
14.08.2025 12:14:02	2,9	2,9	2,9	2,8	2,5	0,1	2,3	2,3	2,3	2,3	2,3	2,0
14.08.2025 12:14:08	3,1	3,1	3,1	3,1	2,6	0,1	2,5	2,5	2,5	2,5	2,4	2,1
14.08.2025 12:14:14	8,1	7,6	4,3	3,2	2,2	4,5	8,7	8,2	3,8	8,7	2,5	1,8
14.08.2025 12:14:20	4,6	4,6	4,3	3,3	2,3	1,4	3,6	3,6	3,4	3,6	2,6	1,8
14.08.2025 12:14:26	14,7	8,5	3,9	3,2	2,2	5,3	12,5	9,8	3,2	10,0	2,5	1,8
14.08.2025 12:14:32	4,1	4,1	4,0	3,3	2,7	0,8	3,2	3,2	3,1	3,2	2,6	2,2
14.08.2025 12:14:38	7,9	7,9	7,3	4,5	2,3	3,4	6,1	6,1	5,6	6,1	3,5	1,8
14.08.2025 12:14:44	4,1	4,1	4,1	3,9	2,7	0,2	3,3	3,3	3,2	3,3	3,1	2,2
14.08.2025 12:14:50	2,5	2,5	2,5	2,5	2,4	0,0	2,0	2,0	2,0	2,0	2,0	2,0
14.08.2025 12:14:56	3,3	3,3	3,3	3,0	2,4	0,2	2,6	2,6	2,6	2,6	2,4	2,0
14.08.2025 12:15:02	6,6	6,5	5,1	3,8	2,5	2,7	6,1	6,0	4,2	6,1	3,0	2,0
14.08.2025 12:15:08	5,3	5,3	4,7	3,3	2,3	1,9	4,1	4,1	3,6	4,1	2,6	1,8
14.08.2025 12:15:14	5,1	5,1	4,8	3,6	2,5	1,5	3,9	3,9	3,7	3,9	2,8	2,0
14.08.2025 12:15:20	3,2	3,2	3,2	3,1	2,5	0,1	2,5	2,5	2,5	2,5	2,5	2,0
14.08.2025 12:15:26	4,6	4,6	4,6	4,0	2,2	0,6	3,6	3,6	3,5	3,6	3,1	1,8
14.08.2025 12:15:32	4,0	4,0	4,0	3,5	2,3	0,5	3,1	3,1	3,1	3,1	2,8	1,9
14.08.2025 12:15:38	2,6	2,6	2,6	2,6	2,4	0,0	2,1	2,1	2,1	2,1	2,1	2,0
14.08.2025 12:15:44	3,7	3,7	3,7	3,4	2,3	0,3	2,9	2,9	2,9	2,9	2,7	1,8
14.08.2025 12:15:50	6,3	6,3	5,4	3,8	2,7	2,5	4,9	4,9	4,2	4,9	3,0	2,2
14.08.2025 12:15:56	2,8	2,8	2,8	2,8	2,8	0,0	2,3	2,3	2,3	2,3	2,3	2,3
14.08.2025 12:16:02	5,8	5,7	4,1	2,8	2,4	2,9	5,5	5,4	3,5	5,5	2,3	1,9
14.08.2025 12:16:08	3,9	3,9	3,9	3,6	2,5	0,3	3,1	3,1	3,1	3,1	2,9	2,0
14.08.2025 12:16:14	3,7	3,7	3,7	3,5	2,5	0,2	2,9	2,9	2,9	2,9	2,7	2,0
14.08.2025 12:16:20	2,9	2,9	2,9	2,9	2,8	0,0	2,3	2,3	2,3	2,3	2,3	2,3
14.08.2025 12:16:26	28,3	10,4	5,4	3,4	1,9	7,0	21,8	14,4	4,5	11,7	2,7	1,5
14.08.2025 12:16:32	5,8	5,8	4,9	3,1	1,9	2,7	4,4	4,4	3,8	4,4	2,4	1,5
14.08.2025 12:16:38	7,9	7,5	4,7	3,4	2,3	4,1	8,2	7,8	4,2	8,2	2,7	1,8
14.08.2025 12:16:44	16,6	10,4	5,5	3,7	2,7	6,6	14,0	11,2	4,4	11,4	3,0	2,2
14.08.2025 12:16:50	6,2	6,2	5,3	3,7	2,4	2,6	5,5	5,4	4,4	5,5	2,9	1,9
14.08.2025 12:16:56	6,0	6,0	5,5	3,9	2,8	2,1	4,7	4,7	4,3	4,7	3,1	2,2
14.08.2025 12:17:02	6,4	6,4	5,3	3,1	2,5	3,2	4,9	4,9	4,1	4,9	2,5	2,0
14.08.2025 12:17:08	5,2	5,2	4,7	3,2	2,4	2,0	4,0	4,0	3,7	4,0	2,6	1,9
14.08.2025 12:17:14	2,6	2,6	2,6	2,6	2,5	0,0	2,1	2,1	2,1	2,1	2,1	2,0
14.08.2025 12:17:20	5,6	5,6	5,5	4,6	2,6	1,0	4,3	4,3	4,2	4,3	3,6	2,1
14.08.2025 12:17:26	6,9	6,9	6,6	4,9	2,6	2,0	5,3	5,3	5,0	5,3	3,8	2,1
14.08.2025 12:17:32	3,0	3,0	3,0	3,0	2,7	0,0	2,4	2,4	2,4	2,4	2,4	2,1
14.08.2025 12:17:38	2,5	2,5	2,5	2,5	2,4	0,0	2,0	2,0	2,0	2,0	2,0	1,9
14.08.2025 12:17:44	3,1	3,1	3,1	3,0	2,3	0,1	2,5	2,5	2,5	2,5	2,4	1,8
14.08.2025 12:17:50	3,1	3,1	3,1	2,9	2,3	0,2	2,5	2,5	2,5	2,5	2,3	1,9
14.08.2025 12:17:56	4,3	4,3	4,3	3,8	2,2	0,5	3,3	3,3	3,3	3,3	3,0	1,8
14.08.2025 12:18:02	2,4	2,4	2,4	2,4	2,1	0,0	1,9	1,9	1,9	1,9	1,9	1,7
14.08.2025 12:18:08	2,4	2,4	2,4	2,4	2,3	0,0	1,9	1,9	1,9	1,9	1,9	1,8
14.08.2025 12:18:14	5,1	5,1	4,9	4,0	2,5	1,1	3,9	3,9	3,8	3,9	3,1	2,0
14.08.2025 12:18:20	5,7	5,7	5,0	3,2	2,1	2,6	4,4	4,4	3,9	4,4	2,5	1,7
14.08.2025 12:18:26	3,2	3,2	3,2	3,1	2,3	0,2	2,5	2,5	2,5	2,5	2,4	1,8
14.08.2025 12:18:32	5,3	5,3	4,8	3,7	2,6	1,6	4,1	4,1	3,7	4,1	2,9	2,1
14.08.2025 12:18:38	5,6	5,6	5,2	3,9	2,7	1,7	4,3	4,3	4,0	4,3	3,0	2,2
14.08.2025 12:18:44	2,5	2,5	2,5	2,4	1,9	0,1	2,0	2,0	2,0	2,0	1,9	1,5
14.08.2025 12:18:50	2,1	2,1	2,1	2,0	1,9	0,0	1,6	1,6	1,6	1,6	1,6	1,5
14.08.2025 12:18:56	2,0	2,0	2,0	2,0	1,8	0,0	1,6	1,6	1,6	1,6	1,6	1,4
14.08.2025 12:19:02	5,3	5,3	5,1	3,9	2,2	1,4	4,1	4,1	3,9	4,1	3,0	1,8
14.08.2025 12:19:08	5,1	5,1	4,3	2,9	2,3	2,2	4,6	4,6	3,7	4,6	2,3	1,9
14.08.2025 12:19:14	2,2	2,2	2,2	2,1	2,0	0,0	1,7	1,7	1,7	1,7	1,7	1,6
14.08.2025 12:19:20	3,8	3,8	3,8	3,4	2,2	0,4	3,0	3,0	3,0	3,0	2,7	1,8
14.08.2025 12:19:26	5,9	5,8	4,2	2,9	2,2	2,9	5,5	5,4	3,5	5,5	2,3	1,8
14.08.2025 12:19:32	2,4	2,4	2,4	2,4	2,4	0,0	2,0	2,0	2,0	2,0	2,0	2,0
14.08.2025 12:19:38	4,8	4,8	4,8	4,4	3,0	0,4	3,8	3,8	3,8	3,8	3,5	2,4
14.08.2025 12:19:44	4,7	4,7	4,2	3,1	2,4	1,5	3,6	3,6	3,3	3,6	2,5	1,9
14.08.2025 12:19:50	1,8	1,8	1,8	1,8	1,8	0,0	1,5	1,5	1,5	1,5	1,5	1,4
14.08.2025 12:19:56	6,2	6,2	5,7	3,5	2,0	2,7	4,8	4,8	4,4	4,8	2,8	1,6
14.08.2025 12:20:02	7,3	7,3	6,7	4,3	2,1	3,0	5,6	5,6	5,1	5,6	3,4	1,7
14.08.2025 12:20:08	4,7	4,7	4,2	3,1	2,5	1,5	3,6	3,6	3,3	3,6	2,5	2,0
14.08.2025 12:20:14	2,8	2,8	2,8	2,8	2,7	0,0	2,3	2,3	2,3	2,3	2,3	2,2
14.08.2025 12:20:20	7,4	7,4	6,9	4,2	2,2	3,2	5,7	5,7	5,3	5,7	3,3	1,7
14.08.2025 12:20:26	2,1	2,1	2,1	2,1	2,0	0,0	1,7	1,7	1,7	1,7	1,7	1,6
14.08.2025 12:20:32	5,6	5,6	4,3	3,2	2,4	2,3	5,4	5,3	3,6	5,4	2,5	1,9
14.08.2025 12:20:38	2,3	2,3	2,3	2,3	2,1	0,0	1,9	1,9	1,9	1,9	1,9	1,7
14.08.2025 12:20:44	7,1	7,1	6,7	4,3	1,8	2,9	5,4	5,4	5,1	5,4	3,3	1,4
14.08.2025 12:20:50	16,2	10,0	5,3	4,0	2,6	6,0	13,7	10,9	4,2	11,1	3,2	2,1
14.08.2025 12:20:56	10,2	10,2	7,8	4,2	2,5	6,0	8,8	8,7	6,2	8,8	3,3	2,0
14.08.2025 12:21:02	2,6	2,6	2,6	2,6	2,6	0,0	2,1	2,1	2,1	2,1	2,1	2,1
14.08.2025 12:21:08	5,5	5,5	5,1	3,2	2,0	2,3	4,2	4,2	3,9	4,2	2,5	1,6
14.08.2025 12:21:14	2,6	2,6	2,6	2,4	1,8	0,1	2,0	2,0	2,0	2,0	1,9	1,5
14.08.2025 12:21:20	4,4	4,3	3,1	2,3	1,8	2,0	4,4	4,3	2,7	4,4	1,9	1,5
14.08.2025 12:21:26	6,7	6,7	6,3	3,9	2,2	2,8	5,2	5,2	4,8	5,2	3,1	1,8
14.08.2025 12:21:32	3,5	3,5	3,5	3,2	2,3	0,3	2,7	2,7	2,7	2,7	2,5	1,9
14.08.2025 12:21:38	4,9	4,9	4,8	4,3	2,8	0,5	3,8	3,8	3,8	3,8	3,4	2,3
14.08.2025 12:21:44	3,8	3,8	3,6	2,7	2,1	1,1	3,0	3,0	2,8	3,0	2,1	1,7
14.08.2025 12:21:50	4,6	4,6	4,3	3,1	2,6	1,4	3,6	3,6	3,4	3,6	2,5	2,1
14.08.2025 12:21:56	2,7	2,7	2,7	2,7	2,7	0,0	2,2	2,2	2,2	2,2	2,2	2,2
14.08.2025 12:22:02	6,8	6,8	6,2	4,7	2,7	2,1	5,9	5,9	5,1	5,9	3,7	2,2
14.08.2025 12:22:08	5,3	5,3	4,3	3,0	2,5	2,3	4,8	4,7	3,7	4,8	2,4	2,0
14.08.2025 12:22:14	3,0	3,0	3,0	2,9	2,5	0,1	2,4	2,4	2,4	2,4	2,3	2,1
14.08.2025 12:22:20	2,8	2,8	2,8	2,8	2,6	0,0	2,2	2,2	2,2	2,2	2,2	2,1
14.08.2025 12:22:26	3,2	3,2	3,2	3,0	2,4	0,2	2,6	2,6	2,5	2,6	2,4	1,9
14.08.2025 12:22:32	3,0	3,0	2,9	2,7	2,2	0,2	2,3	2,3	2,3	2,3	2,2	1,8
14.08.2025 12:22:38	5,7	5,7	5,2	3,6	2,3	2,1	4,4	4,4	4,0	4,4	2,8	1,9
14.08.2025 12:22:44	3,4	3,4	3,3	3,1	2,3	0,3	2,6	2,6	2,6	2,6	2,4	1,8
14.08.2025 12:22:50	9,5	9,5	8,8	5,2	2,5	4,3	7,3	7,3	6,7	7,3	4,0	2,0
14.08.2025 12:22:56	2,2	2,2	2,2	2,2	1,9	0,0	1,8	1,8	1,8	1,8	1,8	1,6
14.08.2025 12:23:02	6,6	6,6	6,3	4,7	2,7	1,9	5,1	5,1	4,9	5,1	3,6	2,1
14.08.2025 12:23:08	3,8	3,8	3,8	3,7	2,8	0,1	3,0	3,0	3,0	3,0	3,0	2,2
14.08.2025 12:23:14	20,9	13,0	4,5	3,1	2,5	10,0	18,9	15,1	3,8	16,2	2,4	2,0
14.08.2025 12:23:20	3,3	3,3	3,2	2,6	1,6	0,7	2,5	2,5	2,5	2,5	2,0	1,3
14.08.2025 12:23:26	8,0	7,9	5,4	2,8	2,3	5,1	7,1	7,0	4,4	7,1	2,2	1,8
14.08.2025 12:23:32	2,1	2,1	2,1	2,1	2,0	0,0	1,7	1,7	1,7	1,7	1,7	1,6
14.08.2025 12:23:38	3,0	3,0	3,0	2,8	2,0	0,3	2,4	2,4	2,4	2,4	2,2	1,6
14.08.2025 12:23:44	5,3	5,3	4,7	3,3	2,2	2,0	4,8	4,7	3,9	4,8	2,6	1,7
14.08.2025 12:23:50	6,8	6,7	5,2	3,2	2,1	3,5	6,2	6,1	4,3	6,2	2,5	1,7
14.08.2025 12:23:56	3,7	3,7	3,5	2,6	1,9	1,2	2,9	2,9	2,8	2,9	2,0	1,6
14.08.2025 12:24:02	4,7	4,7	4,5	3,2	1,7	1,5	3,6	3,6	3,4	3,6	2,5	1,4
14.08.2025 12:24:08	3,6	3,6	3,5	2,9	2,0	0,7	2,8	2,8	2,7	2,8	2,3	1,6
14.08.2025 12:24:14	7,0	6,6	4,1	2,7	2,2	3,9	6,8	6,4	3,4	6,8	2,2	1,8
14.08.2025 12:24:20	3,7	3,7	3,6	2,9	1,9	0,7	2,9	2,9	2,8	2,9	2,3	1,5
14.08.2025 12:24:26	4,0	4,0	3,7	2,6	1,8	1,4	3,1	3,1	2,9	3,1	2,0	1,5
14.08.2025 12:24:32	1,9	1,9	1,9	1,9	1,7	0,0	1,5	1,5	1,5	1,5	1,5	1,4
14.08.2025 12:24:38	5,4	5,3	4,1	3,1	2,1	2,2	5,2	5,1	3,5	5,2	2,5	1,7
14.08.2025 12:24:44	3,7	3,7	3,7	3,1	2,3	0,7	2,9	2,9	2,9	2,9	2,5	1,9
14.08.2025 12:24:50	7,6	7,6	7,0	4,6	2,8	3,0	5,9	5,9	5,4	5,9	3,6	2,3
14.08.2025 12:24:56	2,1	2,1	2,1	2,1	2,0	0,0	1,7	1,7	1,7	1,7	1,7	1,6
14.08.2025 12:25:02	1,8	1,8	1,8	1,8	1,8	0,0	1,4	1,4	1,4	1,4	1,4	1,4
14.08.2025 12:25:08	6,5	6,4	4,8	3,3	2,2	3,1	6,0	5,9	4,0	6,0	2,6	1,8
14.08.2025 12:25:14	3,8	3,8	3,8	3,1	2,1	0,7	3,0	3,0	2,9	3,0	2,4	1,7
14.08.2025 12:25:20	1,8	1,8	1,8	1,8	1,6	0,0	1,5	1,5	1,5	1,5	1,4	1,3
14.08.2025 12:25:26	1,9	1,9	1,9	1,9	1,6	0,0	1,5	1,5	1,5	1,5	1,5	1,3
14.08.2025 12:25:32	5,3	5,3	4,9	3,5	2,1	1,8	4,1	4,1	3,8	4,1	2,7	1,7
14.08.2025 12:25:38	5,2	5,2	4,7	3,1	2,1	2,1	4,0	4,0	3,7	4,0	2,4	1,7
14.08.2025 12:25:44	3,2	3,2	3,2	3,0	2,4	0,2	2,5	2,5	2,5	2,5	2,4	1,9
14.08.2025 12:25:50	2,2	2,2	2,2	2,2	2,1	0,0	1,8	1,8	1,8	1,8	1,8	1,7
14.08.2025 12:25:56	5,7	5,7	4,8	3,2	2,4	2,6	5,1	5,1	4,1	5,1	2,5	2,0
14.08.2025 12:26:02	5,8	5,8	4,5	3,4	2,6	2,3	5,5	5,4	3,8	5,5	2,7	2,1
14.08.2025 12:26:08	4,2	4,2	3,7	2,3	1,8	1,9	3,2	3,2	2,9	3,2	1,8	1,5
14.08.2025 12:26:14	2,3	2,3	2,3	2,2	1,8	0,1	1,8	1,8	1,8	1,8	1,8	1,4
14.08.2025 12:26:20	1,6	1,6	1,6	1,6	1,6	0,0	1,3	1,3	1,3	1,3	1,3	1,3
14.08.2025 12:26:26	2,4	2,4	2,4	2,3	2,0	0,0	1,9	1,9	1,9	1,9	1,9	1,6
14.08.2025 12:26:32	2,2	2,2	2,2	2,2	2,1	0,0	1,7	1,7	1,7	1,7	1,7	1,7
14.08.2025 12:26:38	3,2	3,2	3,2	3,0	2,5	0,2	2,6	2,6	2,6	2,6	2,4	2,0
14.08.2025 12:26:44	6,1	6,1	5,7	3,8	2,0	2,3	4,7	4,7	4,4	4,7	2,9	1,6
14.08.2025 12:26:50	2,8	2,8	2,8	2,7	2,5	0,0	2,2	2,2	2,2	2,2	2,2	2,0
14.08.2025 12:26:56	9,3	9,3	8,6	5,5	2,5	3,8	7,1	7,1	6,6	7,1	4,3	2,0
14.08.2025 12:27:02	2,6	2,6	2,6	2,6	2,4	0,0	2,1	2,1	2,1	2,1	2,1	1,9
14.08.2025 12:27:08	2,3	2,3	2,3	2,3	2,3	0,0	1,9	1,9	1,9	1,9	1,9	1,9
14.08.2025 12:27:14	4,4	4,4	4,2	2,8	1,6	1,6	3,4	3,4	3,2	3,4	2,2	1,3
14.08.2025 12:27:20	3,0	3,0	3,0	2,9	2,2	0,1	2,4	2,4	2,4	2,4	2,3	1,7
14.08.2025 12:27:26	3,8	3,8	3,8	3,6	2,6	0,2	3,0	3,0	3,0	3,0	2,8	2,1
14.08.2025 12:27:32	5,5	5,5	4,9	3,8	2,1	1,7	4,9	4,9	4,1	4,9	2,9	1,7
14.08.2025 12:27:38	4,9	4,9	4,2	3,0	2,3	1,9	4,4	4,4	3,5	4,4	2,4	1,9
14.08.2025 12:27:44	7,2	7,2	6,8	4,5	2,1	2,7	5,5	5,5	5,2	5,5	3,5	1,7
14.08.2025 12:27:50	7,3	7,3	6,6	4,2	2,2	3,2	5,6	5,6	5,1	5,6	3,2	1,8
14.08.2025 12:27:56	6,4	6,4	5,6	4,2	2,5	2,2	5,6	5,6	4,6	5,6	3,3	2,0
14.08.2025 12:28:02	3,9	3,9	3,8	3,2	2,2	0,7	3,0	3,0	3,0	3,0	2,5	1,8
14.08.2025 12:28:08	2,6	2,6	2,6	2,5	2,1	0,1	2,1	2,1	2,1	2,1	2,0	1,7
14.08.2025 12:28:14	2,8	2,8	2,8	2,7	2,0	0,1	2,2	2,2	2,2	2,2	2,1	1,6
14.08.2025 12:28:20	2,5	2,5	2,5	2,4	2,2	0,0	2,0	2,0	2,0	2,0	2,0	1,8
14.08.2025 12:28:26	3,5	3,5	3,5	3,2	2,4	0,3	2,8	2,8	2,8	2,8	2,6	1,9
14.08.2025 12:28:32	6,2	6,2	5,5	3,9	2,3	2,3	5,4	5,4	4,6	5,4	3,1	1,9
14.08.2025 12:28:38	4,2	4,2	4,0	3,0	2,0	1,2	3,3	3,3	3,1	3,3	2,3	1,6
14.08.2025 12:28:44	5,0	5,0	4,1	2,5	2,0	2,4	3,8	3,8	3,2	3,8	2,0	1,6
14.08.2025 12:28:50	4,0	4,0	3,9	3,2	2,5	0,8	3,1	3,1	3,1	3,1	2,5	2,1
14.08.2025 12:28:56	4,0	4,0	3,6	2,5	1,9	1,5	3,1	3,1	2,8	3,1	2,0	1,6
14.08.2025 12:29:02	3,0	3,0	3,0	2,9	2,1	0,2	2,4	2,4	2,4	2,4	2,3	1,7
14.08.2025 12:29:08	2,7	2,7	2,7	2,6	2,3	0,0	2,1	2,1	2,1	2,1	2,1	1,8
14.08.2025 12:29:14	1,9	1,9	1,9	1,9	1,8	0,0	1,6	1,6	1,6	1,6	1,5	1,4
14.08.2025 12:29:20	6,9	6,8	5,3	3,1	1,6	3,7	6,3	6,2	4,3	6,3	2,4	1,3
14.08.2025 12:29:26	4,0	4,0	4,0	3,3	2,2	0,7	3,1	3,1	3,1	3,1	2,6	1,8
14.08.2025 12:29:32	2,0	2,0	2,0	2,0	1,9	0,0	1,6	1,6	1,6	1,6	1,6	1,6
14.08.2025 12:29:38	4,4	4,4	4,3	3,6	2,4	0,7	3,4	3,4	3,4	3,4	2,9	2,0
14.08.2025 12:29:44	2,7	2,7	2,7	2,6	2,2	0,1	2,1	2,1	2,1	2,1	2,1	1,8
14.08.2025 12:29:50	5,6	5,5	4,1	2,9	2,1	2,7	5,3	5,3	3,5	5,3	2,3	1,7
14.08.2025 12:29:56	2,7	2,7	2,7	2,7	2,5	0,0	2,2	2,2	2,2	2,2	2,1	2,0
14.08.2025 12:30:02	2,5	2,5	2,5	2,5	2,5	0,0	2,0	2,0	2,0	2,0	2,0	2,0
14.08.2025 12:30:08	3,3	3,3	3,3	3,1	2,5	0,2	2,6	2,6	2,6	2,6	2,5	2,1
14.08.2025 12:30:14	6,4	6,4	6,1	4,6	2,6	1,8	5,0	5,0	4,7	5,0	3,6	2,1
14.08.2025 12:30:20	4,7	4,7	3,9	2,5	2,1	2,2	4,3	4,3	3,4	4,3	2,0	1,7
14.08.2025 12:30:26	10,6	10,5	8,3	4,2	2,1	6,3	9,0	9,0	6,6	9,0	3,3	1,7
14.08.2025 12:30:32	3,7	3,7	3,7	3,4	2,5	0,3	2,9	2,9	2,9	2,9	2,7	2,0
14.08.2025 12:30:38	3,0	3,0	3,0	2,7	2,1	0,2	2,4	2,4	2,3	2,4	2,2	1,7
14.08.2025 12:30:44	2,8	2,8	2,8	2,8	2,4	0,1	2,3	2,3	2,3	2,3	2,2	1,9
14.08.2025 12:30:50	4,8	4,8	4,4	3,2	2,4	1,6	3,7	3,7	3,5	3,7	2,5	1,9
14.08.2025 12:30:56	2,9	2,9	2,9	2,8	2,4	0,1	2,3	2,3	2,3	2,3	2,2	1,9
14.08.2025 12:31:02	2,6	2,6	2,6	2,6	2,4	0,0	2,1	2,1	2,1	2,1	2,1	1,9
14.08.2025 12:31:08	3,7	3,7	3,5	2,8	2,2	0,8	2,9	2,9	2,8	2,9	2,3	1,8
14.08.2025 12:31:14	2,2	2,2	2,2	2,2	1,9	0,0	1,7	1,7	1,7	1,7	1,7	1,5
14.08.2025 12:31:20	3,0	3,0	3,0	2,9	2,5	0,1	2,4	2,4	2,4	2,4	2,3	2,1
14.08.2025 12:31:26	6,5	6,5	5,9	4,2	2,6	2,3	5,7	5,7	4,8	5,7	3,3	2,1
14.08.2025 12:31:32	3,9	3,9	3,9	3,4	2,4	0,5	3,1	3,1	3,0	3,1	2,7	1,9
14.08.2025 12:31:38	3,6	3,6	3,6	3,3	2,3	0,3	2,8	2,8	2,8	2,8	2,6	1,9
14.08.2025 12:31:44	4,8	4,8	4,7	3,9	2,5	0,9	3,7	3,7	3,6	3,7	3,0	2,0
14.08.2025 12:31:50	4,2	4,2	3,7	2,7	2,1	1,5	3,3	3,3	2,9	3,3	2,1	1,7
14.08.2025 12:31:56	3,3	3,3	3,3	3,0	2,4	0,2	2,6	2,6	2,6	2,6	2,4	2,0
14.08.2025 12:32:02	6,1	6,1	4,8	2,7	2,3	3,4	5,3	5,3	4,0	5,3	2,2	1,9
14.08.2025 12:32:08	3,0	3,0	3,0	2,8	2,3	0,2	2,4	2,4	2,4	2,4	2,2	1,8
14.08.2025 12:32:14	3,0	3,0	3,0	2,9	2,3	0,1	2,4	2,4	2,4	2,4	2,3	1,8
14.08.2025 12:32:20	2,6	2,6	2,6	2,5	1,8	0,1	2,0	2,0	2,0	2,0	2,0	1,5
14.08.2025 12:32:26	2,3	2,3	2,3	2,3	1,9	0,0	1,9	1,9	1,9	1,9	1,8	1,5
14.08.2025 12:32:32	2,4	2,4	2,4	2,4	2,3	0,0	1,9	1,9	1,9	1,9	1,9	1,8
14.08.2025 12:32:38	3,0	3,0	2,9	2,5	1,4	0,5	2,3	2,3	2,3	2,3	1,9	1,1
14.08.2025 12:32:44	2,5	2,5	2,5	2,4	1,9	0,1	2,0	2,0	2,0	2,0	1,9	1,5
14.08.2025 12:32:50	2,4	2,4	2,4	2,4	2,3	0,0	1,9	1,9	1,9	1,9	1,9	1,9
14.08.2025 12:32:56	6,7	6,4	4,2	3,1	1,7	3,2	6,6	6,3	3,4	6,6	2,4	1,4
14.08.2025 12:33:02	7,9	7,9	7,4	4,7	2,6	3,2	6,1	6,1	5,7	6,1	3,7	2,1
14.08.2025 12:33:08	4,4	4,4	4,3	3,6	2,2	0,8	3,4	3,4	3,4	3,4	2,8	1,8
14.08.2025 12:33:14	1,9	1,9	1,9	1,9	1,9	0,0	1,5	1,5	1,5	1,5	1,5	1,5
14.08.2025 12:33:20	2,4	2,4	2,4	2,4	2,2	0,0	1,9	1,9	1,9	1,9	1,9	1,8
14.08.2025 12:33:26	2,5	2,5	2,5	2,5	2,5	0,0	2,0	2,0	2,0	2,0	2,0	2,0
14.08.2025 12:33:32	7,4	7,4	6,9	4,2	2,4	3,3	5,7	5,7	5,3	5,7	3,2	2,0
14.08.2025 12:33:38	4,2	4,2	3,8	2,6	2,0	1,6	3,3	3,3	3,0	3,3	2,1	1,7
14.08.2025 12:33:44	3,5	3,5	3,5	3,4	2,4	0,2	2,8	2,8	2,8	2,8	2,7	1,9
14.08.2025 12:33:50	7,9	7,6	5,1	3,4	2,2	4,2	7,5	7,2	4,1	7,5	2,6	1,8
14.08.2025 12:33:56	3,7	3,7	3,6	3,5	2,6	0,2	2,9	2,9	2,9	2,9	2,8	2,1
14.08.2025 12:34:02	3,8	3,8	3,6	2,6	1,7	1,2	3,0	3,0	2,8	3,0	2,1	1,4
14.08.2025 12:34:08	5,9	5,9	5,7	4,4	2,0	1,4	4,5	4,5	4,4	4,5	3,4	1,6
14.08.2025 12:34:14	2,7	2,7	2,7	2,6	2,1	0,1	2,1	2,1	2,1	2,1	2,1	1,7
14.08.2025 12:34:20	3,2	3,2	3,2	3,2	2,7	0,0	2,6	2,6	2,6	2,6	2,5	2,2
14.08.2025 12:34:26	2,2	2,2	2,2	2,2	2,1	0,0	1,8	1,8	1,8	1,8	1,8	1,7
14.08.2025 12:34:32	2,6	2,6	2,6	2,6	2,6	0,0	2,1	2,1	2,1	2,1	2,1	2,1
14.08.2025 12:34:38	2,2	2,2	2,2	2,2	1,8	0,0	1,7	1,7	1,7	1,7	1,7	1,5
14.08.2025 12:34:44	2,0	2,0	2,0	2,0	1,8	0,0	1,6	1,6	1,6	1,6	1,6	1,4
14.08.2025 12:34:50	4,2	4,1	2,9	2,1	1,7	2,0	4,3	4,2	2,5	4,3	1,7	1,3
14.08.2025 12:34:56	2,2	2,2	2,2	2,1	1,6	0,1	1,7	1,7	1,7	1,7	1,7	1,3
14.08.2025 12:35:02	2,5	2,5	2,5	2,5	1,9	0,0	2,0	2,0	2,0	2,0	2,0	1,6
14.08.2025 12:35:08	2,6	2,6	2,6	2,5	2,2	0,0	2,1	2,1	2,1	2,1	2,0	1,8
14.08.2025 12:35:14	3,4	3,4	3,4	3,2	2,3	0,3	2,7	2,7	2,7	2,7	2,5	1,8
14.08.2025 12:35:20	3,9	3,9	3,7	2,9	2,1	1,0	3,0	3,0	2,9	3,0	2,3	1,7
14.08.2025 12:35:26	3,9	3,9	3,7	2,9	2,3	1,0	3,1	3,1	2,9	3,1	2,3	1,9
14.08.2025 12:35:32	3,9	3,9	3,8	3,1	1,7	0,8	3,0	3,0	2,9	3,0	2,4	1,3
14.08.2025 12:35:38	4,3	4,3	3,8	2,7	1,8	1,6	3,3	3,3	3,0	3,3	2,1	1,4
14.08.2025 12:35:44	3,4	3,4	3,4	3,2	2,3	0,3	2,7	2,7	2,7	2,7	2,5	1,9
14.08.2025 12:35:50	3,3	3,3	3,3	3,1	2,4	0,2	2,6	2,6	2,6	2,6	2,4	2,0
14.08.2025 12:35:56	2,4	2,4	2,4	2,4	2,2	0,0	2,0	2,0	2,0	2,0	1,9	1,7
14.08.2025 12:36:02	5,9	5,8	4,1	2,8	1,9	3,0	6,2	6,1	3,7	6,2	2,2	1,6
14.08.2025 12:36:08	4,7	4,7	4,6	3,9	2,5	0,8	3,7	3,7	3,6	3,7	3,1	2,0
14.08.2025 12:36:14	2,7	2,7	2,7	2,7	2,5	0,0	2,2	2,2	2,2	2,2	2,2	2,0
14.08.2025 12:36:20	4,9	4,9	4,3	2,9	2,3	2,0	3,8	3,8	3,3	3,8	2,3	1,8
14.08.2025 12:36:26	5,2	5,2	4,7	3,5	2,1	1,7	4,0	4,0	3,6	4,0	2,7	1,7
14.08.2025 12:36:32	2,0	2,0	2,0	2,0	2,0	0,0	1,6	1,6	1,6	1,6	1,6	1,6
14.08.2025 12:36:38	2,6	2,6	2,6	2,5	2,2	0,0	2,1	2,1	2,1	2,1	2,0	1,8
14.08.2025 12:36:44	2,8	2,8	2,8	2,7	2,2	0,1	2,2	2,2	2,2	2,2	2,2	1,8
14.08.2025 12:36:50	5,7	5,6	4,3	3,2	2,1	2,4	5,4	5,3	3,6	5,4	2,5	1,7
14.08.2025 12:36:56	3,5	3,5	3,4	2,8	2,2	0,6	2,7	2,7	2,7	2,7	2,2	1,8
14.08.2025 12:37:02	9,4	7,7	3,8	2,6	1,9	5,2	8,8	7,8	3,1	8,7	2,0	1,5
14.08.2025 12:37:08	6,9	6,6	3,4	2,1	1,9	4,4	8,1	7,7	3,4	8,1	1,7	1,5
14.08.2025 12:37:14	2,7	2,7	2,7	2,7	2,5	0,0	2,2	2,2	2,2	2,2	2,2	2,0
14.08.2025 12:37:20	3,2	3,2	3,1	2,9	2,2	0,3	2,5	2,5	2,5	2,5	2,3	1,8
14.08.2025 12:37:26	5,6	5,6	5,3	3,8	2,4	1,8	4,3	4,3	4,1	4,3	3,0	2,0
14.08.2025 12:37:32	1,8	1,8	1,8	1,8	1,8	0,0	1,4	1,4	1,4	1,4	1,4	1,4
14.08.2025 12:37:38	4,2	4,2	3,7	2,6	1,7	1,6	3,2	3,2	2,9	3,2	2,1	1,4
14.08.2025 12:37:44	2,3	2,3	2,3	2,3	2,3	0,0	1,9	1,9	1,9	1,9	1,9	1,9
14.08.2025 12:37:50	7,7	7,7	6,9	4,4	2,5	3,3	5,9	5,9	5,3	5,9	3,4	2,1
14.08.2025 12:37:56	4,8	4,7	3,5	2,7	2,1	2,0	4,7	4,6	3,0	4,7	2,2	1,7
14.08.2025 12:38:02	2,3	2,3	2,3	2,3	2,3	0,0	1,8	1,8	1,8	1,8	1,8	1,8
14.08.2025 12:38:08	7,5	7,5	6,6	3,8	2,3	3,7	5,8	5,8	5,1	5,8	3,0	1,8
14.08.2025 12:38:14	2,6	2,6	2,6	2,5	2,0	0,1	2,1	2,1	2,1	2,1	2,0	1,6
14.08.2025 12:38:20	2,6	2,6	2,6	2,4	1,8	0,2	2,1	2,1	2,1	2,1	1,9	1,5
14.08.2025 12:38:26	3,6	3,6	3,5	3,3	2,3	0,3	2,8	2,8	2,8	2,8	2,6	1,8
14.08.2025 12:38:32	4,5	4,5	4,0	2,6	2,0	1,9	3,5	3,5	3,1	3,5	2,0	1,6
14.08.2025 12:38:38	3,2	3,2	3,2	3,0	2,1	0,3	2,5	2,5	2,5	2,5	2,3	1,7
14.08.2025 12:38:44	4,7	4,7	4,1	2,8	2,3	1,9	3,6	3,6	3,2	3,6	2,2	1,8
14.08.2025 12:38:50	2,6	2,6	2,6	2,5	1,8	0,1	2,0	2,0	2,0	2,0	1,9	1,4
14.08.2025 12:38:56	4,7	4,7	4,0	2,7	2,2	2,0	4,3	4,3	3,4	4,3	2,2	1,8
14.08.2025 12:39:02	2,7	2,7	2,7	2,7	2,6	0,0	2,1	2,1	2,1	2,1	2,1	2,1
14.08.2025 12:39:08	6,0	6,0	5,0	3,1	2,3	2,8	4,6	4,6	3,9	4,6	2,5	1,8
14.08.2025 12:39:14	4,8	4,8	3,9	2,5	2,1	2,3	4,4	4,4	3,3	4,4	2,0	1,7
14.08.2025 12:39:20	3,9	3,9	3,9	3,4	2,2	0,5	3,1	3,1	3,1	3,1	2,7	1,8
14.08.2025 12:39:26	2,2	2,2	2,2	2,2	2,1	0,0	1,8	1,8	1,8	1,8	1,8	1,7
14.08.2025 12:39:32	8,2	8,2	6,6	3,5	1,7	4,8	6,9	6,9	5,4	6,9	2,7	1,4
14.08.2025 12:39:38	6,1	6,1	5,5	3,8	1,9	2,3	4,7	4,7	4,2	4,7	3,0	1,5
14.08.2025 12:39:44	5,6	5,6	5,2	3,2	2,0	2,4	4,3	4,3	4,0	4,3	2,5	1,7
14.08.2025 12:39:50	2,0	2,0	2,0	2,0	2,0	0,0	1,6	1,6	1,6	1,6	1,6	1,6
14.08.2025 12:39:56	3,4	3,4	3,4	3,1	2,1	0,3	2,7	2,7	2,7	2,7	2,4	1,7
14.08.2025 12:40:02	7,4	7,4	6,9	5,1	2,4	2,3	5,7	5,7	5,3	5,7	4,0	2,0
14.08.2025 12:40:08	3,2	3,2	3,2	3,0	2,2	0,2	2,5	2,5	2,5	2,5	2,4	1,7
14.08.2025 12:40:14	2,8	2,8	2,8	2,8	2,7	0,0	2,3	2,3	2,3	2,3	2,3	2,2
14.08.2025 12:40:20	4,4	4,4	4,1	2,8	1,9	1,7	3,4	3,4	3,2	3,4	2,2	1,5
14.08.2025 12:40:26	4,8	4,8	4,7	3,9	2,3	0,9	3,7	3,7	3,7	3,7	3,0	1,9
14.08.2025 12:40:32	2,7	2,7	2,7	2,6	2,3	0,0	2,1	2,1	2,1	2,1	2,1	1,8
14.08.2025 12:40:38	3,0	3,0	3,0	2,8	2,2	0,2	2,4	2,4	2,4	2,4	2,2	1,8
14.08.2025 12:40:44	2,1	2,1	2,1	2,1	2,1	0,0	1,7	1,7	1,7	1,7	1,7	1,7
14.08.2025 12:40:50	2,3	2,3	2,3	2,3	2,3	0,0	1,9	1,9	1,9	1,9	1,9	1,8
14.08.2025 12:40:56	4,9	4,9	4,7	3,4	2,0	1,5	3,8	3,8	3,6	3,8	2,7	1,6
14.08.2025 12:41:02	4,7	4,7	4,5	3,5	2,5	1,2	3,7	3,7	3,5	3,7	2,7	2,0
14.08.2025 12:41:08	2,6	2,6	2,6	2,5	2,1	0,1	2,1	2,1	2,1	2,1	2,0	1,7
14.08.2025 12:41:14	1,9	1,9	1,9	1,9	1,9	0,0	1,6	1,6	1,6	1,6	1,6	1,6
14.08.2025 12:41:20	1,9	1,9	1,9	1,9	1,9	0,0	1,6	1,6	1,6	1,6	1,6	1,6
14.08.2025 12:41:26	2,2	2,2	2,2	2,2	2,2	0,0	1,8	1,8	1,8	1,8	1,8	1,7
14.08.2025 12:41:32	3,2	3,2	3,2	3,0	2,3	0,3	2,6	2,6	2,5	2,6	2,4	1,8
14.08.2025 12:41:38	2,5	2,5	2,5	2,5	2,2	0,0	2,0	2,0	2,0	2,0	2,0	1,8
14.08.2025 12:41:44	2,7	2,7	2,7	2,7	2,4	0,0	2,2	2,2	2,2	2,2	2,1	1,9
14.08.2025 12:41:50	3,0	3,0	3,0	3,0	2,3	0,1	2,4	2,4	2,4	2,4	2,4	1,9
14.08.2025 12:41:56	5,6	5,6	5,1	3,9	2,3	1,7	4,3	4,3	3,9	4,3	3,0	1,9
14.08.2025 12:42:02	2,0	2,0	2,0	2,0	1,9	0,0	1,6	1,6	1,6	1,6	1,6	1,5
14.08.2025 12:42:08	5,1	5,1	4,8	3,3	1,9	1,8	3,9	3,9	3,7	3,9	2,6	1,5
14.08.2025 12:42:14	6,3	6,3	6,1	4,5	2,0	1,8	4,8	4,8	4,7	4,8	3,5	1,6
14.08.2025 12:42:20	2,5	2,5	2,5	2,5	2,4	0,0	2,0	2,0	2,0	2,0	2,0	2,0
14.08.2025 12:42:26	2,9	2,9	2,9	2,9	2,7	0,0	2,3	2,3	2,3	2,3	2,3	2,2
14.08.2025 12:42:32	7,2	7,2	6,2	4,2	2,4	3,0	5,5	5,5	4,8	5,5	3,3	1,9
14.08.2025 12:42:38	1,8	1,8	1,8	1,8	1,7	0,0	1,4	1,4	1,4	1,4	1,4	1,4
14.08.2025 12:42:44	4,3	4,3	3,8	2,7	2,0	1,5	3,3	3,3	3,0	3,3	2,2	1,6
14.08.2025 12:42:50	2,2	2,2	2,2	2,2	2,0	0,0	1,8	1,8	1,8	1,8	1,8	1,6
14.08.2025 12:42:56	6,3	6,3	5,5	3,2	2,1	3,0	4,8	4,8	4,2	4,8	2,6	1,7
14.08.2025 12:43:02	15,7	9,5	4,8	3,5	2,1	6,0	13,3	10,6	3,8	10,7	2,8	1,7
14.08.2025 12:43:08	5,6	5,6	5,2	3,3	1,8	2,3	4,3	4,3	4,0	4,3	2,6	1,5
14.08.2025 12:43:14	2,9	2,9	2,9	2,8	2,4	0,1	2,3	2,3	2,3	2,3	2,3	1,9
14.08.2025 12:43:20	2,2	2,2	2,2	2,2	1,8	0,0	1,8	1,8	1,8	1,8	1,7	1,5
14.08.2025 12:43:26	5,4	5,4	5,3	4,1	2,3	1,3	4,2	4,2	4,1	4,2	3,2	1,9
14.08.2025 12:43:32	5,6	5,6	4,9	3,3	2,1	2,4	5,0	5,0	4,1	5,0	2,6	1,7
14.08.2025 12:43:38	4,5	4,5	3,9	2,6	1,5	2,0	4,1	4,1	3,3	4,1	2,0	1,2
14.08.2025 12:43:44	4,1	4,1	3,8	2,6	1,6	1,5	3,2	3,2	2,9	3,2	2,0	1,3
14.08.2025 12:43:50	4,0	4,0	4,0	3,4	1,8	0,6	3,1	3,1	3,1	3,1	2,6	1,4
14.08.2025 12:43:56	6,6	6,6	5,8	3,8	2,5	2,9	5,8	5,8	4,8	5,8	3,0	2,0
14.08.2025 12:44:02	2,2	2,2	2,2	2,2	2,2	0,0	1,8	1,8	1,8	1,8	1,8	1,8
14.08.2025 12:44:08	3,3	3,3	3,3	3,2	2,6	0,1	2,6	2,6	2,6	2,6	2,6	2,1
14.08.2025 12:44:14	3,6	3,6	3,5	2,7	2,1	1,0	2,9	2,9	2,7	2,9	2,1	1,7
14.08.2025 12:44:20	8,3	8,2	6,4	3,5	1,9	4,7	7,3	7,2	5,2	7,3	2,7	1,6
14.08.2025 12:44:26	2,3	2,3	2,3	2,3	2,1	0,0	1,8	1,8	1,8	1,8	1,8	1,7
14.08.2025 12:44:32	2,3	2,3	2,3	2,3	2,0	0,0	1,8	1,8	1,8	1,8	1,8	1,6
14.08.2025 12:44:38	3,7	3,7	3,7	3,2	2,2	0,5	2,9	2,9	2,9	2,9	2,5	1,8
14.08.2025 12:44:44	4,8	4,8	4,6	3,3	2,1	1,5	3,7	3,7	3,6	3,7	2,6	1,7
14.08.2025 12:44:50	2,7	2,7	2,7	2,6	2,2	0,1	2,1	2,1	2,1	2,1	2,1	1,7
14.08.2025 12:44:56	4,6	4,6	4,1	2,5	2,0	2,2	3,6	3,6	3,2	3,6	2,0	1,6
14.08.2025 12:45:02	2,5	2,5	2,5	2,4	2,1	0,1	2,0	2,0	2,0	2,0	2,0	1,7
14.08.2025 12:45:08	2,5	2,5	2,5	2,4	2,1	0,0	2,0	2,0	2,0	2,0	1,9	1,7
14.08.2025 12:45:14	2,1	2,1	2,1	2,1	2,0	0,0	1,7	1,7	1,7	1,7	1,7	1,6
14.08.2025 12:45:20	5,1	5,1	4,2	2,8	2,1	2,3	4,6	4,6	3,5	4,6	2,2	1,7
14.08.2025 12:45:26	4,3	4,3	4,2	3,1	2,0	1,2	3,4	3,4	3,2	3,4	2,4	1,6
14.08.2025 12:45:32	3,9	3,9	3,2	2,0	1,6	1,8	3,7	3,7	2,8	3,7	1,6	1,3
14.08.2025 12:45:38	1,8	1,8	1,8	1,8	1,8	0,0	1,5	1,5	1,5	1,5	1,5	1,5
14.08.2025 12:45:44	4,4	4,4	4,0	2,7	1,8	1,7	3,4	3,4	3,1	3,4	2,1	1,5
14.08.2025 12:45:50	4,7	4,7	4,2	3,1	2,5	1,5	3,6	3,6	3,3	3,6	2,5	2,0
14.08.2025 12:45:56	4,0	4,0	3,9	3,3	2,2	0,7	3,1	3,1	3,1	3,1	2,6	1,8
14.08.2025 12:46:02	3,9	3,9	3,9	3,6	2,5	0,3	3,1	3,1	3,1	3,1	2,8	2,0
