<Header>
User name: CF
Location: laboratory
# of Location: 1
Model: 1.109
Serial No.: 9G050007
Firmware revision: 12.30E
Software revision: 7-1 Rev XII (27-02-2019)
Unit: ug/m3
C-factor: 1,00
Comment: test run 1. background, 2. aircleaner, 3. leakage
online data
<Data>
[d&t31.12.2035 11:50:55]	PM10 [ug/m3]	PM2,5 [ug/m3]	PM1 [ug/m3]	Inhalable [ug/m3]	Thoracic [ug/m3]	Alveolic [ug/m3]
31.07.2025 11:32:33	14,5	6,2	2,8	15,1	13,8	8,2
31.07.2025 11:33:33	18,5	6,0	2,8	19,7	17,3	8,5
31.07.2025 11:34:33	16,4	6,1	2,7	19,1	16,2	8,5
31.07.2025 11:35:33	21,7	5,6	2,7	22,7	20,1	8,7
31.07.2025 11:36:33	15,3	5,7	2,7	15,4	14,7	8,3
31.07.2025 11:37:33	13,4	5,6	2,7	24,2	15,2	7,6
31.07.2025 11:38:33	22,8	5,3	2,7	27,7	21,5	8,1
31.07.2025 11:39:33	16,1	5,4	2,7	17,2	15,2	7,6
31.07.2025 11:40:33	15,0	5,8	2,7	18,2	14,9	7,7
31.07.2025 11:41:33	15,3	5,3	2,6	16,8	14,5	7,4
31.07.2025 11:42:33	14,7	4,5	2,7	14,8	13,5	6,5
31.07.2025 11:43:33	16,0	5,5	2,7	16,6	15,1	7,8
31.07.2025 11:44:33	15,7	6,4	2,7	17,2	15,2	8,7
31.07.2025 11:45:33	18,8	5,9	2,7	24,3	18,6	8,0
31.07.2025 11:46:33	18,5	6,5	2,7	21,7	18,2	8,9
31.07.2025 11:47:33	13,4	4,9	2,6	13,9	12,9	7,0
31.07.2025 11:48:33	13,1	5,1	2,6	14,2	12,4	6,8
31.07.2025 11:49:33	11,5	5,1	2,6	11,6	10,8	6,5
31.07.2025 11:50:33	14,8	5,1	2,6	16,8	14,1	7,0
31.07.2025 11:51:33	12,1	4,7	2,5	12,6	11,7	6,7
31.07.2025 11:52:33	14,8	5,6	2,7	19,1	14,9	7,7
31.07.2025 11:53:33	13,6	6,1	2,7	25,8	14,4	8,1
31.07.2025 11:54:33	14,2	5,8	2,6	16,9	14,1	7,6
31.07.2025 11:55:33	16,9	5,5	2,6	18,0	15,8	7,8
31.07.2025 11:56:33	13,1	5,1	2,7	14,1	12,3	6,7
31.07.2025 11:57:33	13,2	4,8	2,6	19,8	13,8	6,6
31.07.2025 11:58:33	13,6	5,6	2,5	14,1	12,7	7,2
31.07.2025 11:59:33	12,3	4,9	2,6	12,9	11,7	6,6
31.07.2025 12:00:33	10,6	5,3	2,6	10,6	10,2	6,6
31.07.2025 12:01:33	15,6	4,9	2,6	23,7	16,7	7,0
31.07.2025 12:02:33	13,1	5,2	2,6	25,4	13,6	7,0
31.07.2025 12:03:33	11,8	5,0	2,5	11,8	11,2	6,7
31.07.2025 12:04:33	11,4	5,2	2,6	12,4	11,1	6,8
31.07.2025 12:05:33	14,8	4,9	2,5	15,9	13,8	6,9
31.07.2025 12:06:33	15,0	5,4	2,5	17,7	14,6	7,3
31.07.2025 12:07:33	13,2	5,3	2,6	13,2	12,6	7,2
31.07.2025 12:08:33	12,5	4,4	2,4	13,5	11,7	5,9
31.07.2025 12:09:33	11,8	5,2	2,5	11,9	11,2	6,8
31.07.2025 12:10:33	13,0	4,8	2,4	13,5	12,3	6,5
31.07.2025 12:11:33	10,6	4,5	2,5	10,6	10,2	6,0
31.07.2025 12:12:33	10,7	5,0	2,5	10,7	10,2	6,4
31.07.2025 12:13:33	11,2	5,1	2,5	11,2	10,7	6,7
31.07.2025 12:14:33	12,1	5,2	2,6	12,6	11,6	7,0
31.07.2025 12:15:33	9,9	4,8	2,5	9,9	9,6	6,3
31.07.2025 12:16:33	9,2	4,5	2,4	9,2	9,0	5,8
31.07.2025 12:17:33	9,1	4,8	2,4	9,1	8,9	6,2
31.07.2025 12:18:33	8,7	4,3	2,3	9,2	8,5	5,5
31.07.2025 12:19:33	8,3	4,2	2,3	10,5	8,7	5,4
31.07.2025 12:20:33	9,2	5,2	2,4	9,3	8,9	6,3
31.07.2025 12:21:33	10,5	4,2	2,4	11,5	9,9	5,4
31.07.2025 12:22:33	10,0	4,2	2,4	12,2	10,0	5,4
31.07.2025 12:23:33	7,6	4,1	2,4	7,6	7,6	5,4
31.07.2025 12:24:33	9,4	4,6	2,4	9,5	9,2	6,1
31.07.2025 12:25:33	9,7	4,5	2,4	9,7	9,1	5,7
31.07.2025 12:26:33	9,9	4,6	2,4	10,0	9,3	5,7
31.07.2025 12:27:33	9,6	4,5	2,4	12,3	9,8	5,5
31.07.2025 12:28:33	9,4	4,7	2,3	9,4	9,0	5,9
31.07.2025 12:29:33	7,5	4,2	2,4	8,0	7,4	5,1
31.07.2025 12:30:33	8,7	4,5	2,3	8,7	8,4	5,6
31.07.2025 12:31:33	8,0	4,3	2,3	8,1	7,8	5,4
31.07.2025 12:32:33	6,4	4,0	2,3	6,4	6,4	4,8
31.07.2025 12:33:33	8,7	4,0	2,3	8,8	8,3	5,1
31.07.2025 12:34:33	6,6	4,3	2,3	6,6	6,5	5,2
31.07.2025 12:35:33	8,6	4,5	2,3	12,8	9,2	5,7
31.07.2025 12:36:33	7,3	3,7	2,3	7,3	7,2	4,9
31.07.2025 12:37:33	6,9	4,2	2,2	6,9	6,8	5,0
31.07.2025 12:38:33	7,0	3,9	2,3	7,0	6,8	4,7
31.07.2025 12:39:33	10,5	4,1	2,2	10,6	9,9	5,3
31.07.2025 12:40:33	6,6	3,8	2,2	7,1	6,5	4,5
31.07.2025 12:41:33	7,0	3,8	2,2	7,1	6,8	4,7
31.07.2025 12:42:33	6,6	4,0	2,2	6,6	6,4	4,7
31.07.2025 12:43:33	6,1	4,4	2,3	6,1	6,1	5,0
31.07.2025 12:44:33	8,6	4,3	2,3	8,6	8,2	5,3
31.07.2025 12:45:33	10,6	3,8	2,1	11,2	10,1	5,3
31.07.2025 12:46:33	6,9	4,2	2,2	6,9	6,8	5,1
31.07.2025 12:47:33	6,8	3,9	2,2	7,3	6,6	4,5
31.07.2025 12:48:33	6,4	4,2	2,2	6,4	6,4	5,1
31.07.2025 12:49:33	7,7	3,8	2,2	7,7	7,4	4,8
31.07.2025 12:50:33	5,2	3,5	2,2	5,2	5,1	4,0
31.07.2025 12:51:33	7,4	3,7	2,2	7,4	7,2	4,7
31.07.2025 12:52:33	6,5	3,7	2,1	7,0	6,2	4,3
31.07.2025 12:53:33	7,5	4,2	2,2	7,5	7,4	5,3
31.07.2025 12:54:33	5,7	3,4	2,1	5,7	5,6	4,2
31.07.2025 12:55:33	5,6	3,4	2,1	5,6	5,5	4,1
31.07.2025 12:56:33	7,0	3,6	2,1	7,5	6,8	4,4
31.07.2025 12:57:33	5,3	3,5	2,2	5,3	5,2	4,0
31.07.2025 12:58:33	7,1	3,8	2,1	7,6	7,0	4,7
31.07.2025 12:59:33	6,5	3,5	2,1	6,5	6,3	4,3
31.07.2025 13:00:33	5,5	3,5	2,1	5,5	5,4	4,2
31.07.2025 13:01:33	7,3	3,5	2,1	7,3	7,1	4,7
31.07.2025 13:02:33	4,8	3,1	2,1	4,8	4,8	3,8
31.07.2025 13:03:33	6,4	3,6	2,1	6,4	6,3	4,4
31.07.2025 13:04:33	5,1	3,5	2,1	5,1	5,0	4,1
31.07.2025 13:05:33	6,2	4,0	2,2	6,2	6,1	4,8
31.07.2025 13:06:33	5,7	3,4	2,1	5,7	5,5	4,1
31.07.2025 13:07:33	4,4	3,0	2,0	4,4	4,4	3,5
31.07.2025 13:08:33	5,3	3,7	2,1	5,3	5,3	4,3
31.07.2025 13:09:33	5,3	3,7	2,1	5,3	5,2	4,2
31.07.2025 13:10:33	5,2	3,5	2,0	5,2	5,1	4,1
31.07.2025 13:11:33	5,4	3,2	2,0	5,4	5,1	3,7
31.07.2025 13:12:33	4,9	3,2	2,0	4,9	4,9	3,9
31.07.2025 13:13:33	5,3	3,5	2,1	5,3	5,2	4,1
31.07.2025 13:14:33	7,2	4,0	2,1	7,2	7,0	4,9
31.07.2025 13:15:33	4,5	3,5	2,0	4,5	4,5	3,9
31.07.2025 13:16:33	5,2	3,5	2,1	5,2	5,2	4,2
31.07.2025 13:17:33	5,9	3,8	2,1	5,9	5,8	4,4
31.07.2025 13:18:33	4,5	3,0	1,9	4,5	4,5	3,6
31.07.2025 13:19:33	5,9	3,4	2,0	8,1	6,4	4,0
31.07.2025 13:20:33	5,3	3,3	2,1	5,3	5,2	4,0
31.07.2025 13:21:33	5,0	3,6	2,1	5,0	5,0	4,1
31.07.2025 13:22:33	6,0	3,6	2,1	6,0	5,8	4,2
31.07.2025 13:23:33	6,5	3,7	2,0	6,5	6,4	4,7
31.07.2025 13:24:33	4,7	3,4	2,0	4,7	4,7	4,0
31.07.2025 13:25:33	5,4	3,0	2,0	5,4	5,2	3,5
31.07.2025 13:26:33	5,4	3,2	1,9	5,4	5,3	3,8
31.07.2025 13:27:33	4,9	3,0	2,0	4,9	4,6	3,2
31.07.2025 13:28:33	3,6	2,7	2,0	3,6	3,6	3,1
31.07.2025 13:29:33	5,8	3,8	2,1	5,8	5,6	4,3
31.07.2025 13:30:33	4,8	3,0	2,0	4,8	4,8	3,7
31.07.2025 13:31:33	4,0	3,0	1,9	4,0	4,0	3,4
31.07.2025 13:32:33	5,1	3,5	1,9	5,1	5,0	4,0
31.07.2025 13:33:33	5,0	3,1	1,9	5,0	5,0	3,9
31.07.2025 13:34:33	4,5	3,5	2,0	4,5	4,5	3,9
31.07.2025 13:35:33	5,1	3,2	2,0	5,2	5,0	3,7
31.07.2025 13:36:33	5,9	3,2	2,0	5,9	5,7	4,0
31.07.2025 13:37:33	5,9	3,2	1,9	5,9	5,7	3,9
31.07.2025 13:38:33	4,5	3,2	2,0	4,5	4,5	3,7
31.07.2025 13:39:33	4,0	3,0	1,9	4,0	3,9	3,3
31.07.2025 13:40:33	5,0	3,4	1,9	5,0	5,0	4,0
31.07.2025 13:41:33	4,1	3,0	1,9	4,1	4,1	3,3
31.07.2025 13:42:33	4,3	3,0	2,0	4,3	4,2	3,5
31.07.2025 13:43:33	4,5	3,1	1,9	4,5	4,5	3,5
31.07.2025 13:44:33	3,8	2,8	1,9	3,8	3,8	3,2
31.07.2025 13:45:33	4,1	3,0	1,9	4,1	4,1	3,4
31.07.2025 13:46:33	3,6	3,0	1,9	3,6	3,6	3,2
31.07.2025 13:47:33	5,3	3,5	1,9	5,3	5,3	4,3
31.07.2025 13:48:33	4,5	3,0	2,0	4,5	4,5	3,5
31.07.2025 13:49:33	4,0	2,9	2,0	4,0	3,9	3,2
31.07.2025 13:50:33	4,5	2,7	1,9	4,6	4,3	3,1
31.07.2025 13:51:33	3,6	2,9	1,9	3,6	3,6	3,1
31.07.2025 13:52:33	5,0	2,9	1,8	5,0	4,8	3,3
31.07.2025 13:53:33	3,9	3,2	1,9	3,9	3,9	3,5
31.07.2025 13:54:33	4,3	3,1	1,9	4,3	4,3	3,6
31.07.2025 13:55:33	3,5	2,6	1,9	3,5	3,5	3,0
31.07.2025 13:56:33	4,0	3,1	1,9	4,0	4,0	3,4
31.07.2025 13:57:33	4,0	2,9	1,8	4,0	3,9	3,3
31.07.2025 13:58:33	4,0	2,9	1,9	4,0	4,0	3,3
31.07.2025 13:59:33	3,9	2,9	1,8	3,9	3,9	3,3
31.07.2025 14:00:33	3,8	2,7	1,9	3,8	3,7	3,0
31.07.2025 14:01:33	4,0	2,7	1,9	4,0	4,0	3,1
31.07.2025 14:02:33	4,2	2,6	1,8	4,2	4,0	2,9
31.07.2025 14:03:33	3,6	2,6	1,9	3,6	3,6	3,0
31.07.2025 14:04:33	3,9	2,9	1,8	3,9	3,9	3,2
31.07.2025 14:05:33	3,9	2,8	1,8	3,9	3,9	3,3
31.07.2025 14:06:33	3,8	3,0	1,9	3,8	3,8	3,3
31.07.2025 14:07:33	3,1	2,5	1,9	3,1	3,1	2,7
31.07.2025 14:08:33	3,6	2,7	1,8	3,6	3,5	2,9
31.07.2025 14:09:33	3,6	2,8	1,9	3,6	3,6	3,1
31.07.2025 14:10:33	4,0	3,2	1,8	4,0	4,0	3,5
31.07.2025 14:11:33	3,9	2,7	1,8	3,9	3,9	3,2
31.07.2025 14:12:33	4,2	2,6	1,8	4,3	4,1	3,1
31.07.2025 14:13:33	3,9	2,7	1,8	3,9	3,8	3,1
31.07.2025 14:14:33	3,3	2,5	1,8	3,3	3,3	2,8
31.07.2025 14:15:33	3,1	2,6	1,8	3,1	3,1	2,8
31.07.2025 14:16:33	3,6	2,8	1,8	3,6	3,6	3,1
31.07.2025 14:17:33	3,1	2,7	1,8	3,1	3,1	2,8
31.07.2025 14:18:33	4,0	2,8	1,8	4,0	3,9	3,1
31.07.2025 14:19:33	3,8	2,9	1,8	3,8	3,8	3,3
31.07.2025 14:20:33	3,7	2,7	1,8	3,7	3,7	3,0
31.07.2025 14:21:33	4,5	3,0	1,8	4,5	4,4	3,4
31.07.2025 14:22:33	3,1	2,5	1,8	3,1	3,1	2,7
31.07.2025 14:23:33	3,3	2,6	1,8	3,3	3,2	2,8
31.07.2025 14:24:33	3,0	2,6	1,7	3,0	3,0	2,8
31.07.2025 14:25:33	3,7	2,7	1,7	3,7	3,7	3,1
31.07.2025 14:26:33	2,8	2,3	1,7	2,8	2,8	2,5
31.07.2025 14:27:33	3,1	2,4	1,8	3,1	3,1	2,6
31.07.2025 14:28:33	3,2	2,6	1,7	3,2	3,2	2,8
31.07.2025 14:29:33	3,4	2,8	1,8	3,4	3,4	3,0
31.07.2025 14:30:33	4,5	2,5	1,7	4,5	4,4	3,0
31.07.2025 14:31:33	2,7	2,5	1,8	2,7	2,7	2,6
31.07.2025 14:32:33	2,9	2,6	1,8	2,9	2,9	2,7
31.07.2025 14:33:33	3,4	2,7	1,8	3,4	3,4	3,0
31.07.2025 14:34:33	3,7	2,5	1,7	3,7	3,6	2,9
31.07.2025 14:35:33	3,3	2,5	1,7	3,3	3,2	2,8
31.07.2025 14:36:33	3,8	3,0	1,8	3,8	3,7	3,3
31.07.2025 14:37:33	3,3	2,7	1,8	3,3	3,3	3,0
31.07.2025 14:38:33	3,5	2,6	1,7	3,5	3,4	2,9
31.07.2025 14:39:33	3,3	2,3	1,7	3,3	3,3	2,6
31.07.2025 14:40:33	3,1	2,4	1,7	3,1	3,1	2,7
31.07.2025 14:41:33	2,5	2,3	1,7	2,5	2,5	2,4
31.07.2025 14:42:33	2,6	2,4	1,7	2,6	2,6	2,5
31.07.2025 14:43:33	2,8	2,4	1,7	2,8	2,8	2,6
31.07.2025 14:44:33	2,6	2,2	1,7	2,6	2,6	2,4
31.07.2025 14:45:33	3,0	2,4	1,7	3,0	3,0	2,6
31.07.2025 14:46:33	3,1	2,7	1,7	3,1	3,1	2,9
31.07.2025 14:47:33	2,5	2,1	1,6	2,5	2,5	2,3
31.07.2025 14:48:33	3,1	2,7	1,7	3,1	3,1	2,9
31.07.2025 14:49:33	3,1	2,7	1,7	3,1	3,1	2,9
31.07.2025 14:50:33	3,3	2,6	1,7	3,3	3,2	2,8
31.07.2025 14:51:33	3,1	2,7	1,7	3,1	3,1	2,8
31.07.2025 14:52:33	2,8	2,4	1,7	2,8	2,8	2,6
31.07.2025 14:53:33	3,3	2,5	1,7	3,3	3,3	2,8
31.07.2025 14:54:33	2,8	2,4	1,7	2,8	2,8	2,5
31.07.2025 14:55:33	3,2	2,5	1,7	3,2	3,2	2,8
31.07.2025 14:56:33	4,2	2,6	1,7	4,2	4,1	3,1
31.07.2025 14:57:33	2,8	2,4	1,7	2,8	2,8	2,6
31.07.2025 14:58:33	3,0	2,5	1,7	3,0	3,0	2,7
31.07.2025 14:59:33	2,5	2,1	1,7	2,5	2,5	2,2
31.07.2025 15:00:33	3,0	2,5	1,7	3,0	3,0	2,7
31.07.2025 15:01:33	2,5	2,3	1,6	2,5	2,5	2,4
31.07.2025 15:02:33	2,9	2,4	1,7	2,9	2,9	2,6
31.07.2025 15:03:33	2,6	2,4	1,6	2,6	2,6	2,5
31.07.2025 15:04:33	2,1	2,0	1,6	2,1	2,1	2,1
31.07.2025 15:05:33	2,5	2,2	1,6	2,5	2,5	2,4
31.07.2025 15:06:33	2,1	2,0	1,6	2,1	2,1	2,0
31.07.2025 15:07:33	2,8	2,4	1,7	2,8	2,8	2,5
31.07.2025 15:08:33	2,6	2,2	1,7	2,6	2,6	2,3
31.07.2025 15:09:33	2,8	2,3	1,6	2,8	2,8	2,5
31.07.2025 15:10:33	3,4	2,4	1,7	3,4	3,3	2,6
31.07.2025 15:11:33	2,8	2,4	1,6	2,8	2,8	2,6
31.07.2025 15:12:33	2,4	2,2	1,6	2,4	2,4	2,3
31.07.2025 15:13:33	2,9	2,3	1,6	2,9	2,9	2,5
31.07.2025 15:14:33	2,5	2,1	1,6	2,5	2,5	2,3
31.07.2025 15:15:33	2,3	2,2	1,6	2,3	2,3	2,2
31.07.2025 15:16:33	2,8	2,3	1,7	2,8	2,8	2,5
31.07.2025 15:17:33	2,5	2,3	1,6	2,5	2,5	2,4
31.07.2025 15:18:33	2,5	2,2	1,6	2,5	2,5	2,3
31.07.2025 15:19:33	3,0	2,6	1,7	3,0	3,0	2,8
31.07.2025 15:20:33	2,4	2,1	1,6	2,4	2,4	2,2
31.07.2025 15:21:33	2,4	2,1	1,6	2,4	2,4	2,2
31.07.2025 15:22:33	2,8	2,6	1,6	2,8	2,8	2,7
31.07.2025 15:23:33	2,6	2,1	1,6	2,6	2,6	2,3
31.07.2025 15:24:33	2,9	2,4	1,6	2,9	2,9	2,6
31.07.2025 15:25:33	2,6	2,2	1,6	2,6	2,6	2,4
31.07.2025 15:26:33	2,4	2,1	1,6	2,4	2,4	2,2
31.07.2025 15:27:33	2,1	2,0	1,6	2,1	2,1	2,1
31.07.2025 15:28:33	2,7	2,1	1,6	2,7	2,6	2,2
31.07.2025 15:29:33	2,6	2,2	1,6	2,6	2,6	2,4
31.07.2025 15:30:33	2,8	2,3	1,6	2,8	2,8	2,5
31.07.2025 15:31:33	2,0	1,9	1,6	2,0	2,0	1,9
31.07.2025 15:32:33	2,9	2,3	1,6	2,9	2,9	2,5
31.07.2025 15:33:33	2,6	2,3	1,6	2,6	2,6	2,4
31.07.2025 15:34:33	2,7	2,4	1,6	2,7	2,7	2,5
31.07.2025 15:35:33	2,2	2,0	1,6	2,2	2,2	2,1
31.07.2025 15:36:33	3,2	2,4	1,6	3,2	3,2	2,7
31.07.2025 15:37:33	2,2	2,1	1,6	2,2	2,2	2,1
31.07.2025 15:38:33	2,6	2,1	1,6	2,6	2,6	2,3
31.07.2025 15:39:33	2,8	2,3	1,6	2,8	2,8	2,5
31.07.2025 15:40:33	1,8	1,8	1,5	1,8	1,8	1,8
31.07.2025 15:41:33	2,9	2,0	1,5	2,9	2,8	2,2
31.07.2025 15:42:33	3,1	2,5	1,6	3,1	3,1	2,7
31.07.2025 15:43:33	3,1	2,4	1,6	3,1	3,1	2,7
31.07.2025 15:44:33	2,3	2,1	1,6	2,3	2,3	2,2
31.07.2025 15:45:33	2,6	2,4	1,6	2,6	2,6	2,4
31.07.2025 15:46:33	2,1	2,0	1,5	2,1	2,1	2,0
31.07.2025 15:47:33	3,0	2,5	1,6	3,0	3,0	2,7
31.07.2025 15:48:33	2,6	2,1	1,5	2,6	2,6	2,3
31.07.2025 15:49:33	2,3	2,1	1,6	2,3	2,3	2,2
31.07.2025 15:50:33	2,4	2,2	1,6	2,4	2,4	2,3
31.07.2025 15:51:33	2,4	2,1	1,5	2,4	2,4	2,2
31.07.2025 15:52:33	2,6	2,2	1,6	2,6	2,6	2,3
31.07.2025 15:53:33	2,9	1,9	1,5	2,9	2,9	2,3
31.07.2025 15:54:33	3,2	2,1	1,5	3,2	3,0	2,2
31.07.2025 15:55:33	2,5	2,1	1,5	2,5	2,5	2,2
31.07.2025 15:56:33	2,2	2,0	1,5	2,2	2,2	2,1
31.07.2025 15:57:33	2,6	2,2	1,5	2,6	2,6	2,4
31.07.2025 15:58:33	2,1	1,9	1,5	2,1	2,1	2,0
31.07.2025 15:59:33	2,2	1,9	1,5	2,2	2,2	2,1
31.07.2025 16:00:33	2,4	1,9	1,5	2,4	2,4	2,0
31.07.2025 16:01:33	2,7	2,2	1,5	2,7	2,7	2,3
31.07.2025 16:02:33	2,6	2,1	1,5	2,6	2,6	2,2
31.07.2025 16:03:33	1,9	1,8	1,5	1,9	1,9	1,8
31.07.2025 16:04:33	2,7	2,3	1,5	2,7	2,7	2,4
31.07.2025 16:05:33	2,0	1,8	1,5	2,0	2,0	1,9
31.07.2025 16:06:33	2,1	1,9	1,5	2,1	2,1	2,0
31.07.2025 16:07:33	2,0	1,9	1,5	2,0	2,0	1,9
31.07.2025 16:08:33	3,0	2,2	1,5	3,0	2,9	2,3
31.07.2025 16:09:33	2,7	1,9	1,5	2,7	2,7	2,2
31.07.2025 16:10:33	2,2	1,8	1,5	2,2	2,2	2,0
31.07.2025 16:11:33	2,3	1,8	1,5	2,3	2,3	2,0
31.07.2025 16:12:33	2,0	1,8	1,5	2,0	2,0	1,9
31.07.2025 16:13:33	3,3	2,0	1,5	3,3	3,2	2,3
31.07.2025 16:14:33	2,1	1,9	1,5	2,1	2,1	2,0
31.07.2025 16:15:33	1,9	1,8	1,5	1,9	1,9	1,9
31.07.2025 16:16:33	2,4	2,1	1,5	2,4	2,4	2,2
31.07.2025 16:17:33	2,7	2,1	1,5	2,7	2,7	2,3
31.07.2025 16:18:33	2,0	1,9	1,5	2,0	2,0	1,9
31.07.2025 16:19:33	2,3	1,9	1,4	2,3	2,3	2,1
31.07.2025 16:20:33	2,3	1,9	1,5	2,3	2,3	2,0
31.07.2025 16:21:33	2,2	1,9	1,5	2,2	2,2	2,0
31.07.2025 16:22:33	2,5	2,2	1,5	2,5	2,5	2,3
31.07.2025 16:23:33	2,4	2,0	1,5	2,4	2,4	2,1
31.07.2025 16:24:33	2,0	1,9	1,5	2,0	2,0	2,0
31.07.2025 16:25:33	2,0	1,9	1,5	2,0	2,0	1,9
31.07.2025 16:26:33	2,3	2,2	1,5	2,3	2,3	2,2
31.07.2025 16:27:33	2,6	2,1	1,4	2,6	2,5	2,3
31.07.2025 16:28:33	2,0	1,9	1,5	2,0	2,0	2,0
31.07.2025 16:29:33	2,0	2,0	1,5	2,0	2,0	2,0
31.07.2025 16:30:33	2,3	2,0	1,5	2,3	2,3	2,1
31.07.2025 16:31:33	1,9	1,8	1,4	1,9	1,9	1,9
31.07.2025 16:32:33	1,9	1,8	1,5	1,9	1,9	1,9
31.07.2025 16:33:33	1,9	1,8	1,5	1,9	1,9	1,8
31.07.2025 16:34:33	1,9	1,8	1,4	1,9	1,9	1,8
31.07.2025 16:35:33	1,9	1,8	1,4	1,9	1,9	1,9
31.07.2025 16:36:33	2,0	1,9	1,5	2,0	2,0	2,0
31.07.2025 16:37:33	1,9	1,7	1,5	1,9	1,9	1,8
31.07.2025 16:38:33	2,3	1,9	1,4	2,3	2,3	2,0
31.07.2025 16:39:33	1,8	1,7	1,4	1,8	1,8	1,8
31.07.2025 16:40:33	2,0	1,9	1,5	2,0	2,0	1,9
31.07.2025 16:41:33	2,1	1,9	1,5	2,1	2,1	2,0
31.07.2025 16:42:33	2,2	1,9	1,4	2,2	2,2	2,0
31.07.2025 16:43:33	2,3	2,1	1,5	2,3	2,3	2,2
31.07.2025 16:44:33	1,8	1,7	1,4	1,8	1,8	1,7
31.07.2025 16:45:33	2,0	1,8	1,4	2,0	2,0	1,9
31.07.2025 16:46:33	1,8	1,7	1,4	1,8	1,8	1,7
31.07.2025 16:47:33	2,0	1,9	1,4	2,0	2,0	2,0
31.07.2025 16:48:33	2,2	1,8	1,4	2,2	2,2	2,0
31.07.2025 16:49:33	2,4	2,2	1,5	2,4	2,4	2,2
31.07.2025 16:50:33	2,0	1,8	1,4	2,0	2,0	1,8
31.07.2025 16:51:33	1,8	1,7	1,4	1,8	1,8	1,7
31.07.2025 16:52:33	2,0	1,9	1,4	2,0	2,0	2,0
31.07.2025 16:53:33	1,7	1,6	1,4	1,7	1,7	1,7
31.07.2025 16:54:33	1,7	1,6	1,4	1,7	1,7	1,6
31.07.2025 16:55:33	1,7	1,6	1,4	1,7	1,7	1,6
31.07.2025 16:56:33	1,8	1,7	1,4	1,8	1,8	1,8
31.07.2025 16:57:33	1,7	1,6	1,4	1,7	1,7	1,6
31.07.2025 16:58:33	1,7	1,7	1,4	1,7	1,7	1,7
31.07.2025 16:59:33	2,1	2,0	1,5	2,1	2,1	2,1
31.07.2025 17:00:33	2,1	1,7	1,4	2,1	2,0	1,8
31.07.2025 17:01:33	2,2	1,8	1,5	2,2	2,2	1,9
31.07.2025 17:02:33	1,9	1,8	1,4	1,9	1,9	1,8
31.07.2025 17:03:33	2,1	2,0	1,4	2,1	2,1	2,0
31.07.2025 17:04:33	1,9	1,8	1,4	1,9	1,9	1,9
31.07.2025 17:05:33	2,1	2,0	1,4	2,1	2,1	2,0
31.07.2025 17:06:33	1,9	1,8	1,4	1,9	1,9	1,8
31.07.2025 17:07:33	1,8	1,7	1,4	1,8	1,8	1,8
31.07.2025 17:08:33	1,9	1,7	1,4	1,9	1,9	1,8
31.07.2025 17:09:33	1,8	1,8	1,4	1,8	1,8	1,8
31.07.2025 17:10:33	2,1	1,9	1,4	2,1	2,1	2,0
31.07.2025 17:11:33	1,6	1,6	1,4	1,6	1,6	1,6
31.07.2025 17:12:33	1,8	1,8	1,4	1,8	1,8	1,8
31.07.2025 17:13:33	1,9	1,8	1,4	1,9	1,9	1,8
31.07.2025 17:14:33	2,0	1,8	1,4	2,0	2,0	1,9
31.07.2025 17:15:33	1,9	1,7	1,4	1,9	1,9	1,8
31.07.2025 17:16:33	1,9	1,7	1,4	1,9	1,9	1,8
31.07.2025 17:17:33	1,8	1,6	1,4	1,8	1,8	1,7
31.07.2025 17:18:33	2,4	2,0	1,4	2,4	2,4	2,1
31.07.2025 17:19:33	1,7	1,7	1,4	1,7	1,7	1,7
31.07.2025 17:20:33	1,8	1,6	1,4	1,8	1,8	1,6
31.07.2025 17:21:33	1,9	1,8	1,3	1,9	1,9	1,8
31.07.2025 17:22:33	2,1	1,9	1,4	2,1	2,1	2,0
31.07.2025 17:23:33	2,5	1,9	1,4	2,5	2,4	2,0
31.07.2025 17:24:33	2,0	1,8	1,3	2,0	2,0	1,9
31.07.2025 17:25:33	2,0	1,7	1,4	2,0	2,0	1,8
31.07.2025 17:26:33	2,0	1,6	1,4	2,0	1,9	1,7
31.07.2025 17:27:33	1,9	1,7	1,4	1,9	1,9	1,7
31.07.2025 17:28:33	1,7	1,7	1,4	1,7	1,7	1,7
31.07.2025 17:29:33	1,7	1,6	1,4	1,7	1,7	1,6
31.07.2025 17:30:33	1,8	1,7	1,4	1,8	1,8	1,8
31.07.2025 17:31:33	1,9	1,7	1,4	1,9	1,9	1,8
31.07.2025 17:32:33	2,1	1,8	1,3	2,1	2,1	2,0
31.07.2025 17:33:33	2,0	1,9	1,4	2,0	2,0	2,0
31.07.2025 17:34:33	1,6	1,6	1,4	1,6	1,6	1,6
31.07.2025 17:35:33	1,7	1,7	1,4	1,7	1,7	1,7
31.07.2025 17:36:33	1,7	1,7	1,4	1,7	1,7	1,7
31.07.2025 17:37:33	1,4	1,4	1,3	1,4	1,4	1,4
31.07.2025 17:38:33	1,7	1,6	1,4	1,7	1,7	1,6
31.07.2025 17:39:33	2,0	1,8	1,4	2,0	2,0	1,9
31.07.2025 17:40:33	1,7	1,7	1,3	1,7	1,7	1,7
31.07.2025 17:41:33	1,7	1,7	1,4	1,7	1,7	1,7
31.07.2025 17:42:33	1,9	1,8	1,4	1,9	1,9	1,8
31.07.2025 17:43:33	1,6	1,5	1,3	1,6	1,6	1,5
31.07.2025 17:44:33	1,9	1,7	1,3	1,9	1,9	1,8
31.07.2025 17:45:33	2,5	1,9	1,4	2,5	2,4	2,0
31.07.2025 17:46:33	1,9	1,8	1,3	1,9	1,9	1,8
31.07.2025 17:47:33	1,5	1,5	1,3	1,5	1,5	1,5
31.07.2025 17:48:33	1,8	1,6	1,4	1,8	1,7	1,6
31.07.2025 17:49:33	1,6	1,6	1,4	1,6	1,6	1,6
31.07.2025 17:50:33	1,6	1,6	1,3	1,6	1,6	1,6
31.07.2025 17:51:33	1,9	1,8	1,4	1,9	1,9	1,8
31.07.2025 17:52:33	1,7	1,6	1,3	1,7	1,7	1,7
31.07.2025 17:53:33	1,6	1,6	1,4	1,6	1,6	1,6
31.07.2025 17:54:33	1,6	1,6	1,3	1,6	1,6	1,6
31.07.2025 17:55:33	1,4	1,4	1,3	1,4	1,4	1,4
31.07.2025 17:56:33	1,6	1,6	1,4	1,6	1,6	1,6
31.07.2025 17:57:33	1,6	1,5	1,3	1,6	1,6	1,5
31.07.2025 17:58:33	2,0	1,7	1,3	2,0	2,0	1,9
31.07.2025 17:59:33	2,2	1,9	1,3	2,2	2,2	2,0
31.07.2025 18:00:33	1,8	1,8	1,3	1,8	1,8	1,8
31.07.2025 18:01:33	1,6	1,5	1,3	1,6	1,6	1,6
31.07.2025 18:02:33	1,9	1,7	1,3	1,9	1,9	1,8
31.07.2025 18:03:33	1,6	1,6	1,3	1,6	1,6	1,6
31.07.2025 18:04:33	1,8	1,7	1,3	1,8	1,8	1,7
31.07.2025 18:05:33	1,6	1,6	1,3	1,6	1,6	1,6
31.07.2025 18:06:33	1,9	1,7	1,4	1,9	1,9	1,8
31.07.2025 18:07:33	1,5	1,5	1,3	1,5	1,5	1,5
31.07.2025 18:08:33	1,7	1,7	1,3	1,7	1,7	1,7
31.07.2025 18:09:33	1,9	1,8	1,3	1,9	1,9	1,8
31.07.2025 18:10:33	1,8	1,7	1,4	1,8	1,8	1,8
31.07.2025 18:11:33	1,6	1,6	1,3	1,6	1,6	1,6
31.07.2025 18:12:33	1,5	1,5	1,3	1,5	1,5	1,5
31.07.2025 18:13:33	1,5	1,5	1,3	1,5	1,5	1,5
31.07.2025 18:14:33	1,5	1,5	1,3	1,5	1,5	1,5
31.07.2025 18:15:33	1,7	1,7	1,3	1,7	1,7	1,7
31.07.2025 18:16:33	1,5	1,4	1,3	1,5	1,5	1,5
31.07.2025 18:17:33	1,4	1,4	1,3	1,4	1,4	1,4
31.07.2025 18:18:33	1,7	1,6	1,3	1,7	1,7	1,6
31.07.2025 18:19:33	1,7	1,6	1,3	1,7	1,7	1,6
31.07.2025 18:20:33	1,7	1,6	1,3	1,7	1,7	1,6
31.07.2025 18:21:33	1,8	1,6	1,3	1,8	1,8	1,7
31.07.2025 18:22:33	1,6	1,5	1,3	1,6	1,6	1,6
31.07.2025 18:23:33	1,6	1,6	1,3	1,6	1,6	1,6
31.07.2025 18:24:33	1,4	1,4	1,2	1,4	1,4	1,4
31.07.2025 18:25:33	1,6	1,5	1,3	1,6	1,6	1,6
31.07.2025 18:26:33	1,4	1,4	1,3	1,4	1,4	1,4
31.07.2025 18:27:33	1,8	1,6	1,3	1,8	1,8	1,7
31.07.2025 18:28:33	1,7	1,6	1,3	1,7	1,7	1,7
31.07.2025 18:29:33	1,8	1,7	1,3	1,8	1,8	1,7
31.07.2025 18:30:33	1,6	1,6	1,3	1,6	1,6	1,6
31.07.2025 18:31:33	1,4	1,4	1,3	1,4	1,4	1,4
31.07.2025 18:32:33	1,5	1,5	1,3	1,5	1,5	1,5
31.07.2025 18:33:33	1,7	1,6	1,3	1,7	1,7	1,6
31.07.2025 18:34:33	1,8	1,7	1,3	1,8	1,8	1,7
31.07.2025 18:35:33	1,6	1,6	1,3	1,6	1,6	1,6
31.07.2025 18:36:33	1,7	1,6	1,3	1,7	1,7	1,6
31.07.2025 18:37:33	1,5	1,5	1,3	1,5	1,5	1,5
31.07.2025 18:38:33	1,6	1,5	1,3	1,6	1,6	1,5
31.07.2025 18:39:33	1,6	1,5	1,3	1,6	1,6	1,5
31.07.2025 18:40:33	1,6	1,5	1,3	1,6	1,6	1,6
31.07.2025 18:41:33	1,6	1,5	1,3	1,6	1,6	1,6
31.07.2025 18:42:33	1,5	1,5	1,3	1,5	1,5	1,5
31.07.2025 18:43:33	1,5	1,4	1,3	1,5	1,5	1,5
31.07.2025 18:44:33	1,6	1,5	1,3	1,6	1,6	1,5
31.07.2025 18:45:33	1,6	1,5	1,3	1,6	1,6	1,6
31.07.2025 18:46:33	1,6	1,5	1,3	1,6	1,6	1,6
31.07.2025 18:47:33	1,8	1,5	1,3	1,8	1,8	1,6
31.07.2025 18:48:33	1,4	1,4	1,2	1,4	1,4	1,4
31.07.2025 18:49:33	1,7	1,6	1,2	1,7	1,7	1,7
31.07.2025 18:50:33	1,8	1,4	1,3	1,8	1,7	1,5
31.07.2025 18:51:33	1,6	1,5	1,3	1,6	1,6	1,6
31.07.2025 18:52:33	1,4	1,4	1,2	1,4	1,4	1,4
31.07.2025 18:53:33	1,4	1,4	1,2	1,4	1,4	1,4
31.07.2025 18:54:33	1,7	1,5	1,2	1,7	1,7	1,6
31.07.2025 18:55:33	1,4	1,4	1,3	1,4	1,4	1,4
31.07.2025 18:56:33	1,5	1,5	1,3	1,5	1,5	1,5
31.07.2025 18:57:33	1,4	1,4	1,3	1,4	1,4	1,4
31.07.2025 18:58:33	1,6	1,5	1,2	1,6	1,6	1,5
31.07.2025 18:59:33	1,8	1,7	1,3	1,8	1,8	1,7
31.07.2025 19:00:33	1,5	1,4	1,2	1,5	1,5	1,4
31.07.2025 19:01:33	1,6	1,6	1,3	1,6	1,6	1,6
31.07.2025 19:02:33	1,4	1,4	1,2	1,4	1,4	1,4
31.07.2025 19:03:33	1,7	1,6	1,2	1,7	1,7	1,7
31.07.2025 19:04:33	1,6	1,5	1,2	1,6	1,6	1,6
31.07.2025 19:05:33	1,6	1,5	1,2	1,6	1,6	1,6
31.07.2025 19:06:33	1,5	1,5	1,2	1,5	1,5	1,5
31.07.2025 19:07:33	1,6	1,6	1,3	1,6	1,6	1,6
31.07.2025 19:08:33	1,4	1,4	1,2	1,4	1,4	1,4
31.07.2025 19:09:33	1,4	1,3	1,2	1,4	1,4	1,4
31.07.2025 19:10:33	1,5	1,4	1,2	1,5	1,5	1,4
31.07.2025 19:11:33	1,5	1,5	1,3	1,5	1,5	1,5
31.07.2025 19:12:33	1,4	1,4	1,2	1,4	1,4	1,4
31.07.2025 19:13:33	1,8	1,6	1,3	1,8	1,8	1,7
31.07.2025 19:14:33	1,3	1,3	1,2	1,3	1,3	1,3
31.07.2025 19:15:33	1,3	1,3	1,2	1,3	1,3	1,3
31.07.2025 19:16:33	1,6	1,6	1,3	1,6	1,6	1,6
31.07.2025 19:17:33	1,5	1,5	1,2	1,5	1,5	1,5
31.07.2025 19:18:33	1,4	1,4	1,3	1,4	1,4	1,4
31.07.2025 19:19:33	1,6	1,5	1,2	1,6	1,6	1,5
31.07.2025 19:20:33	1,4	1,4	1,2	1,4	1,4	1,4
31.07.2025 19:21:33	1,5	1,5	1,2	1,5	1,5	1,5
31.07.2025 19:22:33	1,6	1,5	1,2	1,6	1,6	1,5
31.07.2025 19:23:33	1,5	1,5	1,2	1,5	1,5	1,5
31.07.2025 19:24:33	1,5	1,4	1,2	1,5	1,5	1,4
31.07.2025 19:25:33	1,5	1,4	1,3	1,5	1,5	1,5
31.07.2025 19:26:33	1,3	1,3	1,2	1,3	1,3	1,3
31.07.2025 19:27:33	1,7	1,6	1,2	1,7	1,7	1,6
31.07.2025 19:28:33	1,4	1,4	1,2	1,4	1,4	1,4
31.07.2025 19:29:33	1,3	1,3	1,2	1,3	1,3	1,3
31.07.2025 19:30:33	1,5	1,5	1,2	1,5	1,5	1,5
31.07.2025 19:31:33	1,5	1,4	1,2	1,5	1,5	1,5
31.07.2025 19:32:33	1,7	1,5	1,2	1,7	1,7	1,6
31.07.2025 19:33:33	1,4	1,4	1,2	1,4	1,4	1,4
31.07.2025 19:34:33	1,5	1,4	1,2	1,5	1,5	1,5
31.07.2025 19:35:33	1,4	1,4	1,2	1,4	1,4	1,4
31.07.2025 19:36:33	1,5	1,4	1,2	1,5	1,5	1,5
31.07.2025 19:37:33	1,4	1,4	1,2	1,4	1,4	1,4
31.07.2025 19:38:33	1,4	1,3	1,2	1,4	1,4	1,4
31.07.2025 19:39:33	1,3	1,3	1,2	1,3	1,3	1,3
31.07.2025 19:40:33	1,4	1,4	1,3	1,4	1,4	1,4
31.07.2025 19:41:33	1,6	1,6	1,2	1,6	1,6	1,6
31.07.2025 19:42:33	1,7	1,5	1,2	1,7	1,7	1,5
31.07.2025 19:43:33	1,2	1,2	1,2	1,2	1,2	1,2
31.07.2025 19:44:33	1,4	1,4	1,2	1,4	1,4	1,4
31.07.2025 19:45:33	1,3	1,3	1,2	1,3	1,3	1,3
31.07.2025 19:46:33	1,3	1,3	1,1	1,3	1,3	1,3
31.07.2025 19:47:33	1,4	1,4	1,2	1,4	1,4	1,4
31.07.2025 19:48:33	1,3	1,3	1,2	1,3	1,3	1,3
31.07.2025 19:49:33	1,3	1,2	1,2	1,3	1,3	1,2
31.07.2025 19:50:33	1,3	1,3	1,2	1,3	1,3	1,3
31.07.2025 19:51:33	1,5	1,5	1,2	1,5	1,5	1,5
31.07.2025 19:52:33	1,7	1,5	1,2	1,7	1,7	1,6
31.07.2025 19:53:33	1,2	1,2	1,2	1,2	1,2	1,2
31.07.2025 19:54:33	1,3	1,2	1,2	1,3	1,3	1,3
31.07.2025 19:55:33	1,4	1,4	1,2	1,4	1,4	1,4
31.07.2025 19:56:33	1,5	1,5	1,2	1,5	1,5	1,5
31.07.2025 19:57:33	1,3	1,2	1,2	1,3	1,3	1,3
31.07.2025 19:58:33	1,4	1,3	1,2	1,4	1,4	1,3
31.07.2025 19:59:33	1,5	1,4	1,2	1,5	1,5	1,4
31.07.2025 20:00:33	1,2	1,2	1,2	1,2	1,2	1,2
31.07.2025 20:01:33	1,6	1,4	1,2	1,6	1,6	1,5
31.07.2025 20:02:33	1,5	1,4	1,2	1,5	1,5	1,4
31.07.2025 20:03:33	1,4	1,4	1,2	1,4	1,4	1,4
31.07.2025 20:04:33	1,4	1,4	1,2	1,4	1,4	1,4
31.07.2025 20:05:33	1,5	1,5	1,2	1,5	1,5	1,5
31.07.2025 20:06:33	1,4	1,4	1,2	1,4	1,4	1,4
31.07.2025 20:07:33	1,3	1,3	1,2	1,3	1,3	1,3
31.07.2025 20:08:33	1,4	1,3	1,2	1,4	1,4	1,3
31.07.2025 20:09:33	1,2	1,2	1,2	1,2	1,2	1,2
31.07.2025 20:10:33	1,3	1,3	1,2	1,3	1,3	1,3
31.07.2025 20:11:33	1,5	1,4	1,1	1,5	1,5	1,4
31.07.2025 20:12:33	1,4	1,2	1,1	1,4	1,4	1,3
31.07.2025 20:13:33	1,3	1,3	1,1	1,3	1,3	1,3
31.07.2025 20:14:33	1,5	1,4	1,2	1,5	1,5	1,4
31.07.2025 20:15:33	1,1	1,1	1,1	1,1	1,1	1,1
31.07.2025 20:16:33	1,4	1,3	1,1	1,4	1,4	1,3
31.07.2025 20:17:33	1,3	1,3	1,2	1,3	1,3	1,3
31.07.2025 20:18:33	1,3	1,3	1,2	1,3	1,3	1,3
31.07.2025 20:19:33	1,3	1,3	1,1	1,3	1,3	1,3
31.07.2025 20:20:33	1,4	1,4	1,2	1,4	1,4	1,4
31.07.2025 20:21:33	1,3	1,3	1,2	1,3	1,3	1,3
31.07.2025 20:22:33	1,3	1,3	1,1	1,3	1,3	1,3
31.07.2025 20:23:33	1,3	1,3	1,2	1,3	1,3	1,3
31.07.2025 20:24:33	1,2	1,2	1,1	1,2	1,2	1,2
31.07.2025 20:25:33	1,2	1,2	1,1	1,2	1,2	1,2
31.07.2025 20:26:33	1,2	1,2	1,1	1,2	1,2	1,2
31.07.2025 20:27:33	1,4	1,3	1,1	1,4	1,4	1,4
31.07.2025 20:28:33	1,2	1,2	1,1	1,2	1,2	1,2
31.07.2025 20:29:33	1,2	1,2	1,1	1,2	1,2	1,2
31.07.2025 20:30:33	1,3	1,3	1,2	1,3	1,3	1,3
31.07.2025 20:31:33	1,1	1,1	1,1	1,1	1,1	1,1
31.07.2025 20:32:33	1,3	1,3	1,1	1,3	1,3	1,3
31.07.2025 20:33:33	1,2	1,2	1,1	1,2	1,2	1,2
31.07.2025 20:34:33	1,4	1,3	1,2	1,4	1,4	1,3
31.07.2025 20:35:33	1,4	1,4	1,1	1,4	1,4	1,4
31.07.2025 20:36:33	1,5	1,4	1,1	1,5	1,5	1,4
31.07.2025 20:37:33	1,3	1,2	1,1	1,3	1,3	1,2
31.07.2025 20:38:33	1,1	1,1	1,1	1,1	1,1	1,1
31.07.2025 20:39:33	1,2	1,2	1,1	1,2	1,2	1,2
31.07.2025 20:40:33	1,1	1,1	1,1	1,1	1,1	1,1
31.07.2025 20:41:33	1,2	1,2	1,1	1,2	1,2	1,2
31.07.2025 20:42:33	1,3	1,2	1,1	1,3	1,3	1,3
31.07.2025 20:43:33	1,3	1,2	1,1	1,3	1,3	1,3
31.07.2025 20:44:33	1,2	1,2	1,1	1,2	1,2	1,2
31.07.2025 20:45:33	1,3	1,3	1,1	1,3	1,3	1,3
31.07.2025 20:46:33	1,4	1,3	1,1	1,4	1,4	1,3
31.07.2025 20:47:33	1,3	1,3	1,1	1,3	1,3	1,3
31.07.2025 20:48:33	1,4	1,3	1,1	1,4	1,4	1,4
31.07.2025 20:49:33	1,1	1,1	1,1	1,1	1,1	1,1
31.07.2025 20:50:33	1,1	1,1	1,1	1,1	1,1	1,1
31.07.2025 20:51:33	1,3	1,3	1,1	1,3	1,3	1,3
31.07.2025 20:52:33	1,2	1,2	1,1	1,2	1,2	1,2
31.07.2025 20:53:33	1,1	1,1	1,0	1,1	1,1	1,1
31.07.2025 20:54:33	1,3	1,2	1,1	1,3	1,3	1,3
31.07.2025 20:55:33	1,1	1,1	1,1	1,1	1,1	1,1
31.07.2025 20:56:33	1,2	1,2	1,1	1,2	1,2	1,2
31.07.2025 20:57:33	1,2	1,2	1,0	1,2	1,2	1,2
31.07.2025 20:58:33	1,1	1,1	1,1	1,1	1,1	1,1
31.07.2025 20:59:33	1,2	1,2	1,1	1,2	1,2	1,2
31.07.2025 21:00:33	1,3	1,3	1,1	1,3	1,3	1,3
31.07.2025 21:01:33	1,1	1,1	1,1	1,1	1,1	1,1
31.07.2025 21:02:33	1,2	1,2	1,1	1,2	1,2	1,2
31.07.2025 21:03:33	1,3	1,3	1,1	1,3	1,3	1,3
31.07.2025 21:04:33	1,2	1,2	1,1	1,2	1,2	1,2
31.07.2025 21:05:33	1,2	1,2	1,1	1,2	1,2	1,2
31.07.2025 21:06:33	1,3	1,2	1,1	1,3	1,3	1,3
31.07.2025 21:07:33	1,1	1,1	1,1	1,1	1,1	1,1
31.07.2025 21:08:33	1,2	1,2	1,1	1,2	1,2	1,2
31.07.2025 21:09:33	1,3	1,2	1,1	1,3	1,3	1,3
31.07.2025 21:10:33	1,1	1,1	1,1	1,1	1,1	1,1
31.07.2025 21:11:33	1,2	1,2	1,1	1,2	1,2	1,2
31.07.2025 21:12:33	1,2	1,2	1,1	1,2	1,2	1,2
31.07.2025 21:13:33	1,3	1,3	1,0	1,3	1,3	1,3
31.07.2025 21:14:33	1,1	1,1	1,1	1,1	1,1	1,1
31.07.2025 21:15:33	1,2	1,2	1,1	1,2	1,2	1,2
31.07.2025 21:16:33	1,2	1,2	1,1	1,2	1,2	1,2
31.07.2025 21:17:33	1,1	1,1	1,1	1,1	1,1	1,1
31.07.2025 21:18:33	1,1	1,1	1,1	1,1	1,1	1,1
31.07.2025 21:19:33	1,3	1,2	1,1	1,3	1,3	1,3
31.07.2025 21:20:33	1,2	1,2	1,1	1,2	1,2	1,2
31.07.2025 21:21:33	1,3	1,2	1,1	1,3	1,3	1,2
31.07.2025 21:22:33	1,3	1,3	1,1	1,3	1,3	1,3
31.07.2025 21:23:33	1,2	1,1	1,0	1,2	1,2	1,2
31.07.2025 21:24:33	1,1	1,1	1,1	1,1	1,1	1,1
31.07.2025 21:25:33	1,1	1,1	1,1	1,1	1,1	1,1
31.07.2025 21:26:33	1,0	1,0	1,0	1,0	1,0	1,0
31.07.2025 21:27:33	1,1	1,1	1,0	1,1	1,1	1,1
31.07.2025 21:28:33	1,4	1,2	1,0	1,4	1,4	1,3
31.07.2025 21:29:33	1,1	1,1	1,1	1,1	1,1	1,1
31.07.2025 21:30:33	1,1	1,1	1,0	1,1	1,1	1,1
31.07.2025 21:31:33	1,2	1,2	1,0	1,2	1,2	1,2
31.07.2025 21:32:33	1,2	1,1	1,1	1,2	1,2	1,2
31.07.2025 21:33:33	1,1	1,1	1,0	1,1	1,1	1,1
31.07.2025 21:34:33	1,3	1,3	1,0	1,3	1,3	1,3
31.07.2025 21:35:33	1,3	1,2	1,1	1,3	1,3	1,2
31.07.2025 21:36:33	1,2	1,2	1,1	1,2	1,2	1,2
31.07.2025 21:37:33	1,2	1,2	1,1	1,2	1,2	1,2
31.07.2025 21:38:33	1,4	1,3	1,0	1,4	1,4	1,3
31.07.2025 21:39:33	1,2	1,2	1,0	1,2	1,2	1,2
31.07.2025 21:40:33	1,2	1,2	1,0	1,2	1,2	1,2
31.07.2025 21:41:33	1,0	1,0	1,0	1,0	1,0	1,0
31.07.2025 21:42:33	1,1	1,1	1,0	1,1	1,1	1,1
31.07.2025 21:43:33	1,2	1,2	1,0	1,2	1,2	1,2
31.07.2025 21:44:33	1,1	1,1	1,1	1,1	1,1	1,1
31.07.2025 21:45:33	1,1	1,1	1,0	1,1	1,1	1,1
31.07.2025 21:46:33	1,2	1,2	1,0	1,2	1,2	1,2
31.07.2025 21:47:33	1,3	1,2	1,0	1,3	1,3	1,2
31.07.2025 21:48:33	1,1	1,1	1,0	1,1	1,1	1,1
31.07.2025 21:49:33	1,1	1,1	1,0	1,1	1,1	1,1
31.07.2025 21:50:33	1,2	1,2	1,0	1,2	1,2	1,2
31.07.2025 21:51:33	1,2	1,1	1,0	1,2	1,2	1,2
31.07.2025 21:52:33	1,1	1,1	1,0	1,1	1,1	1,1
31.07.2025 21:53:33	1,2	1,2	1,0	1,2	1,2	1,2
31.07.2025 21:54:33	1,3	1,3	1,0	1,3	1,3	1,3
31.07.2025 21:55:33	1,1	1,1	1,0	1,1	1,1	1,1
31.07.2025 21:56:33	1,5	1,2	1,0	1,5	1,5	1,2
31.07.2025 21:57:33	1,1	1,1	1,0	1,1	1,1	1,1
31.07.2025 21:58:33	1,2	1,1	1,1	1,2	1,2	1,1
31.07.2025 21:59:33	1,2	1,2	1,1	1,2	1,2	1,2
31.07.2025 22:00:33	1,2	1,2	1,0	1,2	1,2	1,2
31.07.2025 22:01:33	1,1	1,1	1,0	1,1	1,1	1,1
31.07.2025 22:02:33	1,2	1,2	1,1	1,2	1,2	1,2
31.07.2025 22:03:33	1,0	1,0	1,0	1,0	1,0	1,0
31.07.2025 22:04:33	1,1	1,1	1,0	1,1	1,1	1,1
31.07.2025 22:05:33	1,4	1,2	1,0	1,4	1,4	1,3
31.07.2025 22:06:33	1,2	1,2	1,0	1,2	1,2	1,2
31.07.2025 22:07:33	1,2	1,2	1,0	1,2	1,2	1,2
31.07.2025 22:08:33	1,1	1,0	1,0	1,1	1,1	1,1
31.07.2025 22:09:33	1,1	1,0	1,0	1,1	1,1	1,1
31.07.2025 22:10:33	1,3	1,1	1,0	1,3	1,3	1,1
31.07.2025 22:11:33	1,3	1,2	1,0	1,3	1,3	1,2
31.07.2025 22:12:33	1,0	1,0	1,0	1,0	1,0	1,0
31.07.2025 22:13:33	1,2	1,2	1,0	1,2	1,2	1,2
31.07.2025 22:14:33	1,1	1,1	1,0	1,1	1,1	1,1
31.07.2025 22:15:33	1,1	1,1	1,0	1,1	1,1	1,1
31.07.2025 22:16:33	1,3	1,2	1,0	1,3	1,3	1,2
31.07.2025 22:17:33	1,2	1,2	1,0	1,2	1,2	1,2
31.07.2025 22:18:33	1,2	1,2	1,0	1,2	1,2	1,2
31.07.2025 22:19:33	1,0	1,0	1,0	1,0	1,0	1,0
31.07.2025 22:20:33	1,1	1,1	1,0	1,1	1,1	1,1
31.07.2025 22:21:33	1,1	1,1	1,0	1,1	1,1	1,1
31.07.2025 22:22:33	1,0	1,0	1,0	1,0	1,0	1,0
31.07.2025 22:23:33	1,0	1,0	1,0	1,0	1,0	1,0
31.07.2025 22:24:33	1,1	1,1	1,0	1,1	1,1	1,1
31.07.2025 22:25:33	1,1	1,1	1,0	1,1	1,1	1,1
31.07.2025 22:26:33	1,0	1,0	1,0	1,0	1,0	1,0
31.07.2025 22:27:33	1,1	1,1	1,0	1,1	1,1	1,1
31.07.2025 22:28:33	1,1	1,1	1,0	1,1	1,1	1,1
31.07.2025 22:29:33	1,1	1,1	1,0	1,1	1,1	1,1
31.07.2025 22:30:33	1,0	1,0	0,9	1,0	1,0	1,0
31.07.2025 22:31:33	0,9	0,9	0,9	0,9	0,9	0,9
31.07.2025 22:32:33	1,1	1,1	1,0	1,1	1,1	1,1
31.07.2025 22:33:33	1,0	1,0	1,0	1,0	1,0	1,0
31.07.2025 22:34:33	1,1	1,0	0,9	1,1	1,1	1,0
31.07.2025 22:35:33	1,0	1,0	1,0	1,0	1,0	1,0
31.07.2025 22:36:33	1,0	1,0	1,0	1,0	1,0	1,0
31.07.2025 22:37:33	1,1	1,1	1,0	1,1	1,1	1,1
31.07.2025 22:38:33	1,1	1,1	1,0	1,1	1,1	1,1
31.07.2025 22:39:33	1,0	1,0	1,0	1,0	1,0	1,0
31.07.2025 22:40:33	1,2	1,1	1,0	1,2	1,2	1,1
31.07.2025 22:41:33	1,1	1,1	1,0	1,1	1,1	1,1
31.07.2025 22:42:33	1,1	1,1	1,0	1,1	1,1	1,1
31.07.2025 22:43:33	1,0	1,0	0,9	1,0	1,0	1,0
31.07.2025 22:44:33	1,1	1,1	1,0	1,1	1,1	1,1
31.07.2025 22:45:33	0,9	0,9	0,9	0,9	0,9	0,9
31.07.2025 22:46:33	1,0	1,0	0,9	1,0	1,0	1,0
31.07.2025 22:47:33	1,0	1,0	1,0	1,0	1,0	1,0
31.07.2025 22:48:33	1,1	1,1	1,0	1,1	1,1	1,1
31.07.2025 22:49:33	1,2	1,2	1,0	1,2	1,2	1,2
31.07.2025 22:50:33	1,0	1,0	1,0	1,0	1,0	1,0
31.07.2025 22:51:33	1,1	1,1	0,9	1,1	1,1	1,1
31.07.2025 22:52:33	1,0	1,0	1,0	1,0	1,0	1,0
31.07.2025 22:53:33	1,0	1,0	1,0	1,0	1,0	1,0
31.07.2025 22:54:33	1,0	1,0	0,9	1,0	1,0	1,0
31.07.2025 22:55:33	1,1	1,1	0,9	1,1	1,1	1,1
31.07.2025 22:56:33	1,1	1,1	0,9	1,1	1,1	1,1
31.07.2025 22:57:33	1,0	1,0	1,0	1,0	1,0	1,0
31.07.2025 22:58:33	1,2	1,1	1,0	1,2	1,2	1,2
31.07.2025 22:59:33	1,0	1,0	0,9	1,0	1,0	1,0
31.07.2025 23:00:33	1,1	1,1	1,0	1,1	1,1	1,1
31.07.2025 23:01:33	1,0	1,0	0,9	1,0	1,0	1,0
31.07.2025 23:02:33	1,1	1,1	0,9	1,1	1,1	1,1
31.07.2025 23:03:33	1,0	1,0	0,9	1,0	1,0	1,0
31.07.2025 23:04:33	1,1	1,1	0,9	1,1	1,1	1,1
31.07.2025 23:05:33	0,9	0,9	0,9	0,9	0,9	0,9
31.07.2025 23:06:33	1,1	1,1	1,0	1,1	1,1	1,1
31.07.2025 23:07:33	1,0	1,0	1,0	1,0	1,0	1,0
31.07.2025 23:08:33	1,2	1,1	1,0	1,2	1,2	1,1
31.07.2025 23:09:33	1,1	1,0	0,9	1,1	1,1	1,1
31.07.2025 23:10:33	1,0	1,0	0,9	1,0	1,0	1,0
31.07.2025 23:11:33	1,0	1,0	1,0	1,0	1,0	1,0
31.07.2025 23:12:33	1,0	1,0	0,9	1,0	1,0	1,0
31.07.2025 23:13:33	1,0	1,0	0,9	1,0	1,0	1,0
31.07.2025 23:14:33	1,0	1,0	0,9	1,0	1,0	1,0
31.07.2025 23:15:33	1,0	1,0	0,9	1,0	1,0	1,0
31.07.2025 23:16:33	1,0	1,0	1,0	1,0	1,0	1,0
31.07.2025 23:17:33	1,0	1,0	0,9	1,0	1,0	1,0
31.07.2025 23:18:33	1,0	1,0	0,9	1,0	1,0	1,0
31.07.2025 23:19:33	1,0	1,0	0,9	1,0	1,0	1,0
31.07.2025 23:20:33	0,9	0,9	0,9	0,9	0,9	0,9
31.07.2025 23:21:33	1,2	1,1	0,9	1,2	1,2	1,1
31.07.2025 23:22:33	0,9	0,9	0,9	0,9	0,9	0,9
31.07.2025 23:23:33	1,0	1,0	0,9	1,0	1,0	1,0
31.07.2025 23:24:33	1,0	1,0	0,9	1,0	1,0	1,0
31.07.2025 23:25:33	0,9	0,9	0,9	0,9	0,9	0,9
31.07.2025 23:26:33	0,9	0,9	0,9	0,9	0,9	0,9
31.07.2025 23:27:33	1,0	1,0	0,9	1,0	1,0	1,0
31.07.2025 23:28:33	0,9	0,9	0,9	0,9	0,9	0,9
31.07.2025 23:29:33	1,0	1,0	0,9	1,0	1,0	1,0
31.07.2025 23:30:33	1,0	1,0	0,9	1,0	1,0	1,0
31.07.2025 23:31:33	1,0	1,0	0,9	1,0	1,0	1,0
31.07.2025 23:32:33	1,1	1,0	0,9	1,1	1,1	1,1
31.07.2025 23:33:33	0,9	0,9	0,9	0,9	0,9	0,9
31.07.2025 23:34:33	0,9	0,9	0,8	0,9	0,9	0,9
31.07.2025 23:35:33	1,0	1,0	0,9	1,0	1,0	1,0
31.07.2025 23:36:33	0,9	0,9	0,9	0,9	0,9	0,9
31.07.2025 23:37:33	1,0	1,0	0,9	1,0	1,0	1,0
31.07.2025 23:38:33	0,9	0,9	0,9	0,9	0,9	0,9
31.07.2025 23:39:33	1,0	1,0	0,9	1,0	1,0	1,0
31.07.2025 23:40:33	1,0	1,0	0,9	1,0	1,0	1,0
31.07.2025 23:41:33	0,9	0,9	0,9	0,9	0,9	0,9
31.07.2025 23:42:33	0,9	0,9	0,9	0,9	0,9	0,9
31.07.2025 23:43:33	1,0	1,0	0,9	1,0	1,0	1,0
31.07.2025 23:44:33	0,9	0,9	0,9	0,9	0,9	0,9
31.07.2025 23:45:33	1,0	1,0	0,9	1,0	1,0	1,0
31.07.2025 23:46:33	1,0	1,0	0,9	1,0	1,0	1,0
31.07.2025 23:47:32	0,9	0,9	0,9	0,9	0,9	0,9
31.07.2025 23:48:33	0,9	0,9	0,9	0,9	0,9	0,9
31.07.2025 23:49:32	0,9	0,9	0,9	0,9	0,9	0,9
31.07.2025 23:50:32	1,1	1,0	0,9	1,1	1,1	1,0
31.07.2025 23:51:33	1,0	0,9	0,9	1,0	1,0	0,9
31.07.2025 23:52:33	0,9	0,9	0,9	0,9	0,9	0,9
31.07.2025 23:53:33	1,0	1,0	0,9	1,0	1,0	1,0
31.07.2025 23:54:33	0,9	0,9	0,9	0,9	0,9	0,9
31.07.2025 23:55:33	0,9	0,9	0,9	0,9	0,9	0,9
31.07.2025 23:56:32	0,9	0,9	0,9	0,9	0,9	0,9
31.07.2025 23:57:33	0,9	0,9	0,8	0,9	0,9	0,9
31.07.2025 23:58:33	0,9	0,9	0,9	0,9	0,9	0,9
31.07.2025 23:59:32	1,0	1,0	0,9	1,0	1,0	1,0
01.08.2025 00:00:33	1,0	1,0	0,9	1,0	1,0	1,0
01.08.2025 00:01:32	1,0	1,0	0,9	1,0	1,0	1,0
01.08.2025 00:02:33	0,9	0,9	0,9	0,9	0,9	0,9
01.08.2025 00:03:32	0,9	0,9	0,8	0,9	0,9	0,9
01.08.2025 00:04:32	0,9	0,9	0,9	0,9	0,9	0,9
01.08.2025 00:05:33	0,9	0,9	0,9	0,9	0,9	0,9
01.08.2025 00:06:33	0,9	0,9	0,9	0,9	0,9	0,9
01.08.2025 00:07:33	0,8	0,8	0,8	0,8	0,8	0,8
01.08.2025 00:08:33	0,9	0,9	0,9	0,9	0,9	0,9
01.08.2025 00:09:32	0,8	0,8	0,8	0,8	0,8	0,8
01.08.2025 00:10:32	1,0	1,0	0,9	1,0	1,0	1,0
01.08.2025 00:11:33	0,9	0,9	0,9	0,9	0,9	0,9
01.08.2025 00:12:32	0,9	0,9	0,9	0,9	0,9	0,9
01.08.2025 00:13:32	0,8	0,8	0,8	0,8	0,8	0,8
01.08.2025 00:14:32	0,9	0,9	0,9	0,9	0,9	0,9
01.08.2025 00:15:33	0,9	0,9	0,9	0,9	0,9	0,9
01.08.2025 00:16:33	0,9	0,9	0,9	0,9	0,9	0,9
01.08.2025 00:17:32	0,9	0,9	0,9	0,9	0,9	0,9
01.08.2025 00:18:32	0,8	0,8	0,8	0,8	0,8	0,8
01.08.2025 00:19:32	0,9	0,9	0,9	0,9	0,9	0,9
01.08.2025 00:20:32	1,0	1,0	0,8	1,0	1,0	1,0
01.08.2025 00:21:32	0,9	0,9	0,8	0,9	0,9	0,9
01.08.2025 00:22:32	0,8	0,8	0,8	0,8	0,8	0,8
01.08.2025 00:23:32	0,9	0,9	0,9	0,9	0,9	0,9
01.08.2025 00:24:32	1,0	1,0	0,8	1,0	1,0	1,0
01.08.2025 00:25:32	0,9	0,9	0,8	0,9	0,9	0,9
01.08.2025 00:26:33	0,9	0,9	0,8	0,9	0,9	0,9
01.08.2025 00:27:33	0,9	0,9	0,9	0,9	0,9	0,9
01.08.2025 00:28:32	0,9	0,9	0,9	0,9	0,9	0,9
01.08.2025 00:29:32	1,0	1,0	0,8	1,0	1,0	1,0
01.08.2025 00:30:32	0,9	0,9	0,8	0,9	0,9	0,9
01.08.2025 00:31:32	0,9	0,9	0,8	0,9	0,9	0,9
01.08.2025 00:32:32	0,8	0,8	0,8	0,8	0,8	0,8
01.08.2025 00:33:32	0,9	0,9	0,8	0,9	0,9	0,9
01.08.2025 00:34:32	0,9	0,9	0,9	0,9	0,9	0,9
01.08.2025 00:35:32	0,8	0,8	0,8	0,8	0,8	0,8
01.08.2025 00:36:32	0,9	0,9	0,9	0,9	0,9	0,9
01.08.2025 00:37:33	1,0	1,0	0,9	1,0	1,0	1,0
01.08.2025 00:38:32	1,0	1,0	0,8	1,0	1,0	1,0
01.08.2025 00:39:33	0,9	0,9	0,8	0,9	0,9	0,9
01.08.2025 00:40:32	0,9	0,9	0,9	0,9	0,9	0,9
01.08.2025 00:41:32	0,9	0,9	0,8	0,9	0,9	0,9
01.08.2025 00:42:32	0,9	0,9	0,8	0,9	0,9	0,9
01.08.2025 00:43:32	0,9	0,9	0,8	0,9	0,9	0,9
01.08.2025 00:44:32	0,9	0,9	0,8	0,9	0,9	0,9
01.08.2025 00:45:33	0,9	0,9	0,8	0,9	0,9	0,9
01.08.2025 00:46:32	0,8	0,8	0,8	0,8	0,8	0,8
01.08.2025 00:47:32	0,8	0,8	0,8	0,8	0,8	0,8
01.08.2025 00:48:32	0,9	0,9	0,9	0,9	0,9	0,9
01.08.2025 00:49:33	1,0	0,9	0,8	1,0	1,0	0,9
01.08.2025 00:50:32	0,9	0,9	0,8	0,9	0,9	0,9
01.08.2025 00:51:32	0,8	0,8	0,8	0,8	0,8	0,8
01.08.2025 00:52:32	0,8	0,8	0,8	0,8	0,8	0,8
01.08.2025 00:53:32	0,8	0,8	0,8	0,8	0,8	0,8
01.08.2025 00:54:32	0,9	0,9	0,8	0,9	0,9	0,9
01.08.2025 00:55:32	0,9	0,9	0,9	0,9	0,9	0,9
01.08.2025 00:56:32	0,8	0,8	0,8	0,8	0,8	0,8
01.08.2025 00:57:32	0,8	0,8	0,8	0,8	0,8	0,8
01.08.2025 00:58:32	0,8	0,8	0,8	0,8	0,8	0,8
01.08.2025 00:59:32	0,8	0,8	0,8	0,8	0,8	0,8
01.08.2025 01:00:32	0,8	0,8	0,8	0,8	0,8	0,8
01.08.2025 01:01:32	0,8	0,8	0,8	0,8	0,8	0,8
01.08.2025 01:02:32	0,8	0,8	0,8	0,8	0,8	0,8
01.08.2025 01:03:32	0,8	0,8	0,8	0,8	0,8	0,8
01.08.2025 01:04:32	0,8	0,8	0,8	0,8	0,8	0,8
01.08.2025 01:05:32	0,8	0,8	0,8	0,8	0,8	0,8
01.08.2025 01:06:32	0,9	0,9	0,8	0,9	0,9	0,9
01.08.2025 01:07:32	0,8	0,8	0,8	0,8	0,8	0,8
01.08.2025 01:08:32	0,8	0,8	0,8	0,8	0,8	0,8
01.08.2025 01:09:32	0,9	0,9	0,8	0,9	0,9	0,9
01.08.2025 01:10:32	0,8	0,8	0,8	0,8	0,8	0,8
01.08.2025 01:11:32	0,9	0,9	0,8	0,9	0,9	0,9
01.08.2025 01:12:32	0,8	0,8	0,8	0,8	0,8	0,8
01.08.2025 01:13:32	0,8	0,8	0,8	0,8	0,8	0,8
01.08.2025 01:14:32	0,8	0,8	0,8	0,8	0,8	0,8
01.08.2025 01:15:32	0,8	0,8	0,8	0,8	0,8	0,8
01.08.2025 01:16:32	0,8	0,8	0,7	0,8	0,8	0,8
01.08.2025 01:17:32	0,8	0,8	0,8	0,8	0,8	0,8
01.08.2025 01:18:32	0,8	0,8	0,8	0,8	0,8	0,8
01.08.2025 01:19:32	0,8	0,8	0,8	0,8	0,8	0,8
01.08.2025 01:20:32	1,0	0,9	0,8	1,0	1,0	1,0
01.08.2025 01:21:32	0,8	0,8	0,8	0,8	0,8	0,8
01.08.2025 01:22:32	0,9	0,9	0,8	0,9	0,9	0,9
01.08.2025 01:23:32	0,8	0,8	0,8	0,8	0,8	0,8
01.08.2025 01:24:32	0,9	0,9	0,8	0,9	0,9	0,9
01.08.2025 01:25:32	0,8	0,8	0,7	0,8	0,8	0,8
01.08.2025 01:26:32	0,9	0,9	0,8	0,9	0,9	0,9
01.08.2025 01:27:32	0,8	0,8	0,8	0,8	0,8	0,8
01.08.2025 01:28:32	0,9	0,9	0,8	0,9	0,9	0,9
01.08.2025 01:29:32	0,9	0,9	0,8	0,9	0,9	0,9
01.08.2025 01:30:32	0,7	0,7	0,7	0,7	0,7	0,7
01.08.2025 01:31:32	0,8	0,8	0,8	0,8	0,8	0,8
01.08.2025 01:32:32	0,7	0,7	0,7	0,7	0,7	0,7
01.08.2025 01:33:32	1,0	1,0	0,8	1,0	1,0	1,0
01.08.2025 01:34:32	1,0	0,8	0,8	1,0	1,0	0,9
01.08.2025 01:35:32	0,8	0,8	0,8	0,8	0,8	0,8
01.08.2025 01:36:32	0,7	0,7	0,7	0,7	0,7	0,7
01.08.2025 01:37:32	0,8	0,8	0,7	0,8	0,8	0,8
01.08.2025 01:38:32	0,9	0,9	0,8	0,9	0,9	0,9
01.08.2025 01:39:32	0,8	0,8	0,8	0,8	0,8	0,8
01.08.2025 01:40:32	0,8	0,8	0,8	0,8	0,8	0,8
01.08.2025 01:41:32	0,8	0,8	0,8	0,8	0,8	0,8
01.08.2025 01:42:32	0,8	0,8	0,8	0,8	0,8	0,8
01.08.2025 01:43:32	0,8	0,8	0,7	0,8	0,8	0,8
01.08.2025 01:44:32	0,7	0,7	0,7	0,7	0,7	0,7
01.08.2025 01:45:32	0,9	0,8	0,8	0,9	0,9	0,8
01.08.2025 01:46:32	0,9	0,9	0,8	0,9	0,9	0,9
01.08.2025 01:47:32	0,8	0,8	0,8	0,8	0,8	0,8
01.08.2025 01:48:32	0,8	0,8	0,8	0,8	0,8	0,8
01.08.2025 01:49:32	0,8	0,8	0,7	0,8	0,8	0,8
01.08.2025 01:50:32	0,8	0,8	0,8	0,8	0,8	0,8
01.08.2025 01:51:32	0,8	0,8	0,8	0,8	0,8	0,8
01.08.2025 01:52:32	0,8	0,8	0,8	0,8	0,8	0,8
01.08.2025 01:53:32	0,8	0,8	0,8	0,8	0,8	0,8
01.08.2025 01:54:32	0,8	0,8	0,8	0,8	0,8	0,8
01.08.2025 01:55:32	0,8	0,8	0,8	0,8	0,8	0,8
01.08.2025 01:56:32	0,9	0,8	0,8	0,9	0,9	0,8
01.08.2025 01:57:32	0,8	0,8	0,8	0,8	0,8	0,8
01.08.2025 01:58:32	0,8	0,8	0,7	0,8	0,8	0,8
01.08.2025 01:59:32	0,8	0,8	0,8	0,8	0,8	0,8
01.08.2025 02:00:32	0,7	0,7	0,7	0,7	0,7	0,7
01.08.2025 02:01:32	0,7	0,7	0,7	0,7	0,7	0,7
01.08.2025 02:02:32	0,8	0,8	0,7	0,8	0,8	0,8
01.08.2025 02:03:32	0,7	0,7	0,7	0,7	0,7	0,7
01.08.2025 02:04:32	0,8	0,8	0,8	0,8	0,8	0,8
01.08.2025 02:05:32	0,9	0,8	0,8	0,9	0,9	0,8
01.08.2025 02:06:32	0,8	0,8	0,8	0,8	0,8	0,8
01.08.2025 02:07:32	0,7	0,7	0,7	0,7	0,7	0,7
01.08.2025 02:08:32	0,7	0,7	0,7	0,7	0,7	0,7
01.08.2025 02:09:32	0,8	0,8	0,8	0,8	0,8	0,8
01.08.2025 02:10:32	0,8	0,8	0,7	0,8	0,8	0,8
01.08.2025 02:11:32	0,7	0,7	0,7	0,7	0,7	0,7
01.08.2025 02:12:32	0,7	0,7	0,7	0,7	0,7	0,7
01.08.2025 02:13:32	0,7	0,7	0,7	0,7	0,7	0,7
01.08.2025 02:14:32	0,8	0,8	0,7	0,8	0,8	0,8
01.08.2025 02:15:32	0,8	0,8	0,8	0,8	0,8	0,8
01.08.2025 02:16:32	0,7	0,7	0,7	0,7	0,7	0,7
01.08.2025 02:17:32	0,7	0,7	0,7	0,7	0,7	0,7
01.08.2025 02:18:32	0,8	0,8	0,7	0,8	0,8	0,8
01.08.2025 02:19:32	0,8	0,8	0,7	0,8	0,8	0,8
01.08.2025 02:20:32	0,7	0,7	0,7	0,7	0,7	0,7
01.08.2025 02:21:32	0,7	0,7	0,7	0,7	0,7	0,7
01.08.2025 02:22:32	0,8	0,8	0,7	0,8	0,8	0,8
01.08.2025 02:23:32	0,7	0,7	0,7	0,7	0,7	0,7
01.08.2025 02:24:32	0,7	0,7	0,7	0,7	0,7	0,7
01.08.2025 02:25:32	0,8	0,8	0,7	0,8	0,8	0,8
01.08.2025 02:26:32	0,7	0,7	0,7	0,7	0,7	0,7
01.08.2025 02:27:32	0,7	0,7	0,7	0,7	0,7	0,7
01.08.2025 02:28:32	0,7	0,7	0,7	0,7	0,7	0,7
01.08.2025 02:29:32	0,7	0,7	0,7	0,7	0,7	0,7
01.08.2025 02:30:32	0,7	0,7	0,7	0,7	0,7	0,7
01.08.2025 02:31:32	0,7	0,7	0,7	0,7	0,7	0,7
01.08.2025 02:32:32	0,7	0,7	0,7	0,7	0,7	0,7
01.08.2025 02:33:32	0,8	0,8	0,7	0,8	0,8	0,8
01.08.2025 02:34:32	0,8	0,8	0,7	0,8	0,8	0,8
01.08.2025 02:35:32	0,8	0,8	0,7	0,8	0,8	0,8
01.08.2025 02:36:32	0,7	0,7	0,7	0,7	0,7	0,7
01.08.2025 02:37:32	0,8	0,8	0,8	0,8	0,8	0,8
01.08.2025 02:38:32	0,8	0,8	0,7	0,8	0,8	0,8
01.08.2025 02:39:32	1,0	0,9	0,7	1,0	1,0	0,9
01.08.2025 02:40:32	0,8	0,8	0,7	0,8	0,8	0,8
01.08.2025 02:41:32	0,7	0,7	0,7	0,7	0,7	0,7
01.08.2025 02:42:32	0,7	0,7	0,7	0,7	0,7	0,7
01.08.2025 02:43:32	0,7	0,7	0,7	0,7	0,7	0,7
01.08.2025 02:44:32	0,7	0,7	0,7	0,7	0,7	0,7
01.08.2025 02:45:32	0,7	0,7	0,7	0,7	0,7	0,7
01.08.2025 02:46:32	0,7	0,7	0,7	0,7	0,7	0,7
01.08.2025 02:47:32	0,8	0,8	0,7	0,8	0,8	0,8
01.08.2025 02:48:32	0,7	0,7	0,7	0,7	0,7	0,7
01.08.2025 02:49:32	0,7	0,7	0,7	0,7	0,7	0,7
01.08.2025 02:50:32	0,8	0,8	0,7	0,8	0,8	0,8
01.08.2025 02:51:32	0,7	0,7	0,7	0,7	0,7	0,7
01.08.2025 02:52:32	0,7	0,7	0,7	0,7	0,7	0,7
01.08.2025 02:53:32	0,7	0,7	0,7	0,7	0,7	0,7
01.08.2025 02:54:32	0,7	0,7	0,7	0,7	0,7	0,7
01.08.2025 02:55:32	0,8	0,7	0,7	0,8	0,8	0,8
01.08.2025 02:56:32	0,7	0,7	0,7	0,7	0,7	0,7
01.08.2025 02:57:32	0,7	0,7	0,7	0,7	0,7	0,7
01.08.2025 02:58:32	0,7	0,7	0,7	0,7	0,7	0,7
01.08.2025 02:59:32	0,7	0,7	0,7	0,7	0,7	0,7
01.08.2025 03:00:32	0,7	0,7	0,7	0,7	0,7	0,7
01.08.2025 03:01:32	0,7	0,7	0,7	0,7	0,7	0,7
01.08.2025 03:02:32	0,7	0,7	0,7	0,7	0,7	0,7
01.08.2025 03:03:32	0,7	0,7	0,7	0,7	0,7	0,7
01.08.2025 03:04:32	0,7	0,7	0,7	0,7	0,7	0,7
01.08.2025 03:05:32	0,7	0,7	0,7	0,7	0,7	0,7
01.08.2025 03:06:32	0,7	0,7	0,7	0,7	0,7	0,7
01.08.2025 03:07:32	0,7	0,7	0,7	0,7	0,7	0,7
01.08.2025 03:08:32	0,7	0,7	0,7	0,7	0,7	0,7
01.08.2025 03:09:32	0,7	0,7	0,7	0,7	0,7	0,7
01.08.2025 03:10:32	0,7	0,7	0,7	0,7	0,7	0,7
01.08.2025 03:11:32	0,7	0,7	0,7	0,7	0,7	0,7
01.08.2025 03:12:32	0,7	0,7	0,7	0,7	0,7	0,7
01.08.2025 03:13:32	0,7	0,7	0,7	0,7	0,7	0,7
01.08.2025 03:14:32	0,7	0,7	0,7	0,7	0,7	0,7
01.08.2025 03:15:32	0,7	0,7	0,7	0,7	0,7	0,7
01.08.2025 03:16:32	0,7	0,7	0,7	0,7	0,7	0,7
01.08.2025 03:17:32	0,7	0,7	0,7	0,7	0,7	0,7
01.08.2025 03:18:32	0,7	0,7	0,7	0,7	0,7	0,7
01.08.2025 03:19:32	0,7	0,7	0,7	0,7	0,7	0,7
01.08.2025 03:20:32	0,8	0,8	0,7	0,8	0,8	0,8
01.08.2025 03:21:32	0,8	0,8	0,7	0,8	0,8	0,8
01.08.2025 03:22:32	0,7	0,7	0,7	0,7	0,7	0,7
01.08.2025 03:23:32	0,7	0,7	0,7	0,7	0,7	0,7
01.08.2025 03:24:32	0,7	0,7	0,7	0,7	0,7	0,7
01.08.2025 03:25:32	0,7	0,7	0,7	0,7	0,7	0,7
01.08.2025 03:26:32	0,7	0,7	0,7	0,7	0,7	0,7
01.08.2025 03:27:32	0,7	0,7	0,7	0,7	0,7	0,7
01.08.2025 03:28:32	0,7	0,7	0,7	0,7	0,7	0,7
01.08.2025 03:29:32	0,7	0,7	0,7	0,7	0,7	0,7
01.08.2025 03:30:32	0,7	0,7	0,7	0,7	0,7	0,7
01.08.2025 03:31:32	0,8	0,8	0,7	0,8	0,8	0,8
01.08.2025 03:32:32	0,7	0,7	0,7	0,7	0,7	0,7
01.08.2025 03:33:32	0,6	0,6	0,6	0,6	0,6	0,6
01.08.2025 03:34:32	0,7	0,7	0,6	0,7	0,7	0,7
01.08.2025 03:35:32	0,7	0,7	0,6	0,7	0,7	0,7
01.08.2025 03:36:32	0,7	0,7	0,7	0,7	0,7	0,7
01.08.2025 03:37:32	0,7	0,7	0,7	0,7	0,7	0,7
01.08.2025 03:38:32	0,7	0,7	0,7	0,7	0,7	0,7
01.08.2025 03:39:32	0,7	0,7	0,7	0,7	0,7	0,7
01.08.2025 03:40:32	0,6	0,6	0,6	0,6	0,6	0,6
01.08.2025 03:41:32	0,7	0,7	0,7	0,7	0,7	0,7
01.08.2025 03:42:32	0,6	0,6	0,6	0,6	0,6	0,6
01.08.2025 03:43:32	0,7	0,7	0,7	0,7	0,7	0,7
01.08.2025 03:44:32	0,6	0,6	0,6	0,6	0,6	0,6
01.08.2025 03:45:32	0,7	0,7	0,7	0,7	0,7	0,7
01.08.2025 03:46:32	0,7	0,7	0,7	0,7	0,7	0,7
01.08.2025 03:47:32	0,7	0,7	0,7	0,7	0,7	0,7
01.08.2025 03:48:32	0,8	0,8	0,7	0,8	0,8	0,8
01.08.2025 03:49:32	0,6	0,6	0,6	0,6	0,6	0,6
01.08.2025 03:50:32	0,7	0,7	0,7	0,7	0,7	0,7
01.08.2025 03:51:32	0,6	0,6	0,6	0,6	0,6	0,6
01.08.2025 03:52:32	0,7	0,7	0,7	0,7	0,7	0,7
01.08.2025 03:53:32	0,7	0,7	0,6	0,7	0,7	0,7
01.08.2025 03:54:32	0,7	0,7	0,7	0,7	0,7	0,7
01.08.2025 03:55:32	0,7	0,7	0,7	0,7	0,7	0,7
01.08.2025 03:56:32	0,7	0,7	0,7	0,7	0,7	0,7
01.08.2025 03:57:32	0,7	0,7	0,7	0,7	0,7	0,7
01.08.2025 03:58:32	0,6	0,6	0,6	0,6	0,6	0,6
01.08.2025 03:59:32	0,6	0,6	0,6	0,6	0,6	0,6
01.08.2025 04:00:32	0,6	0,6	0,6	0,6	0,6	0,6
01.08.2025 04:01:32	0,6	0,6	0,6	0,6	0,6	0,6
01.08.2025 04:02:32	0,6	0,6	0,6	0,6	0,6	0,6
01.08.2025 04:03:32	0,7	0,7	0,6	0,7	0,7	0,7
01.08.2025 04:04:32	0,7	0,7	0,6	0,7	0,7	0,7
01.08.2025 04:05:32	0,6	0,6	0,6	0,6	0,6	0,6
01.08.2025 04:06:32	0,7	0,7	0,7	0,7	0,7	0,7
01.08.2025 04:07:32	0,6	0,6	0,6	0,6	0,6	0,6
01.08.2025 04:08:32	0,6	0,6	0,6	0,6	0,6	0,6
01.08.2025 04:09:32	0,6	0,6	0,6	0,6	0,6	0,6
01.08.2025 04:10:32	0,7	0,7	0,6	0,7	0,7	0,7
01.08.2025 04:11:32	0,7	0,7	0,7	0,7	0,7	0,7
01.08.2025 04:12:32	0,7	0,7	0,6	0,7	0,7	0,6
01.08.2025 04:13:32	0,7	0,7	0,7	0,7	0,7	0,7
01.08.2025 04:14:32	0,6	0,6	0,6	0,6	0,6	0,6
01.08.2025 04:15:32	0,7	0,7	0,6	0,7	0,7	0,7
01.08.2025 04:16:32	0,6	0,6	0,6	0,6	0,6	0,6
01.08.2025 04:17:32	0,6	0,6	0,6	0,6	0,6	0,6
01.08.2025 04:18:32	0,6	0,6	0,6	0,6	0,6	0,6
01.08.2025 04:19:32	0,6	0,6	0,6	0,6	0,6	0,6
01.08.2025 04:20:32	0,7	0,7	0,6	0,7	0,7	0,7
01.08.2025 04:21:32	0,6	0,6	0,6	0,6	0,6	0,6
01.08.2025 04:22:32	0,7	0,7	0,6	0,7	0,7	0,7
01.08.2025 04:23:32	0,6	0,6	0,6	0,6	0,6	0,6
01.08.2025 04:24:32	0,7	0,7	0,6	0,7	0,7	0,7
01.08.2025 04:25:32	0,6	0,6	0,6	0,6	0,6	0,6
01.08.2025 04:26:32	0,6	0,6	0,6	0,6	0,6	0,6
01.08.2025 04:27:32	0,6	0,6	0,6	0,6	0,6	0,6
01.08.2025 04:28:32	0,6	0,6	0,6	0,6	0,6	0,6
01.08.2025 04:29:32	0,6	0,6	0,6	0,6	0,6	0,6
01.08.2025 04:30:32	0,6	0,6	0,6	0,6	0,6	0,6
01.08.2025 04:31:32	0,7	0,7	0,6	0,7	0,7	0,7
01.08.2025 04:32:32	0,6	0,6	0,6	0,6	0,6	0,6
01.08.2025 04:33:32	0,6	0,6	0,6	0,6	0,6	0,6
01.08.2025 04:34:32	0,7	0,7	0,6	0,7	0,7	0,7
01.08.2025 04:35:32	0,6	0,6	0,6	0,6	0,6	0,6
01.08.2025 04:36:32	0,6	0,6	0,6	0,6	0,6	0,6
01.08.2025 04:37:32	0,6	0,6	0,6	0,6	0,6	0,6
01.08.2025 04:38:32	0,6	0,6	0,6	0,6	0,6	0,6
01.08.2025 04:39:32	0,6	0,6	0,6	0,6	0,6	0,6
01.08.2025 04:40:32	0,6	0,6	0,6	0,6	0,6	0,6
01.08.2025 04:41:32	0,6	0,6	0,6	0,6	0,6	0,6
01.08.2025 04:42:32	0,7	0,7	0,6	0,7	0,7	0,7
01.08.2025 04:43:32	0,6	0,6	0,6	0,6	0,6	0,6
01.08.2025 04:44:32	0,6	0,6	0,6	0,6	0,6	0,6
01.08.2025 04:45:32	0,7	0,7	0,6	0,7	0,7	0,7
01.08.2025 04:46:32	0,7	0,7	0,6	0,7	0,7	0,7
01.08.2025 04:47:32	0,6	0,6	0,6	0,6	0,6	0,6
01.08.2025 04:48:32	0,7	0,7	0,6	0,7	0,7	0,7
01.08.2025 04:49:32	0,6	0,6	0,6	0,6	0,6	0,6
01.08.2025 04:50:32	0,6	0,6	0,6	0,6	0,6	0,6
01.08.2025 04:51:32	0,6	0,6	0,6	0,6	0,6	0,6
01.08.2025 04:52:32	0,6	0,6	0,6	0,6	0,6	0,6
01.08.2025 04:53:32	0,6	0,6	0,6	0,6	0,6	0,6
01.08.2025 04:54:32	0,6	0,6	0,6	0,6	0,6	0,6
01.08.2025 04:55:32	0,6	0,6	0,6	0,6	0,6	0,6
01.08.2025 04:56:32	0,6	0,6	0,6	0,6	0,6	0,6
01.08.2025 04:57:32	0,6	0,6	0,6	0,6	0,6	0,6
01.08.2025 04:58:32	0,6	0,6	0,6	0,6	0,6	0,6
01.08.2025 04:59:32	0,6	0,6	0,6	0,6	0,6	0,6
01.08.2025 05:00:32	0,6	0,6	0,6	0,6	0,6	0,6
01.08.2025 05:01:32	0,6	0,6	0,6	0,6	0,6	0,6
01.08.2025 05:02:32	0,6	0,6	0,6	0,6	0,6	0,6
01.08.2025 05:03:32	0,6	0,6	0,6	0,6	0,6	0,6
01.08.2025 05:04:32	0,6	0,6	0,6	0,6	0,6	0,6
01.08.2025 05:05:32	0,7	0,6	0,6	0,7	0,7	0,6
01.08.2025 05:06:32	0,6	0,6	0,6	0,6	0,6	0,6
01.08.2025 05:07:32	0,6	0,6	0,6	0,6	0,6	0,6
01.08.2025 05:08:32	0,6	0,6	0,6	0,6	0,6	0,6
01.08.2025 05:09:32	0,6	0,6	0,6	0,6	0,6	0,6
01.08.2025 05:10:32	0,7	0,7	0,6	0,7	0,7	0,7
01.08.2025 05:11:32	0,6	0,6	0,6	0,6	0,6	0,6
01.08.2025 05:12:32	0,6	0,6	0,6	0,6	0,6	0,6
01.08.2025 05:13:32	0,6	0,6	0,6	0,6	0,6	0,6
01.08.2025 05:14:32	0,6	0,6	0,6	0,6	0,6	0,6
01.08.2025 05:15:32	0,6	0,6	0,6	0,6	0,6	0,6
01.08.2025 05:16:32	0,6	0,6	0,6	0,6	0,6	0,6
01.08.2025 05:17:32	0,6	0,6	0,6	0,6	0,6	0,6
01.08.2025 05:18:32	0,6	0,6	0,6	0,6	0,6	0,6
01.08.2025 05:19:32	0,6	0,6	0,6	0,6	0,6	0,6
01.08.2025 05:20:32	0,6	0,6	0,6	0,6	0,6	0,6
01.08.2025 05:21:32	0,6	0,6	0,6	0,6	0,6	0,6
01.08.2025 05:22:32	0,6	0,6	0,6	0,6	0,6	0,6
01.08.2025 05:23:32	0,6	0,6	0,6	0,6	0,6	0,6
01.08.2025 05:24:32	0,6	0,6	0,6	0,6	0,6	0,6
01.08.2025 05:25:32	0,6	0,6	0,6	0,6	0,6	0,6
01.08.2025 05:26:32	0,6	0,6	0,6	0,6	0,6	0,6
01.08.2025 05:27:32	0,6	0,6	0,6	0,6	0,6	0,6
01.08.2025 05:28:32	0,5	0,5	0,5	0,5	0,5	0,5
01.08.2025 05:29:32	0,6	0,6	0,6	0,6	0,6	0,6
01.08.2025 05:30:32	0,6	0,6	0,6	0,6	0,6	0,6
01.08.2025 05:31:32	0,6	0,6	0,6	0,6	0,6	0,6
01.08.2025 05:32:32	0,6	0,6	0,6	0,6	0,6	0,6
01.08.2025 05:33:32	0,6	0,6	0,6	0,6	0,6	0,6
01.08.2025 05:34:32	0,6	0,6	0,6	0,6	0,6	0,6
01.08.2025 05:35:32	0,7	0,7	0,6	0,7	0,7	0,7
01.08.2025 05:36:32	0,6	0,6	0,6	0,6	0,6	0,6
01.08.2025 05:37:32	0,6	0,6	0,6	0,6	0,6	0,6
01.08.2025 05:38:32	0,7	0,7	0,6	0,7	0,7	0,7
01.08.2025 05:39:32	0,5	0,5	0,5	0,5	0,5	0,5
01.08.2025 05:40:32	0,6	0,6	0,6	0,6	0,6	0,6
01.08.2025 05:41:32	0,6	0,6	0,6	0,6	0,6	0,6
01.08.2025 05:42:32	0,6	0,6	0,6	0,6	0,6	0,6
01.08.2025 05:43:32	0,6	0,6	0,6	0,6	0,6	0,6
01.08.2025 05:44:32	0,5	0,5	0,5	0,5	0,5	0,5
01.08.2025 05:45:32	0,6	0,6	0,6	0,6	0,6	0,6
01.08.2025 05:46:32	0,6	0,6	0,6	0,6	0,6	0,6
01.08.2025 05:47:32	0,6	0,6	0,5	0,6	0,6	0,6
01.08.2025 05:48:32	0,6	0,6	0,6	0,6	0,6	0,6
01.08.2025 05:49:32	0,6	0,6	0,6	0,6	0,6	0,6
01.08.2025 05:50:32	0,6	0,6	0,6	0,6	0,6	0,6
01.08.2025 05:51:32	0,6	0,6	0,6	0,6	0,6	0,6
01.08.2025 05:52:32	0,6	0,6	0,6	0,6	0,6	0,6
01.08.2025 05:53:32	0,6	0,6	0,6	0,6	0,6	0,6
01.08.2025 05:54:32	0,6	0,6	0,5	0,6	0,6	0,6
01.08.2025 05:55:32	0,6	0,6	0,6	0,6	0,6	0,6
01.08.2025 05:56:32	0,5	0,5	0,5	0,5	0,5	0,5
01.08.2025 05:57:32	0,5	0,5	0,5	0,5	0,5	0,5
01.08.2025 05:58:32	0,6	0,6	0,6	0,6	0,6	0,6
01.08.2025 05:59:32	0,6	0,6	0,6	0,6	0,6	0,6
01.08.2025 06:00:32	0,5	0,5	0,5	0,5	0,5	0,5
01.08.2025 06:01:32	0,6	0,6	0,6	0,6	0,6	0,6
01.08.2025 06:02:32	0,6	0,6	0,6	0,6	0,6	0,6
01.08.2025 06:03:32	0,5	0,5	0,5	0,5	0,5	0,5
01.08.2025 06:04:32	0,6	0,6	0,6	0,6	0,6	0,6
01.08.2025 06:05:32	0,5	0,5	0,5	0,5	0,5	0,5
01.08.2025 06:06:32	0,6	0,6	0,6	0,6	0,6	0,6
01.08.2025 06:07:32	0,6	0,6	0,6	0,6	0,6	0,6
01.08.2025 06:08:32	0,6	0,6	0,6	0,6	0,6	0,6
01.08.2025 06:09:32	0,6	0,6	0,6	0,6	0,6	0,6
01.08.2025 06:10:32	0,6	0,6	0,6	0,6	0,6	0,6
01.08.2025 06:11:32	0,6	0,6	0,6	0,6	0,6	0,6
01.08.2025 06:12:32	0,5	0,5	0,5	0,5	0,5	0,5
01.08.2025 06:13:32	0,5	0,5	0,5	0,5	0,5	0,5
01.08.2025 06:14:32	0,5	0,5	0,5	0,5	0,5	0,5
01.08.2025 06:15:32	0,6	0,6	0,6	0,6	0,6	0,6
01.08.2025 06:16:32	0,6	0,6	0,6	0,6	0,6	0,6
01.08.2025 06:17:32	0,6	0,6	0,6	0,6	0,6	0,6
01.08.2025 06:18:32	0,5	0,5	0,5	0,5	0,5	0,5
01.08.2025 06:19:32	0,6	0,6	0,6	0,6	0,6	0,6
01.08.2025 06:20:32	0,6	0,6	0,6	0,6	0,6	0,6
01.08.2025 06:21:32	0,6	0,6	0,6	0,6	0,6	0,6
01.08.2025 06:22:32	0,5	0,5	0,5	0,5	0,5	0,5
01.08.2025 06:23:32	0,6	0,6	0,6	0,6	0,6	0,6
01.08.2025 06:24:32	0,6	0,6	0,5	0,6	0,6	0,6
01.08.2025 06:25:32	0,5	0,5	0,5	0,5	0,5	0,5
01.08.2025 06:26:32	0,6	0,6	0,6	0,6	0,6	0,6
01.08.2025 06:27:32	0,6	0,6	0,6	0,6	0,6	0,6
01.08.2025 06:28:32	0,6	0,6	0,6	0,6	0,6	0,6
01.08.2025 06:29:32	0,6	0,6	0,6	0,6	0,6	0,6
01.08.2025 06:30:32	0,5	0,5	0,5	0,5	0,5	0,5
01.08.2025 06:31:32	0,6	0,6	0,6	0,6	0,6	0,6
01.08.2025 06:32:32	0,5	0,5	0,5	0,5	0,5	0,5
01.08.2025 06:33:32	0,6	0,6	0,5	0,6	0,6	0,6
01.08.2025 06:34:32	0,6	0,6	0,6	0,6	0,6	0,6
01.08.2025 06:35:32	0,5	0,5	0,5	0,5	0,5	0,5
01.08.2025 06:36:32	0,5	0,5	0,5	0,5	0,5	0,5
01.08.2025 06:37:32	0,5	0,5	0,5	0,5	0,5	0,5
01.08.2025 06:38:32	0,5	0,5	0,5	0,5	0,5	0,5
01.08.2025 06:39:32	0,5	0,5	0,5	0,5	0,5	0,5
01.08.2025 06:40:32	0,5	0,5	0,5	0,5	0,5	0,5
01.08.2025 06:41:32	0,5	0,5	0,5	0,5	0,5	0,5
01.08.2025 06:42:32	0,6	0,6	0,5	0,6	0,6	0,6
01.08.2025 06:43:32	0,6	0,6	0,6	0,6	0,6	0,6
01.08.2025 06:44:32	0,5	0,5	0,5	0,5	0,5	0,5
01.08.2025 06:45:32	0,6	0,6	0,5	0,6	0,6	0,6
01.08.2025 06:46:32	0,5	0,5	0,5	0,5	0,5	0,5
01.08.2025 06:47:32	0,6	0,6	0,6	0,6	0,6	0,6
01.08.2025 06:48:32	0,5	0,5	0,5	0,5	0,5	0,5
01.08.2025 06:49:32	0,5	0,5	0,5	0,5	0,5	0,5
01.08.2025 06:50:32	0,5	0,5	0,5	0,5	0,5	0,5
01.08.2025 06:51:32	0,5	0,5	0,5	0,5	0,5	0,5
01.08.2025 06:52:32	0,5	0,5	0,5	0,5	0,5	0,5
01.08.2025 06:53:32	0,6	0,6	0,5	0,6	0,6	0,6
01.08.2025 06:54:32	0,5	0,5	0,5	0,5	0,5	0,5
01.08.2025 06:55:32	0,6	0,6	0,6	0,6	0,6	0,6
01.08.2025 06:56:32	0,5	0,5	0,5	0,5	0,5	0,5
01.08.2025 06:57:32	0,5	0,5	0,5	0,5	0,5	0,5
01.08.2025 06:58:32	0,5	0,5	0,5	0,5	0,5	0,5
01.08.2025 06:59:32	0,5	0,5	0,5	0,5	0,5	0,5
01.08.2025 07:00:32	0,5	0,5	0,5	0,5	0,5	0,5
01.08.2025 07:01:32	0,5	0,5	0,5	0,5	0,5	0,5
01.08.2025 07:02:32	0,5	0,5	0,5	0,5	0,5	0,5
01.08.2025 07:03:32	0,5	0,5	0,5	0,5	0,5	0,5
01.08.2025 07:04:32	0,5	0,5	0,5	0,5	0,5	0,5
01.08.2025 07:05:32	0,6	0,6	0,5	0,6	0,6	0,6
01.08.2025 07:06:32	0,6	0,6	0,5	0,6	0,6	0,6
01.08.2025 07:07:32	0,5	0,5	0,5	0,5	0,5	0,5
01.08.2025 07:08:32	0,5	0,5	0,5	0,5	0,5	0,5
01.08.2025 07:09:32	0,5	0,5	0,5	0,5	0,5	0,5
01.08.2025 07:10:32	0,5	0,5	0,5	0,5	0,5	0,5
01.08.2025 07:11:32	0,5	0,5	0,5	0,5	0,5	0,5
01.08.2025 07:12:32	0,6	0,6	0,6	0,6	0,6	0,6
01.08.2025 07:13:32	0,6	0,6	0,5	0,6	0,6	0,6
01.08.2025 07:14:32	0,5	0,5	0,5	0,5	0,5	0,5
01.08.2025 07:15:32	0,5	0,5	0,5	0,5	0,5	0,5
01.08.2025 07:16:32	0,5	0,5	0,5	0,5	0,5	0,5
01.08.2025 07:17:32	0,6	0,6	0,6	0,6	0,6	0,6
01.08.2025 07:18:32	0,6	0,6	0,6	0,6	0,6	0,6
01.08.2025 07:19:32	0,6	0,6	0,6	0,6	0,6	0,6
01.08.2025 07:20:32	0,6	0,6	0,6	0,6	0,6	0,6
01.08.2025 07:21:32	0,5	0,5	0,5	0,5	0,5	0,5
01.08.2025 07:22:32	0,5	0,5	0,5	0,5	0,5	0,5
01.08.2025 07:23:32	0,5	0,5	0,5	0,5	0,5	0,5
01.08.2025 07:24:32	0,6	0,6	0,6	0,6	0,6	0,6
01.08.2025 07:25:32	0,6	0,6	0,6	0,6	0,6	0,6
01.08.2025 07:26:32	0,6	0,6	0,6	0,6	0,6	0,6
01.08.2025 07:27:32	0,5	0,5	0,5	0,5	0,5	0,5
01.08.2025 07:28:32	0,6	0,6	0,6	0,6	0,6	0,6
01.08.2025 07:29:32	0,5	0,5	0,5	0,5	0,5	0,5
01.08.2025 07:30:32	0,5	0,5	0,5	0,5	0,5	0,5
01.08.2025 07:31:32	0,6	0,6	0,6	0,6	0,6	0,6
01.08.2025 07:32:32	0,6	0,6	0,6	0,6	0,6	0,6
01.08.2025 07:33:32	0,5	0,5	0,5	0,5	0,5	0,5
01.08.2025 07:34:32	0,5	0,5	0,5	0,5	0,5	0,5
01.08.2025 07:35:32	0,5	0,5	0,5	0,5	0,5	0,5
01.08.2025 07:36:32	0,5	0,5	0,5	0,5	0,5	0,5
01.08.2025 07:37:32	0,5	0,5	0,5	0,5	0,5	0,5
01.08.2025 07:38:32	0,6	0,6	0,6	0,6	0,6	0,6
01.08.2025 07:39:32	0,5	0,5	0,5	0,5	0,5	0,5
01.08.2025 07:40:32	0,6	0,6	0,5	0,6	0,6	0,6
01.08.2025 07:41:32	0,5	0,5	0,5	0,5	0,5	0,5
01.08.2025 07:42:32	0,5	0,5	0,5	0,5	0,5	0,5
01.08.2025 07:43:32	0,5	0,5	0,5	0,5	0,5	0,5
01.08.2025 07:44:32	0,6	0,6	0,5	0,6	0,6	0,6
01.08.2025 07:45:32	0,6	0,6	0,5	0,6	0,6	0,6
01.08.2025 07:46:32	0,5	0,5	0,5	0,5	0,5	0,5
01.08.2025 07:47:32	0,5	0,5	0,5	0,5	0,5	0,5
01.08.2025 07:48:32	0,6	0,6	0,5	0,6	0,6	0,6
01.08.2025 07:49:32	0,5	0,5	0,5	0,5	0,5	0,5
01.08.2025 07:50:32	0,5	0,5	0,5	0,5	0,5	0,5
01.08.2025 07:51:32	0,6	0,6	0,6	0,6	0,6	0,6
01.08.2025 07:52:32	0,5	0,5	0,5	0,5	0,5	0,5
01.08.2025 07:53:32	0,5	0,5	0,5	0,5	0,5	0,5
01.08.2025 07:54:32	0,6	0,6	0,6	0,6	0,6	0,6
01.08.2025 07:55:32	0,6	0,6	0,6	0,6	0,6	0,6
01.08.2025 07:56:32	0,6	0,6	0,6	0,6	0,6	0,6
01.08.2025 07:57:32	0,5	0,5	0,5	0,5	0,5	0,5
01.08.2025 07:58:32	0,6	0,6	0,5	0,6	0,6	0,6
01.08.2025 07:59:32	0,6	0,6	0,6	0,6	0,6	0,6
01.08.2025 08:00:32	0,6	0,6	0,6	0,6	0,6	0,6
01.08.2025 08:01:32	0,6	0,6	0,6	0,6	0,6	0,6
01.08.2025 08:02:32	0,6	0,6	0,5	0,6	0,6	0,6
01.08.2025 08:03:32	0,6	0,6	0,5	0,6	0,6	0,6
01.08.2025 08:04:32	0,6	0,6	0,6	0,6	0,6	0,6
01.08.2025 08:05:32	0,5	0,5	0,5	0,5	0,5	0,5
01.08.2025 08:06:32	0,5	0,5	0,5	0,5	0,5	0,5
01.08.2025 08:07:32	0,6	0,6	0,6	0,6	0,6	0,6
01.08.2025 08:08:32	0,5	0,5	0,5	0,5	0,5	0,5
01.08.2025 08:09:32	0,5	0,5	0,5	0,5	0,5	0,5
01.08.2025 08:10:32	0,6	0,6	0,6	0,6	0,6	0,6
01.08.2025 08:11:32	0,5	0,5	0,5	0,5	0,5	0,5
01.08.2025 08:12:32	0,5	0,5	0,5	0,5	0,5	0,5
01.08.2025 08:13:32	0,6	0,6	0,6	0,6	0,6	0,6
01.08.2025 08:14:32	0,5	0,5	0,5	0,5	0,5	0,5
01.08.2025 08:15:32	0,6	0,6	0,6	0,6	0,6	0,6
01.08.2025 08:16:32	0,5	0,5	0,5	0,5	0,5	0,5
01.08.2025 08:17:32	0,5	0,5	0,5	0,5	0,5	0,5
01.08.2025 08:18:32	0,6	0,6	0,6	0,6	0,6	0,6
01.08.2025 08:19:32	0,6	0,6	0,6	0,6	0,6	0,6
01.08.2025 08:20:32	0,6	0,6	0,6	0,6	0,6	0,6
01.08.2025 08:21:32	0,6	0,6	0,6	0,6	0,6	0,6
01.08.2025 08:22:32	0,6	0,6	0,5	0,6	0,6	0,6
01.08.2025 08:23:32	0,6	0,6	0,6	0,6	0,6	0,6
01.08.2025 08:24:32	0,5	0,5	0,5	0,5	0,5	0,5
01.08.2025 08:25:32	0,6	0,6	0,6	0,6	0,6	0,6
01.08.2025 08:26:32	0,6	0,6	0,5	0,6	0,6	0,6
01.08.2025 08:27:32	0,6	0,6	0,5	0,6	0,6	0,6
01.08.2025 08:28:32	0,6	0,6	0,6	0,6	0,6	0,6
01.08.2025 08:29:32	0,5	0,5	0,5	0,5	0,5	0,5
01.08.2025 08:30:32	0,6	0,6	0,6	0,6	0,6	0,6
01.08.2025 08:31:32	0,6	0,6	0,6	0,6	0,6	0,6
01.08.2025 08:32:32	0,6	0,6	0,6	0,6	0,6	0,6
01.08.2025 08:33:32	0,6	0,6	0,6	0,6	0,6	0,6
01.08.2025 08:34:32	0,5	0,5	0,5	0,5	0,5	0,5
01.08.2025 08:35:32	0,5	0,5	0,5	0,5	0,5	0,5
01.08.2025 08:36:32	0,5	0,5	0,5	0,5	0,5	0,5
01.08.2025 08:37:32	0,5	0,5	0,5	0,5	0,5	0,5
01.08.2025 08:38:32	0,5	0,5	0,5	0,5	0,5	0,5
01.08.2025 08:39:32	0,6	0,6	0,6	0,6	0,6	0,6
01.08.2025 08:40:32	0,5	0,5	0,5	0,5	0,5	0,5
01.08.2025 08:41:32	0,5	0,5	0,5	0,5	0,5	0,5
01.08.2025 08:42:32	0,6	0,6	0,6	0,6	0,6	0,6
01.08.2025 08:43:32	0,6	0,6	0,6	0,6	0,6	0,6
01.08.2025 08:44:32	0,6	0,6	0,5	0,6	0,6	0,6
01.08.2025 08:45:32	0,5	0,5	0,5	0,5	0,5	0,5
01.08.2025 08:46:32	0,6	0,6	0,5	0,6	0,6	0,6
01.08.2025 08:47:32	0,5	0,5	0,5	0,5	0,5	0,5
01.08.2025 08:48:32	0,5	0,5	0,5	0,5	0,5	0,5
01.08.2025 08:49:32	0,6	0,6	0,5	0,6	0,6	0,6
01.08.2025 08:50:32	0,6	0,6	0,6	0,6	0,6	0,6
01.08.2025 08:51:32	0,5	0,5	0,5	0,5	0,5	0,5
01.08.2025 08:52:32	0,6	0,6	0,6	0,6	0,6	0,6
01.08.2025 08:53:32	0,5	0,5	0,5	0,5	0,5	0,5
01.08.2025 08:54:32	0,6	0,6	0,5	0,6	0,6	0,6
01.08.2025 08:55:32	0,5	0,5	0,5	0,5	0,5	0,5
01.08.2025 08:56:32	0,5	0,5	0,5	0,5	0,5	0,5
01.08.2025 08:57:32	0,6	0,6	0,5	0,6	0,6	0,6
01.08.2025 08:58:32	0,5	0,5	0,5	0,5	0,5	0,5
01.08.2025 08:59:32	0,5	0,5	0,5	0,5	0,5	0,5
01.08.2025 09:00:32	0,6	0,6	0,6	0,6	0,6	0,6
01.08.2025 09:01:32	0,5	0,5	0,5	0,5	0,5	0,5
01.08.2025 09:02:32	0,5	0,5	0,5	0,5	0,5	0,5
01.08.2025 09:03:32	0,5	0,5	0,5	0,5	0,5	0,5
01.08.2025 09:04:32	2,0	1,0	0,7	2,5	1,9	1,1
